0.11135097647812359 
0.1123985373278216 
0.11281810548432575 
0.11297516939214201 
0.11344603839201864 
0.11413047387909644 
0.11489826075610672 
0.1154003695528867 
0.11538872427501622 
0.11629573141370522 
0.11600467059949772 
0.1164649812055759 
0.11700067630938908 
0.11728234147645168 
0.1177402252932736 
0.11868185444473732 
0.11983446631436859 
0.12027529286617909 
0.12107668215992183 
0.12258105064203026 
0.12298652478761851 
0.12444113678216966 
0.1254679971177421 
0.1256799418768359 
0.12584810795836499 
0.12674762154421668 
0.12784849321711217 
0.12872223369635488 
0.1302890208947493 
0.13078686534977302 
0.1319319593031685 
0.13267047405278998 
0.1333527522630419 
0.1341336334537239 
0.13445710646162817 
0.1343852394648231 
0.1344959686326131 
0.13586193129688978 
0.13604336986614698 
0.1371202781738707 
0.13777343789988059 
0.1388255400472484 
0.13971361303957436 
0.14056570616850145 
0.1409162012441802 
0.14186461357594543 
0.14208820173074477 
0.14247503645291984 
0.14268782125763926 
0.14322335635675937 
0.14378757903524336 
0.14420390914003103 
0.14465116398625777 
0.1451428631938506 
0.14561302574138238 
0.14548408469593943 
0.14672624135049733 
0.147330843405674 
0.14752214032223082 
0.14828444732382498 
0.14839831373667425 
0.1491376918714161 
0.1494337606028293 
0.14996960519367966 
0.14999325671878405 
0.15062825419285683 
0.15157383678914385 
0.151862089361948 
0.15212761104383446 
0.15217209643716742 
0.15264210736312095 
0.15246712716266705 
0.15262449645789866 
0.15325486423581525 
0.15378856181750247 
0.15435361020239724 
0.154704133032534 
0.15507201544166788 
0.15603404930958767 
0.15650196162119986 
0.1566171534568317 
0.15701919198892053 
0.15734096602716544 
0.15779648144475297 
0.15839690917358742 
0.15891310183656854 
0.15974072127560368 
0.16011625472173388 
0.16049095981661457 
0.16108301132303546 
0.16150559500962308 
0.1617546645310073 
0.1623903031693521 
0.16313985951247606 
0.16454732286395318 
0.16548578410577391 
0.16609826846462483 
0.1667932248699986 
0.1673797810644516 
0.16852036336615736 
0.16956599882724396 
0.16982255829732665 
0.1698912144882201 
0.17016819641874792 
0.1706603366250443 
0.17128490385909775 
0.17150452045999418 
0.17185083085782527 
0.17233465361507203 
0.17259860635218263 
0.17351859558097343 
0.17382945844337344 
0.17397996370915592 
0.17415784118237737 
0.17402053603992973 
0.17417446235210352 
0.17481814999263198 
0.17485786317120675 
0.1755462426587641 
0.17568612168555925 
0.17552527753503283 
0.17514354493562911 
0.17519602415670812 
0.17567782002021423 
0.17612245583238129 
0.17662702661264915 
0.17682672150234408 
0.17718630694349177 
0.17767478272315038 
0.17773140400021833 
0.17754619893471293 
0.177808503304522 
0.17847631202729178 
0.17894231134740451 
0.1790884091347631 
0.1790332647914619 
0.17969046382740197 
0.1795110405560803 
0.18050709370997658 
0.1811745047762128 
0.1811558421864534 
0.18183586191185913 
0.18163058988341418 
0.18155014136306508 
0.18165577579432893 
0.18196216757286354 
0.18210047404064875 
0.18186362098143977 
0.18192662473665794 
0.1821649646062742 
0.18288194336677135 
0.18301873280840913 
0.18320727546737012 
0.18330844115535208 
0.18330804620206229 
0.1838216051106801 
0.18398101669447647 
0.1852823301092365 
0.1853378022840799 
0.18572219244409058 
0.1858076682366531 
0.1858076682366531 
0.18604905805182653 
0.18647427455424034 
0.18647427455424034 
0.1868876387524169 
0.187165340886147 
0.18780355910817811 
0.18824998546845817 
0.18822059385837997 
0.1884937773846482 
0.18894977946500235 
0.18894002283931477 
0.1889850913519842 
0.18926641416596013 
0.18937745221361957 
0.18990588892915808 
0.18991804473534019 
0.19026736841797962 
0.1902982169028281 
0.19075820874684246 
0.1906335944189954 
0.19075424203049593 
0.19069463707947332 
0.19060790486864065 
0.19080823773134956 
0.1907739024874128 
0.1911521182492177 
0.1912812981581112 
0.19115775354929712 
0.19118578369513178 
0.19184226826312883 
0.19214591077297466 
0.19248096317498684 
0.19300496580078097 
0.19297874233031415 
0.19323884714298717 
0.19323884714298717 
0.19346496365445703 
0.19346496365445703 
0.1937904257322489 
0.19390202992864017 
0.1940365873000067 
0.19412205289571347 
0.19412205289571347 
0.19448294591737353 
0.19462096765543566 
0.19462096765543566 
0.19481766473915252 
0.19502285588946475 
0.19544928104894466 
0.19565047389216378 
0.19569132422588204 
0.19560732583731585 
0.1960325984395759 
0.19630393789337977 
0.19630393789337977 
0.19629540807841978 
0.19640082775236958 
0.1963815218978028 
0.19680274077417628 
0.19687012172655724 
0.19776326680307965 
0.19834094414281084 
0.19824128435622787 
0.19804102163091625 
0.19815148593847298 
0.19815148593847298 
0.19835737063380035 
0.19873849517993036 
0.19865344486097522 
0.19863175838150543 
0.19891332259124564 
0.1990146614539507 
0.19932686018395074 
0.19941833794107824 
0.19939250273789902 
0.19941414775954405 
0.19966596274776344 
0.19966596274776344 
0.19966596274776344 
0.19979724220514813 
0.19979724220514813 
0.19990830868451057 
0.19990830868451057 
0.20004610879828894 
0.20004610879828894 
0.20004610879828894 
0.20024217241070502 
0.20013384883208532 
0.20028850830127115 
0.20028850830127115 
0.2005713983219996 
0.2007650721559613 
0.20096980775721593 
0.20129565122634555 
0.20147691070666884 
0.20149633041850515 
0.20137621487120383 
0.20137621487120383 
0.20133942349939773 
0.20127199549385208 
0.2014978293888212 
0.20179211517626028 
0.20186952459011606 
0.20234302904600987 
0.20234302904600987 
0.20238484117131098 
0.20269951014259216 
0.20269951014259216 
0.20269951014259216 
0.20267366199280593 
0.20267366199280593 
0.2025509064693423 
0.2025509064693423 
0.20247720785249024 
0.20254459360441948 
0.20254459360441948 
0.20285780827128616 
0.20285780827128616 
0.20285780827128616 
0.20304178412969215 
0.20304396565187371 
0.20304396565187371 
0.20313874332939807 
0.20313874332939807 
0.2032426434004867 
0.2032952381566078 
0.20349701069966758 
0.20349701069966758 
0.20337434959003284 
0.20337434959003284 
0.20369819491330504 
0.2037489185781464 
0.2037489185781464 
0.2037489185781464 
0.2037489185781464 
0.2037489185781464 
0.2037489185781464 
0.2042254477835742 
0.2042254477835742 
0.20431318489143543 
0.20431318489143543 
0.20431318489143543 
0.20440100956676013 
0.20440100956676013 
0.20451026243722611 
0.20451026243722611 
0.20451026243722611 
0.20451026243722611 
0.20451026243722611 
0.2046609106774378 
0.2046609106774378 
0.20476596487906115 
0.20504840565948237 
0.20504076689144035 
0.20504076689144035 
0.20504076689144035 
0.20486320386954393 
0.20486320386954393 
0.20486320386954393 
0.20502870192116934 
0.20508277377070294 
0.20508277377070294 
0.20508277377070294 
0.20530575328818423 
0.20530575328818423 
0.20530575328818423 
0.20538315750274364 
0.20539325851284465 
0.20563259411848284 
0.20563259411848284 
0.20563259411848284 
0.20563259411848284 
0.20563259411848284 
0.20563259411848284 
0.20559366317158992 
0.20559366317158992 
0.20561951237793916 
0.20561951237793916 
0.20561951237793916 
0.20561951237793916 
0.20593473553464509 
0.20593473553464509 
0.20593473553464509 
0.20599326837140133 
0.20590723050753168 
0.20590723050753168 
0.20625595251215453 
0.20625595251215453 
0.20625595251215453 
0.20625595251215453 
0.20625595251215453 
0.20625595251215453 
0.20625595251215453 
0.20623205640825845 
0.20623205640825845 
0.20623205640825845 
0.20623205640825845 
0.20623205640825845 
0.20623205640825845 
0.20623205640825845 
0.20623205640825845 
0.20623205640825845 
0.20623205640825845 
0.20623205640825845 
0.20623205640825845 
0.2063746734564893 
0.2063746734564893 
0.20652038731632083 
0.20652038731632083 
0.20652038731632083 
0.20652038731632083 
0.20645129971873324 
0.20645385319466908 
0.20645385319466908 
0.20665718279670656 
0.20665718279670656 
0.20665718279670656 
0.20665718279670656 
0.20665718279670656 
0.20665718279670656 
0.20665718279670656 
0.20665718279670656 
0.20665718279670656 
0.20665718279670656 
0.20665718279670656 
0.20665718279670656 
0.20665718279670656 
0.20665718279670656 
0.20639495102680558 
0.20639495102680558 
0.20639495102680558 
0.20639495102680558 
0.20639495102680558 
0.20639495102680558 
0.20639495102680558 
0.20639495102680558 
0.20639495102680558 
0.20639495102680558 
0.20650586208824293 
0.20650586208824293 
0.20650586208824293 
0.20650586208824293 
0.20650586208824293 
0.20650586208824293 
0.20650586208824293 
0.20650586208824293 
0.20650586208824293 
0.20650586208824293 
0.20650586208824293 
0.20650586208824293 
0.20640294944533025 
0.20640294944533025 
0.20640294944533025 
0.20640294944533025 
0.20640294944533025 
0.20640294944533025 
0.20640294944533025 
0.20640294944533025 
0.20640294944533025 
0.2066464615184988 
0.2066464615184988 
0.2066464615184988 
0.2066464615184988 
0.2066464615184988 
0.20675480633376883 
0.20675480633376883 
0.20675480633376883 
0.20675480633376883 
0.20675480633376883 
0.20675480633376883 
0.20675480633376883 
0.20675480633376883 
0.20675480633376883 
0.20675480633376883 
0.20675480633376883 
0.20675480633376883 
0.20675480633376883 
0.20675480633376883 
0.20686834183553746 
0.20686834183553746 
0.20686834183553746 
0.20686834183553746 
0.20686834183553746 
0.20682331006752652 
0.20682331006752652 
0.20682331006752652 
0.20682331006752652 
0.20691126106571164 
0.20691126106571164 
0.20691126106571164 
0.20691126106571164 
0.20691126106571164 
0.20691126106571164 
0.20691126106571164 
0.20691126106571164 
0.20691126106571164 
0.20691126106571164 
0.20691126106571164 
0.2067902781862722 
0.2067902781862722 
0.2067902781862722 
0.2067902781862722 
0.2067902781862722 
0.2067902781862722 
0.2067902781862722 
0.2067902781862722 
0.2067902781862722 
0.2067902781862722 
0.2067902781862722 
0.2067902781862722 
0.2067902781862722 
0.20693006514680692 
0.20693006514680692 
0.20693006514680692 
0.20693006514680692 
0.20693006514680692 
0.20693006514680692 
0.20693006514680692 
0.20693006514680692 
0.20693006514680692 
0.20713503250190146 
0.20713503250190146 
0.20713503250190146 
0.20713503250190146 
0.2073151058812558 
0.2073151058812558 
0.2073151058812558 
0.2073151058812558 
0.2073151058812558 
0.2073553331160093 
0.2073553331160093 
0.2073553331160093 
0.2073553331160093 
0.2071767219840739 
0.2071767219840739 
0.2071767219840739 
0.207071151636293 
0.207071151636293 
0.207071151636293 
0.207071151636293 
0.207071151636293 
0.207071151636293 
0.207071151636293 
0.207071151636293 
0.207071151636293 
0.207071151636293 
0.207071151636293 
0.207071151636293 
0.207071151636293 
0.207071151636293 
0.207071151636293 
0.207071151636293 
0.207071151636293 
0.207071151636293 
0.20701992797842572 
0.20701992797842572 
0.20701992797842572 
0.20701992797842572 
0.20701992797842572 
0.20701992797842572 
0.20701992797842572 
0.20701992797842572 
0.20701992797842572 
0.20701992797842572 
0.20701992797842572 
0.20701992797842572 
0.20701992797842572 
0.20701992797842572 
0.20701992797842572 
0.20701992797842572 
0.20701992797842572 
0.20701992797842572 
0.20701992797842572 
0.20717987551995215 
0.20717987551995215 
0.20717987551995215 
0.20717987551995215 
0.20717987551995215 
0.20717987551995215 
0.20717987551995215 
0.20717987551995215 
0.20717987551995215 
0.20717987551995215 
0.20717987551995215 
0.20717987551995215 
0.20717987551995215 
0.20717987551995215 
0.20717987551995215 
0.20717987551995215 
0.20717987551995215 
0.2073290943096801 
0.2073290943096801 
0.2073290943096801 
0.2073290943096801 
0.2073290943096801 
0.2073290943096801 
0.2073290943096801 
0.2073290943096801 
0.2073290943096801 
0.2073290943096801 
0.2073290943096801 
0.2073290943096801 
0.2073290943096801 
0.2073290943096801 
0.2073290943096801 
0.2073290943096801 
0.2073290943096801 
0.2073290943096801 
0.2073290943096801 
0.2073290943096801 
0.2073290943096801 
0.2073290943096801 
0.2073290943096801 
0.2073290943096801 
0.2073290943096801 
0.2073290943096801 
0.2073290943096801 
0.2073290943096801 
0.2073290943096801 
0.2073575614351907 
0.2073575614351907 
0.2073575614351907 
0.2073575614351907 
0.2073575614351907 
0.2073575614351907 
0.2073575614351907 
0.2073575614351907 
0.2073575614351907 
0.2073575614351907 
0.2073575614351907 
0.2073575614351907 
0.2073575614351907 
0.2073575614351907 
0.2073575614351907 
0.2073575614351907 
0.2073575614351907 
0.2073575614351907 
0.2073575614351907 
0.2073575614351907 
0.2073575614351907 
0.2073575614351907 
0.2073575614351907 
0.2073575614351907 
0.2073575614351907 
0.2073575614351907 
0.2073575614351907 
0.2073575614351907 
0.2073575614351907 
0.2073575614351907 
0.2073575614351907 
0.2073575614351907 
0.2073575614351907 
0.2073575614351907 
0.20749607162370554 
0.20749607162370554 
0.20749607162370554 
0.20749607162370554 
0.20749607162370554 
0.20749607162370554 
0.20749607162370554 
0.20749607162370554 
0.20749607162370554 
0.20749607162370554 
0.20749607162370554 
0.20749607162370554 
0.20749607162370554 
0.20749607162370554 
0.20749607162370554 
0.20749607162370554 
0.20749607162370554 
0.20749607162370554 
0.20749607162370554 
0.20749607162370554 
0.20749607162370554 
0.20749607162370554 
0.20761457162370553 
0.20761457162370553 
0.20761457162370553 
0.20761457162370553 
0.20761457162370553 
0.20761457162370553 
0.20761457162370553 
0.20761457162370553 
0.20761457162370553 
0.20761457162370553 
0.20761457162370553 
0.20761457162370553 
0.20761457162370553 
0.20761457162370553 
0.20761457162370553 
0.20761457162370553 
0.20761457162370553 
0.20761457162370553 
0.20761457162370553 
0.20761457162370553 
0.20761457162370553 
0.20761457162370553 
0.20761457162370553 
0.20761457162370553 
0.20761457162370553 
0.20761457162370553 
0.20761457162370553 
0.20761457162370553 
0.20761457162370553 
0.20761457162370553 
0.20761457162370553 
0.20761457162370553 
0.20761457162370553 
0.20761457162370553 
0.20761457162370553 
0.20761457162370553 
0.20761457162370553 
0.20761457162370553 
0.20761457162370553 
0.20761457162370553 
0.20761457162370553 
0.20761457162370553 
0.20768124569037955 
0.20768124569037955 
0.20768124569037955 
0.20768124569037955 
0.20768124569037955 
0.20768124569037955 
0.20768124569037955 
0.20768124569037955 
0.20768124569037955 
0.20768124569037955 
0.20768124569037955 
0.20768124569037955 
0.20768124569037955 
0.20768124569037955 
0.20768124569037955 
0.20768124569037955 
0.20768124569037955 
0.20768124569037955 
0.20768124569037955 
0.20768124569037955 
0.20768124569037955 
0.20768124569037955 
0.20762257471422582 
0.20762257471422582 
0.20762257471422582 
0.20762257471422582 
0.20762257471422582 
0.20762257471422582 
0.20762257471422582 
0.20762257471422582 
0.20762257471422582 
0.20762257471422582 
0.20762257471422582 
0.20762257471422582 
0.20762257471422582 
0.20762257471422582 
0.20762257471422582 
0.20762257471422582 
0.20762257471422582 
0.20762257471422582 
0.20762257471422582 
0.20762257471422582 
0.20762257471422582 
0.20762257471422582 
0.20762257471422582 
0.20762257471422582 
0.20762257471422582 
0.20762257471422582 
0.20762257471422582 
0.20762257471422582 
0.20762257471422582 
0.20762257471422582 
0.20762257471422582 
0.20762257471422582 
0.20762257471422582 
0.20762257471422582 
0.20762257471422582 
0.20762257471422582 
0.20762257471422582 
0.20762257471422582 
0.20762257471422582 
0.20762257471422582 
0.20762257471422582 
0.20762257471422582 
0.20762257471422582 
0.20762257471422582 
0.20762257471422582 
0.20762257471422582 
0.20762257471422582 
0.20762257471422582 
0.20762257471422582 
0.20762257471422582 
0.20762257471422582 
0.20762257471422582 
0.20762257471422582 
0.20762257471422582 
0.20762257471422582 
0.20762257471422582 
0.20762257471422582 
0.20762257471422582 
0.20762257471422582 
0.20762257471422582 
0.20762257471422582 
0.20762257471422582 
0.20762257471422582 
0.20762257471422582 
0.20762257471422582 
0.20762257471422582 
0.20762257471422582 
0.20762257471422582 
0.20762257471422582 
0.20762257471422582 
0.20762257471422582 
0.20762257471422582 
0.20762257471422582 
0.20762257471422582 
0.20762257471422582 
0.20762257471422582 
0.20762257471422582 
0.20762257471422582 
0.20762257471422582 
0.20762257471422582 
0.20762257471422582 
0.20762257471422582 
0.20762257471422582 
0.20749005600388404 
0.20749005600388404 
0.20749005600388404 
0.20749005600388404 
0.20749005600388404 
0.20749005600388404 
0.20749005600388404 
0.20749005600388404 
0.20749005600388404 
0.20749005600388404 
0.20749005600388404 
0.20749005600388404 
0.20749005600388404 
0.20749005600388404 
0.20749005600388404 
0.20749005600388404 
0.20749005600388404 
0.20749005600388404 
0.20749005600388404 
0.20749005600388404 
0.20749005600388404 
0.20749005600388404 
0.20749005600388404 
0.20749005600388404 
0.20749005600388404 
0.20749005600388404 
0.20749005600388404 
0.20749005600388404 
0.20749005600388404 
0.20749005600388404 
0.20749005600388404 
0.20749005600388404 
0.20749005600388404 
0.20749005600388404 
0.20749005600388404 
0.20749005600388404 
0.20749005600388404 
0.20749005600388404 
0.20749005600388404 
0.20749005600388404 
0.20749005600388404 
0.20749005600388404 
0.20749005600388404 
0.20749005600388404 
0.20749005600388404 
0.20749005600388404 
0.20749005600388404 
0.20749005600388404 
0.20749005600388404 
0.20749005600388404 
0.20749005600388404 
0.20749005600388404 
0.20749005600388404 
0.20749005600388404 
0.20749005600388404 
0.20749005600388404 
0.20749005600388404 
0.20749005600388404 
0.20749005600388404 
0.20749005600388404 
0.20749005600388404 
0.20749005600388404 
0.20749005600388404 
0.20749005600388404 
0.20749005600388404 
0.20749005600388404 
0.20749005600388404 
0.20749005600388404 
0.20749005600388404 
0.20749005600388404 
0.20749005600388404 
0.20749005600388404 
0.20749005600388404 
0.20749005600388404 
0.20749005600388404 
0.20755854996203316 
0.20755854996203316 
0.20755854996203316 
0.20755854996203316 
0.20749021140403942 
0.20749021140403942 
0.2074225982374789 
0.2074225982374789 
0.2074225982374789 
0.2074225982374789 
0.2074225982374789 
0.2074225982374789 
0.2074225982374789 
0.20780485639622734 
0.20780485639622734 
0.20780485639622734 
0.20780485639622734 
0.20780485639622734 
0.20780485639622734 
0.20780485639622734 
0.20780485639622734 
0.20780485639622734 
0.20786309295536712 
0.20786309295536712 
0.20791628559605974 
0.20791628559605974 
0.20791628559605974 
0.20791628559605974 
0.20800535702463116 
0.20800535702463116 
0.20800535702463116 
0.20800519829447245 
0.20800519829447245 
0.20800519829447245 
0.20800519829447245 
0.20800519829447245 
0.20800519829447245 
0.20800519829447245 
0.20800519829447245 
0.20800519829447245 
0.20800519829447245 
0.20800519829447245 
0.20800519829447245 
0.20800519829447245 
0.20800519829447245 
0.20824255358804744 
0.20824255358804744 
0.208304846766007 
0.20816920215629006 
0.20816920215629006 
0.20816920215629006 
0.20816920215629006 
0.20816920215629006 
0.20816920215629006 
0.20816920215629006 
0.20820482549493977 
0.20820482549493977 
0.20820482549493977 
0.20820482549493977 
0.20820482549493977 
0.20820482549493977 
0.20820482549493977 
0.20820482549493977 
0.20820482549493977 
0.20820482549493977 
0.20820482549493977 
0.20820482549493977 
0.20838000112120347 
0.20838000112120347 
0.20838000112120347 
0.208542486590487 
0.208542486590487 
0.20876727701045888 
0.20876727701045888 
0.20876727701045888 
0.20876727701045888 
0.20876727701045888 
0.20876727701045888 
0.20876727701045888 
0.20876727701045888 
0.20876727701045888 
0.20876727701045888 
0.20876727701045888 
0.20876727701045888 
0.208773776866863 
0.208773776866863 
0.208773776866863 
0.208773776866863 
0.208773776866863 
0.208773776866863 
0.208773776866863 
0.208773776866863 
0.208773776866863 
0.208773776866863 
0.208773776866863 
0.208773776866863 
0.208773776866863 
0.208773776866863 
0.208773776866863 
0.208773776866863 
0.208773776866863 
0.20889378493300537 
0.20889378493300537 
0.20912266162778492 
0.20912266162778492 
0.20912266162778492 
0.20912266162778492 
0.20912266162778492 
0.20912266162778492 
0.2091901038455108 
0.2091901038455108 
0.2091901038455108 
0.2091901038455108 
0.2091901038455108 
0.2091901038455108 
0.2091901038455108 
0.2091901038455108 
0.2091901038455108 
0.2091901038455108 
0.20917493794136963 
0.20917493794136963 
0.20921665870684775 
0.20921665870684775 
0.20921665870684775 
0.20921665870684775 
0.20921665870684775 
0.20921665870684775 
0.20921665870684775 
0.20921665870684775 
0.20921665870684775 
0.20921665870684775 
0.20921665870684775 
0.20921665870684775 
0.20921665870684775 
0.20921665870684775 
0.20921665870684775 
0.20921665870684775 
0.20921665870684775 
0.20921665870684775 
0.20921665870684775 
0.20921665870684775 
0.20921665870684775 
0.20921665870684775 
0.20871741941427313 
0.20860842252528072 
0.2089367262300531 
0.20896191066295033 
0.20895067941986667 
0.20904917516388874 
0.20915394755371966 
0.20931631693024866 
0.20941297854459853 
0.2095538443473532 
0.20938328993100927 
0.20938328993100927 
0.2096285602310537 
0.2096285602310537 
0.2096285602310537 
0.20952266942790362 
0.20968379646689242 
0.20946459942699644 
0.20924817939698837 
0.20938180638611 
0.2095733755180861 
0.2095733755180861 
0.2094057729590599 
0.20951378864792747 
0.20942404707625636 
0.20914173300712077 
0.20930097865963426 
0.20944467658669982 
0.2096076616127224 
0.20955713311219393 
0.2096974817858103 
0.20957507276948667 
0.20955425072597728 
0.20959835759504958 
0.20992685925663282 
0.21011002357973516 
0.21011002357973516 
0.21011002357973516 
0.21011999578652252 
0.21033841140572695 
0.21082104465826138 
0.21067556136792565 
0.210819857107274 
0.21087266259919749 
0.21108648874353603 
0.21108648874353603 
0.21092228167282892 
0.21092228167282892 
0.21099717740515417 
0.21099717740515417 
0.2111153780999988 
0.21122714708013274 
0.21119365847241411 
0.21093102215163467 
0.21139018349259592 
0.21129167306450378 
0.21127152063529006 
0.2113739412518236 
0.2112343198556759 
0.21155396491237347 
0.21186592269835824 
0.21186592269835824 
0.21186592269835824 
0.21201949710651297 
0.21201949710651297 
0.21201949710651297 
0.2117891557566421 
0.21206269886548898 
0.21206269886548898 
0.21218157741427932 
0.21218157741427932 
0.21236486099775562 
0.21236486099775562 
0.21236486099775562 
0.2124669307574706 
0.21243886726540714 
0.21236746882989574 
0.21236746882989574 
0.21238778749517093 
0.21238778749517093 
0.21238778749517093 
0.21241906350418763 
0.21241906350418763 
0.21231417067665037 
0.2123467312447373 
0.2123467312447373 
0.2123467312447373 
0.2123467312447373 
0.21253565197313168 
0.21253565197313168 
0.21253565197313168 
0.21253565197313168 
0.21259959399677647 
