0.016276724977709735 
0.016236681434332573 
0.016177556799467585 
0.016138343905122362 
0.016101696308153373 
0.01604442632193498 
0.01600165941394829 
0.015954212484481957 
0.01591914771587977 
0.015898711394323754 
0.01586069304917033 
0.01582286750244721 
0.0157725006260897 
0.015754207564964987 
0.01572381582186716 
0.01570105525116067 
0.015652093022979388 
0.015626631114862857 
0.015574994831459816 
0.01554401801337093 
0.015533721254097486 
0.015500967711726902 
0.01546811481726199 
0.015465345001001432 
0.015460005692107622 
0.015433623553786713 
0.015423253093948758 
0.015410333675816368 
0.015376899037192122 
0.015358974444929585 
0.015332470642398115 
0.015340245630367202 
0.0153296032564447 
0.015297914106178005 
0.015279999476439782 
0.015283141038412228 
0.015293520719572717 
0.015246369272715393 
0.01524120730126062 
0.015262490491397529 
0.015260024115315154 
0.015249476843485483 
0.015228276330563482 
0.015217526211575913 
0.015212646843991349 
0.015175913020309519 
0.015155044572682724 
0.01516825316244425 
0.015170935897300468 
0.015162942194706146 
0.015136606753166313 
0.015123338784805424 
0.015115343198220806 
0.015112628361737743 
0.015120541789234934 
0.015117967588270591 
0.01508359426661961 
0.015080833398721703 
0.015086086304936746 
0.015083222997754824 
0.015075362151537187 
0.015080727303416107 
0.015083407572561316 
0.015096785883094455 
0.015083553957870805 
0.015099253491480962 
0.015109649367209021 
0.015104201269845421 
0.015096128775285404 
0.015109236380439617 
0.015088042417755855 
0.015079840317456947 
0.015074733828495944 
0.015066723067741044 
0.015066723067741044 
0.015064298988004718 
0.01505136591808199 
0.015051604034122076 
0.0150568650123457 
0.01504354798576453 
0.015040970181474331 
0.015041019114408439 
0.015033104270243056 
0.015033231987832822 
0.015041140382298146 
0.015043781971299639 
0.015049162634512258 
0.015057052035508146 
0.015057011655703795 
0.015059726956356148 
0.015070381547923728 
0.015083732164156191 
0.015081109243023205 
0.015075782434089451 
0.015083747014584935 
0.015075689038979281 
0.015065127413998196 
0.015070347573961258 
0.01507312097742203 
0.015065127413998196 
0.015070457989059259 
0.015057215678869713 
0.0150572050527314 
0.015065178392571394 
0.015062534182533827 
0.015062534182533827 
0.015059879946400633 
0.015059875696698161 
0.015067838066557523 
0.015065186888983485 
0.015057215678869716 
0.015049247688838134 
0.015049247688838134 
0.015054554128236412 
0.015059879946400633 
0.015059879946400633 
0.015065191137187739 
0.015062536307010186 
0.01505456263064457 
0.01506250231535252 
0.015078452971044477 
0.015094361331305142 
0.015086417202238576 
0.015086391748857644 
0.015094350731316666 
0.015102274795539909 
0.015099634962475086 
0.015104963952290648 
0.015110242354111993 
0.015110252942952342 
0.01511290362571005 
0.015112882451736333 
0.015104947004210244 
0.015102304459916043 
0.015102291746619121 
0.015096993608000238 
0.015099660393532034 
0.015104963952290648 
0.015099668870541498 
0.015102317173202264 
0.015102312935441377 
0.015102291746619121 
0.01511290362571005 
0.015123486899521553 
0.015123486899521553 
0.015131422140697815 
0.015139326801413595 
0.01514725796967887 
0.015168369193819092 
0.015171011831779711 
0.015176296781494488 
0.015181563028884739 
0.015181563028884739 
0.015178930660622966 
0.015186810593406373 
0.015189451076322674 
0.015192090047126496 
0.015194727506605703 
0.01518946793011526 
0.015197367666803354 
0.015197363455547149 
0.015197363455547149 
0.015197363455547149 
0.015194733824585409 
0.015194733824585409 
0.015210520569658357 
0.01522629094691153 
0.015226293048539426 
0.015231544110824745 
0.015236797563792728 
0.015231544110824745 
0.015226293048539426 
0.015234171588898426 
0.015234171588898426 
0.015236795463613733 
0.015239422036284709 
0.015234171588898426 
0.015236797563792728 
0.015247292743303643 
0.015252532379903342 
0.015255149950098818 
0.015249913311229017 
0.015242045007150451 
0.015249917507973608 
0.015255162536007276 
0.015239422036284709 
0.015249913311229017 
0.015244670675354057 
0.015247292743303643 
0.015252538673938838 
0.015255158340705613 
0.015255158340705613 
0.015252532379903342 
0.015257782800918355 
0.015260405761315786 
0.015260401567455555 
0.015263025126101313 
0.015263025126101313 
0.015263025126101313 
0.015263025126101313 
0.01526563460849237 
0.015273498093102314 
0.015276112070811736 
0.015273498093102314 
0.015273498093102314 
0.015278741309414201 
0.015281356484291568 
0.015281356484291568 
0.015276112070811736 
0.015278735026172814 
0.015276112070811736 
0.015278735026172814 
0.015281356484291568 
0.015286594911882763 
0.015297058017801983 
0.015299673199124222 
0.015299673199124222 
0.015299671107576136 
0.015297053833990389 
0.015299664832930165 
0.015307488886162877 
0.015304867722394729 
0.015302261793604239 
0.01529965437518116 
0.015302261793604239 
0.015304882358254179 
0.015304882358254179 
0.015304882358254179 
0.015312726733015253 
0.015320540982615465 
0.015325743048870421 
0.015328341854225458 
0.015330962135495608 
0.01532836273057237 
0.01532836273057237 
0.015338814034989798 
0.01534401199165329 
0.015341413754931454 
0.01534924154477999 
0.01534924154477999 
0.01534924154477999 
0.01535183949890045 
0.01535183949890045 
0.015349224866422408 
0.015349224866422408 
0.01534662751225819 
0.01534662751225819 
0.01534662751225819 
0.015344028675677064 
0.015346642108291963 
0.015349254053536283 
0.015349254053536283 
0.015354465148613938 
0.015357049716661077 
0.015362258167339852 
0.015364852879217555 
0.015364832052450166 
0.015359599473944623 
0.015364777902722837 
0.015364777902722837 
0.015370012882232728 
0.015372601081144334 
0.015372628142253361 
0.015377831316541355 
0.015383032730901927 
0.015388205353451714 
0.015388205353451714 
0.015382974484799748 
0.01538035682290889 
0.01538035682290889 
0.01538035682290889 
0.015382974484799748 
0.015382974484799748 
0.015385590661394838 
0.015385590661394838 
0.015388205353451714 
0.015390818561726987 
0.015390818561726987 
0.015393430286976324 
0.015393430286976324 
0.015393430286976324 
0.015393430286976324 
0.015390843511646789 
0.015390843511646789 
0.01539859941683009 
0.01539859941683009 
0.015401210861487482 
0.015401181772838082 
0.015398568245132402 
0.015398568245132402 
0.015403793818407204 
0.015403793818407204 
0.015403793818407204 
0.015406375303750068 
0.015406375303750068 
0.015406375303750068 
0.015406375303750068 
0.015406375303750068 
0.015406375303750068 
0.01540895531825568 
0.01540895531825568 
0.015406375303750068 
0.015406375303750068 
0.015406375303750068 
0.015403793818407204 
0.015403793818407204 
0.015406404382593622 
0.015406404382593622 
0.015406404382593622 
0.015406404382593622 
0.015406404382593622 
0.01539859941683009 
0.01539859941683009 
0.015401148528600066 
0.015403727341134028 
0.015406342070718799 
0.015406342070718799 
0.015406342070718799 
0.015408920014069773 
0.015408920014069773 
0.015408920014069773 
0.015406342070718799 
0.015401111128746522 
0.015401111128746522 
0.015401111128746522 
0.015406304683472934 
0.015406304683472934 
0.015406304683472934 
0.015408920014069771 
0.0154114964880118 
0.015414071493281714 
0.015414071493281714 
0.015414071493281714 
0.015414071493281714 
0.015414071493281714 
0.015414071493281714 
0.01541664503061545 
0.01541664503061545 
0.01541926068266569 
0.01541926068266569 
0.01541926068266569 
0.01541926068266569 
0.015421874853596758 
0.015421874853596758 
0.015421874853596758 
0.015424487544161718 
0.01542963382585601 
0.01542963382585601 
0.01543477424519063 
0.01543477424519063 
0.01543477424519063 
0.01543477424519063 
0.01543477424519063 
0.01543477424519063 
0.01543477424519063 
0.015437387861940894 
0.015437387861940894 
0.015437387861940894 
0.015437387861940894 
0.015437387861940894 
0.015437387861940894 
0.015437387861940894 
0.015437387861940894 
0.015437387861940894 
0.015437387861940894 
0.015437387861940894 
0.015437387861940894 
0.01543477424519063 
0.01543477424519063 
0.015432159148997912 
0.015432159148997912 
0.015432159148997912 
0.015432159148997912 
0.015427019932572852 
0.01542697429828675 
0.01542697429828675 
0.015429542572610503 
0.015429542572610503 
0.015429542572610503 
0.015429542572610503 
0.015429542572610503 
0.015429542572610503 
0.015429542572610503 
0.015429542572610503 
0.015429542572610503 
0.015429542572610503 
0.015429542572610503 
0.015429542572610503 
0.015429542572610503 
0.015429542572610503 
0.015432109382712396 
0.015432109382712396 
0.015432109382712396 
0.015432109382712396 
0.015432109382712396 
0.015432109382712396 
0.015432109382712396 
0.015432109382712396 
0.015432109382712396 
0.015432109382712396 
0.015434674729322934 
0.015434674729322934 
0.015434674729322934 
0.015434674729322934 
0.015434674729322934 
0.015434674729322934 
0.015434674729322934 
0.015434674729322934 
0.015434674729322934 
0.015434674729322934 
0.015434674729322934 
0.015434674729322934 
0.015437292508727041 
0.015437292508727041 
0.015437292508727041 
0.015437292508727041 
0.015437292508727041 
0.015437292508727041 
0.015437292508727041 
0.015437292508727041 
0.015437292508727041 
0.015439908808020854 
0.015439908808020854 
0.015439908808020854 
0.015439908808020854 
0.015439908808020854 
0.01544247389507264 
0.01544247389507264 
0.01544247389507264 
0.01544247389507264 
0.01544247389507264 
0.01544247389507264 
0.01544247389507264 
0.01544247389507264 
0.01544247389507264 
0.01544247389507264 
0.01544247389507264 
0.01544247389507264 
0.01544247389507264 
0.01544247389507264 
0.015439856994156391 
0.015439856994156391 
0.015439856994156391 
0.015439856994156391 
0.015439856994156391 
0.015437238613171724 
0.015437238613171724 
0.015437238613171724 
0.015437238613171724 
0.015439856994156391 
0.015439856994156391 
0.015439856994156391 
0.015439856994156391 
0.015439856994156391 
0.015439856994156391 
0.015439856994156391 
0.015439856994156391 
0.015439856994156391 
0.015439856994156391 
0.015439856994156391 
0.01544247389507264 
0.01544247389507264 
0.01544247389507264 
0.01544247389507264 
0.01544247389507264 
0.01544247389507264 
0.01544247389507264 
0.01544247389507264 
0.01544247389507264 
0.01544247389507264 
0.01544247389507264 
0.01544247389507264 
0.01544247389507264 
0.01544508931667279 
0.01544508931667279 
0.01544508931667279 
0.01544508931667279 
0.01544508931667279 
0.01544508931667279 
0.01544508931667279 
0.01544508931667279 
0.01544508931667279 
0.015439856994156391 
0.015439856994156391 
0.015439856994156391 
0.015439856994156391 
0.015437292508727041 
0.015437292508727041 
0.015437292508727041 
0.015437292508727041 
0.015437292508727041 
0.015439856994156391 
0.015439856994156391 
0.015439856994156391 
0.015439856994156391 
0.015437238613171724 
0.015437238613171724 
0.015437238613171724 
0.015437238613171724 
0.015437238613171724 
0.015437238613171724 
0.015437238613171724 
0.015437238613171724 
0.015437238613171724 
0.015437238613171724 
0.015437238613171724 
0.015437238613171724 
0.015437238613171724 
0.015437238613171724 
0.015437238613171724 
0.015437238613171724 
0.015437238613171724 
0.015437238613171724 
0.015437238613171724 
0.015437238613171724 
0.015437238613171724 
0.015437180571594022 
0.015437180571594022 
0.015437180571594022 
0.015437180571594022 
0.015437180571594022 
0.015437180571594022 
0.015437180571594022 
0.015437180571594022 
0.015437180571594022 
0.015437180571594022 
0.015437180571594022 
0.015437180571594022 
0.015437180571594022 
0.015437180571594022 
0.015437180571594022 
0.015437180571594022 
0.015437180571594022 
0.015437180571594022 
0.015437180571594022 
0.015439801034987464 
0.015439801034987464 
0.015439801034987464 
0.015439801034987464 
0.015439801034987464 
0.015439801034987464 
0.015439801034987464 
0.015439801034987464 
0.015439801034987464 
0.015439801034987464 
0.015439801034987464 
0.015439801034987464 
0.015439801034987464 
0.015439801034987464 
0.015439801034987464 
0.015439801034987464 
0.015439801034987464 
0.015442361995497969 
0.015442361995497969 
0.015442361995497969 
0.015442361995497969 
0.015442361995497969 
0.015442361995497969 
0.015442361995497969 
0.015442361995497969 
0.015442361995497969 
0.015442361995497969 
0.015442361995497969 
0.015442361995497969 
0.015442361995497969 
0.015442361995497969 
0.015442361995497969 
0.015442361995497969 
0.015442361995497969 
0.015442361995497969 
0.015442361995497969 
0.015442361995497969 
0.015442361995497969 
0.015442361995497969 
0.015442361995497969 
0.015442361995497969 
0.015442361995497969 
0.015442361995497969 
0.015442361995497969 
0.015442361995497969 
0.015442361995497969 
0.015444981579788304 
0.015444981579788304 
0.015444981579788304 
0.015444981579788304 
0.015444981579788304 
0.015444981579788304 
0.015444981579788304 
0.015444981579788304 
0.015444981579788304 
0.015444981579788304 
0.015444981579788304 
0.015444981579788304 
0.015444981579788304 
0.015444981579788304 
0.015444981579788304 
0.015444981579788304 
0.015444981579788304 
0.015444981579788304 
0.015444981579788304 
0.015444981579788304 
0.015444981579788304 
0.015444981579788304 
0.015444981579788304 
0.015444981579788304 
0.015444981579788304 
0.015444981579788304 
0.015444981579788304 
0.015444981579788304 
0.015444981579788304 
0.015444981579788304 
0.015444981579788304 
0.015444981579788304 
0.015444981579788304 
0.015444981579788304 
0.015442361995497969 
0.015442361995497969 
0.015442361995497969 
0.015442361995497969 
0.015442361995497969 
0.015442361995497969 
0.015442361995497969 
0.015442361995497969 
0.015442361995497969 
0.015442361995497969 
0.015442361995497969 
0.015442361995497969 
0.015442361995497969 
0.015442361995497969 
0.015442361995497969 
0.015442361995497969 
0.015442361995497969 
0.015442361995497969 
0.015442361995497969 
0.015442361995497969 
0.015442361995497969 
0.015442361995497969 
0.015439801034987464 
0.015439801034987464 
0.015439801034987464 
0.015439801034987464 
0.015439801034987464 
0.015439801034987464 
0.015439801034987464 
0.015439801034987464 
0.015439801034987464 
0.015439801034987464 
0.015439801034987464 
0.015439801034987464 
0.015439801034987464 
0.015439801034987464 
0.015439801034987464 
0.015439801034987464 
0.015439801034987464 
0.015439801034987464 
0.015439801034987464 
0.015439801034987464 
0.015439801034987464 
0.015439801034987464 
0.015439801034987464 
0.015439801034987464 
0.015439801034987464 
0.015439801034987464 
0.015439801034987464 
0.015439801034987464 
0.015439801034987464 
0.015439801034987464 
0.015439801034987464 
0.015439801034987464 
0.015439801034987464 
0.015439801034987464 
0.015439801034987464 
0.015439801034987464 
0.015439801034987464 
0.015439801034987464 
0.015439801034987464 
0.015439801034987464 
0.015439801034987464 
0.015439801034987464 
0.015442420017600869 
0.015442420017600869 
0.015442420017600869 
0.015442420017600869 
0.015442420017600869 
0.015442420017600869 
0.015442420017600869 
0.015442420017600869 
0.015442420017600869 
0.015442420017600869 
0.015442420017600869 
0.015442420017600869 
0.015442420017600869 
0.015442420017600869 
0.015442420017600869 
0.015442420017600869 
0.015442420017600869 
0.015442420017600869 
0.015442420017600869 
0.015442420017600869 
0.015442420017600869 
0.015442420017600869 
0.015445037520187513 
0.015445037520187513 
0.015445037520187513 
0.015445037520187513 
0.015445037520187513 
0.015445037520187513 
0.015445037520187513 
0.015445037520187513 
0.015445037520187513 
0.015445037520187513 
0.015445037520187513 
0.015445037520187513 
0.015445037520187513 
0.015445037520187513 
0.015445037520187513 
0.015445037520187513 
0.015445037520187513 
0.015445037520187513 
0.015445037520187513 
0.015445037520187513 
0.015445037520187513 
0.015445037520187513 
0.015445037520187513 
0.015445037520187513 
0.015445037520187513 
0.015445037520187513 
0.015445037520187513 
0.015445037520187513 
0.015445037520187513 
0.015445037520187513 
0.015445037520187513 
0.015445037520187513 
0.015445037520187513 
0.015445037520187513 
0.015445037520187513 
0.015445037520187513 
0.015445037520187513 
0.015445037520187513 
0.015445037520187513 
0.015445037520187513 
0.015445037520187513 
0.015445037520187513 
0.015445037520187513 
0.015445037520187513 
0.015445037520187513 
0.015445037520187513 
0.015445037520187513 
0.015445037520187513 
0.015445037520187513 
0.015445037520187513 
0.015445037520187513 
0.015445037520187513 
0.015445037520187513 
0.015445037520187513 
0.015445037520187513 
0.015445037520187513 
0.015445037520187513 
0.015445037520187513 
0.015445037520187513 
0.015445037520187513 
0.015445037520187513 
0.015445037520187513 
0.015445037520187513 
0.015445037520187513 
0.015445037520187513 
0.015445037520187513 
0.015445037520187513 
0.015445037520187513 
0.015445037520187513 
0.015445037520187513 
0.015445037520187513 
0.015445037520187513 
0.015445037520187513 
0.015445037520187513 
0.015445037520187513 
0.015445037520187513 
0.015445037520187513 
0.015445037520187513 
0.015445037520187513 
0.015445037520187513 
0.015445037520187513 
0.015445037520187513 
0.015445037520187513 
0.015447653543499735 
0.015447653543499735 
0.015447653543499735 
0.015447653543499735 
0.015447653543499735 
0.015447653543499735 
0.015447653543499735 
0.015447653543499735 
0.015447653543499735 
0.015447653543499735 
0.015447653543499735 
0.015447653543499735 
0.015447653543499735 
0.015447653543499735 
0.015447653543499735 
0.015447653543499735 
0.015447653543499735 
0.015447653543499735 
0.015447653543499735 
0.015447653543499735 
0.015447653543499735 
0.015447653543499735 
0.015447653543499735 
0.015447653543499735 
0.015447653543499735 
0.015447653543499735 
0.015447653543499735 
0.015447653543499735 
0.015447653543499735 
0.015447653543499735 
0.015447653543499735 
0.015447653543499735 
0.015447653543499735 
0.015447653543499735 
0.015447653543499735 
0.015447653543499735 
0.015447653543499735 
0.015447653543499735 
0.015447653543499735 
0.015447653543499735 
0.015447653543499735 
0.015447653543499735 
0.015447653543499735 
0.015447653543499735 
0.015447653543499735 
0.015447653543499735 
0.015447653543499735 
0.015447653543499735 
0.015447653543499735 
0.015447653543499735 
0.015447653543499735 
0.015447653543499735 
0.015447653543499735 
0.015447653543499735 
0.015447653543499735 
0.015447653543499735 
0.015447653543499735 
0.015447653543499735 
0.015447653543499735 
0.015447653543499735 
0.015447653543499735 
0.015447653543499735 
0.015447653543499735 
0.015447653543499735 
0.015447653543499735 
0.015447653543499735 
0.015447653543499735 
0.015447653543499735 
0.015447653543499735 
0.015447653543499735 
0.015447653543499735 
0.015447653543499735 
0.015447653543499735 
0.015447653543499735 
0.015447653543499735 
0.015450268088288952 
0.015450268088288952 
0.015450268088288952 
0.015450268088288952 
0.015452881155305633 
0.015452881155305633 
0.015455492745299323 
0.015455492745299323 
0.015455492745299323 
0.015455492745299323 
0.015455492745299323 
0.015455492745299323 
0.015455492745299323 
0.015455536224926006 
0.015455536224926006 
0.015455536224926006 
0.015455536224926006 
0.015455536224926006 
0.015455536224926006 
0.015455536224926006 
0.015455536224926006 
0.015455536224926006 
0.015452968129132992 
0.015452968129132992 
0.015450398570910719 
0.015450398570910719 
0.015450398570910719 
0.015450398570910719 
0.01545300540348058 
0.01545300540348058 
0.01545300540348058 
0.015455610761144316 
0.015455610761144316 
0.015455610761144316 
0.015455610761144316 
0.015455610761144316 
0.015455610761144316 
0.015455610761144316 
0.015455610761144316 
0.015455610761144316 
0.015455610761144316 
0.015455610761144316 
0.015455610761144316 
0.015455610761144316 
0.015455610761144316 
0.01545303853615851 
0.01545303853615851 
0.015455641817795856 
0.015460843961440138 
0.015460843961440138 
0.015460843961440138 
0.015460843961440138 
0.015460843961440138 
0.015460843961440138 
0.015460843961440138 
0.015463442824933908 
0.015463442824933908 
0.015463442824933908 
0.015463442824933908 
0.015463442824933908 
0.015463442824933908 
0.015463442824933908 
0.015463442824933908 
0.015463442824933908 
0.015463442824933908 
0.015463442824933908 
0.015463442824933908 
0.015460866728615184 
0.015460866728615184 
0.015460866728615184 
0.015463463518888644 
0.015463463518888644 
0.015466058838631128 
0.015466058838631128 
0.015466058838631128 
0.015466058838631128 
0.015466058838631128 
0.015466058838631128 
0.015466058838631128 
0.015466058838631128 
0.015466058838631128 
0.015466058838631128 
0.015466058838631128 
0.015466058838631128 
0.015468652688582803 
0.015468652688582803 
0.015468652688582803 
0.015468652688582803 
0.015468652688582803 
0.015468652688582803 
0.015468652688582803 
0.015468652688582803 
0.015468652688582803 
0.015468652688582803 
0.015468652688582803 
0.015468652688582803 
0.015468652688582803 
0.015468652688582803 
0.015468652688582803 
0.015468652688582803 
0.015468652688582803 
0.015471245069482935 
0.015471245069482935 
0.015468665100777119 
0.015468665100777119 
0.015468665100777119 
0.015468665100777119 
0.015468665100777119 
0.015468665100777119 
0.015466083667173145 
0.015466083667173145 
0.015466083667173145 
0.015466083667173145 
0.015466083667173145 
0.015466083667173145 
0.015466083667173145 
0.015466083667173145 
0.015466083667173145 
0.015466083667173145 
0.015471261616300074 
0.015471261616300074 
0.015468677512961472 
0.015468677512961472 
0.015468677512961472 
0.015468677512961472 
0.015468677512961472 
0.015468677512961472 
0.015468677512961472 
0.015468677512961472 
0.015468677512961472 
0.015468677512961472 
0.015468677512961472 
0.015468677512961472 
0.015468677512961472 
0.015468677512961472 
0.015468677512961472 
0.015468677512961472 
0.015468677512961472 
0.015468677512961472 
0.015468677512961472 
0.015468677512961472 
0.015468677512961472 
0.015468677512961472 
0.015481583381553709 
0.015486735485569579 
0.015486636303600598 
0.015494287463449233 
0.015499404375652632 
0.015499404375652632 
0.015507120429015826 
0.015509620756162934 
0.015512171221334557 
0.015509562985461583 
0.01550434210148886 
0.01550434210148886 
0.015509435063857095 
0.015509435063857095 
0.015509435063857095 
0.0155066726282591 
0.015516822355108666 
0.015514200462801813 
0.015511577095833937 
0.01550875829974792 
0.015511180999524182 
0.015511180999524182 
0.01551347852675215 
0.015513358888390356 
0.01551599742201577 
0.015515997422015768 
0.015518391153724666 
0.015515620000502718 
0.0155181313308014 
0.015520641223867008 
0.015517995231343513 
0.01552300950202634 
0.01552300950202634 
0.01553036973159364 
0.01552771715352904 
0.01553271180444677 
0.01553271180444677 
0.01553271180444677 
0.015527560529587384 
0.015524741543742364 
0.015529893753661034 
0.015529893753661034 
0.015527234911599684 
0.015521912768727957 
0.015524403499007617 
0.015524403499007617 
0.015527065917294225 
0.015527065917294225 
0.01552972684885346 
0.01552972684885346 
0.015532217356192257 
0.015534706434303804 
0.015539680305591877 
0.01554713041046482 
0.015546945166173323 
0.015546562320976301 
0.015551509765935912 
0.01555418091703964 
0.015551509765935912 
0.015551308112181432 
0.015551509765935912 
0.015551509765935912 
0.015551509765935912 
0.015551308112181432 
0.015551308112181432 
0.015551308112181432 
0.015556451523403401 
0.01556117784745101 
0.01556117784745101 
0.015563853507406194 
0.015563853507406194 
0.015566527679607933 
0.015566527679607933 
0.015566527679607933 
0.015563853507406194 
0.015561387598797223 
0.015566527679607933 
0.015566527679607933 
0.015564061166674976 
0.015564061166674976 
0.015564061166674976 
0.015566317997522729 
0.015566317997522729 
0.015566317997522729 
0.015568992774100707 
0.015568992774100707 
0.015568992774100707 
0.015568992774100707 
0.015571456450826944 
0.015571456450826944 
0.015571456450826944 
0.015571456450826944 
0.015566317997522729 
