0.01639473866824354 
0.016331233388816657 
0.01626756281684506 
0.016228338670363027 
0.016213241008509065 
0.016143633296132564 
0.016118759257461476 
0.016128682525240554 
0.01613398896739427 
0.016108980849203345 
0.016069457240367516 
0.016039662839349208 
0.015999871999487998 
0.015939854955425412 
0.015909673032466758 
0.01588442054341297 
0.015899653329554078 
0.015924821380473943 
0.015869394947508237 
0.015889619252832964 
0.015899653329554075 
0.01587445747104448 
0.01588958703050523 
0.015929814060433974 
0.015889490363129966 
0.015853608295905385 
0.0158587283222836 
0.015873441466802342 
0.01587281247920481 
0.01585821982443174 
0.015847707215871955 
0.015817389923751642 
0.01579714607136365 
0.015812847434918228 
0.015828108667809936 
0.015843173419488914 
0.015843512741813285 
0.015813025516959112 
0.015817608415939495 
0.015802725840816198 
0.015787436017289193 
0.015787792752630116 
0.015802320842205425 
0.01581265316131357 
0.015791463010120375 
0.015765976531759776 
0.015761297408525735 
0.015765976531759776 
0.015775837727360156 
0.015785676545526962 
0.015790587576148013 
0.015800392906507102 
0.015808232791808197 
0.015820292791222292 
0.0158356276793817 
0.015850943694304134 
0.01586069557112802 
0.015839779796449193 
0.015833299592946506 
0.015822746158616084 
0.01581746073173567 
0.01580056505318718 
0.01580056505318718 
0.01577015713301551 
0.015784571707841807 
0.0157792288784972 
0.01578880616132835 
0.015809060693159478 
0.015808485822494195 
0.015853075411414657 
0.01586255162324145 
0.015872006048385946 
0.015873844650871445 
0.01588332458901473 
0.015887436042357497 
0.015906277502923175 
0.01593237508973474 
0.015947746674687305 
0.015964302177044882 
0.01598074040837908 
0.01601601398600788 
0.016026528008274282 
0.016026000873580408 
0.01601601398600788 
0.01602127385696905 
0.016070046670747413 
0.016090496076877184 
0.016089947172069897 
0.0160993237125042 
0.016100436764262017 
0.01610148614258945 
0.016087797114583465 
0.016083056425940937 
0.016102940849422508 
0.016103393927989217 
0.01609773946863348 
0.016086826411694753 
0.016096769365310543 
0.016117129272919542 
0.01614118508660377 
0.016146883786043672 
0.016170380824210667 
0.016183861591103653 
0.016179196518986968 
0.01618852136546139 
0.016203053539379543 
0.01621870525041996 
0.016248817310807576 
0.016237863898924634 
0.016241921068642095 
0.016262193701957924 
0.016272595859296697 
0.01627546079224794 
0.016281277591147444 
0.01629168327705888 
0.016291101865742535 
0.016300323432373972 
0.01629571526506278 
0.016313481050959047 
0.016303670261631275 
0.016318703870099486 
0.01633953928359059 
0.016353917695769417 
0.01637347318072742 
0.0164039487928974 
0.01640911161519721 
0.016409673244766332 
0.016424566965372332 
0.016442917502681814 
0.016458897168401047 
0.0164777843170737 
0.01648693252245547 
0.016496060135680883 
0.016516020828274587 
0.016516020828274587 
0.01653648378585968 
0.016535941944745693 
0.016541051961710292 
0.016564944189462274 
0.016587656133402334 
0.016606936382126597 
0.016606936382126597 
0.01661204382368407 
0.016622796876578864 
0.016642574800793297 
0.016671391543599475 
0.016691602679191717 
0.016711253214525833 
0.016743478252740675 
0.016763090884440137 
0.016790664072632744 
0.016800190475110693 
0.016814201616490745 
0.016820262066923927 
0.016820262066923927 
0.01681624167285901 
0.016820756701171325 
0.01682123610202294 
0.01682526671408213 
0.016835260140550246 
0.01685425714767637 
0.016872747257041455 
0.01689170210487978 
0.016924574322564213 
0.016939480039245593 
0.016963312883985837 
0.01696283749848474 
0.016981691788511534 
0.01698566171804914 
0.017012859136547275 
0.017012317420034225 
0.017026691516557172 
0.01702278755080965 
0.017037137787785834 
0.01703269514786195 
0.017037137787785834 
0.017046526449690565 
0.017084531483186772 
0.017098818672645195 
0.01712243720969652 
0.017132249823067602 
0.01715091787631204 
0.0171371484209013 
0.01715181343182114 
0.01714778119757772 
0.017157512173972076 
0.017171295117142448 
0.0171903154130458 
0.017208117154412915 
0.017226702992737757 
0.017240835246588256 
0.017245677023532593 
0.017269439365538188 
0.017287574265928692 
0.017320508075688773 
0.017315702007137918 
0.017329366520447306 
0.017348198753761153 
0.017366634676873927 
0.01738098455209025 
0.01738098455209025 
0.017380631058738924 
0.017389466236776795 
0.01742145068586425 
0.01742623126209451 
0.01743980917326792 
0.017448981173696074 
0.017467310726039083 
0.017485621064177274 
0.01749514218290323 
0.017490750012506613 
0.017513781544829205 
0.01751885841029603 
0.017514453916694064 
0.017532715020783293 
0.01754655704119757 
0.01755095712489778 
0.01753743607258484 
0.01754686342341559 
0.017542735932573345 
0.017569493561284 
0.017578896438627766 
0.017578597896305607 
0.017577957105420414 
0.017591436098283734 
0.01761398716929248 
0.0176136310850432 
0.017622342182581748 
0.017644835618389875 
0.017663701084427354 
0.017663338755739246 
0.01767239474434634 
0.017676734540067063 
0.017686152775547314 
0.017690854586480554 
0.017709931225162904 
0.017714290728109892 
0.017718645546429334 
0.017714601434974483 
0.017737013953876227 
0.01776773885445191 
0.01777708007519795 
0.01778174344658026 
0.01779939954043394 
0.017807308162661756 
0.017829564660978126 
0.017838141607241488 
0.017860348932761644 
0.01786034893276164 
0.017865029974785937 
0.017882102784627988 
0.017896146624343464 
0.017918278488738813 
0.017927612668729765 
0.017932272583250565 
0.0179411928254506 
0.01795010863476876 
0.01796868208856732 
0.017977584264856055 
0.017986111975632754 
0.017995005529312852 
0.017989977654238484 
0.018007756550997685 
0.018029343193804927 
0.018037789665033797 
0.018051304661990498 
0.018056357993792654 
0.018051723020254883 
0.018064380864009702 
0.01807744406712409 
0.018090932977599578 
0.01809933656242681 
0.0181035315891679 
0.0181035315891679 
0.0181035315891679 
0.018093757597580442 
0.018102110374207753 
0.01811977924810344 
0.018120266664704468 
0.0181290944065058 
0.018146250301370802 
0.018158715373065352 
0.01816286144857137 
0.018175272872779653 
0.01817884484778942 
0.018178844847789418 
0.01819232189688826 
0.018209340899659164 
0.018210451504561877 
0.01822746762443977 
0.018235681945021964 
0.01824445384219544 
0.018245015100021154 
0.018235681945021964 
0.018257885967438835 
0.018270744265081264 
0.018270744265081264 
0.018258439801910786 
0.01825378251212608 
0.01826309239970055 
0.018267740309080377 
0.018267200770780395 
0.018290405791015138 
0.018277022076913955 
0.018281137820168634 
0.018284710115284847 
0.01828005951850267 
0.01831798067473596 
0.018326713180491477 
0.018339509262791084 
0.0183447448605861 
0.018358107091963484 
0.018348231522411093 
0.01834823152241109 
0.018357535346554557 
0.01836218026270301 
0.0183662490454638 
0.0183662490454638 
0.018366820519621786 
0.018379599125116955 
0.018384791975978407 
0.018393492762387467 
0.018388866196696302 
0.018397565056278507 
0.018409755674641638 
0.018414387418537712 
0.018410325798312206 
0.018414950447937676 
0.01840680917486787 
0.018432868035115967 
0.018441546139084976 
0.018445611293746816 
0.018449672083806802 
0.01846239681081522 
0.018471061041531966 
0.018475670488510017 
0.01848027532262439 
0.018471615413926314 
0.01848027532262439 
0.018484328497405576 
0.018492982452811658 
0.018502178898713525 
0.018497029383119874 
0.01851027822589385 
0.018517786476790362 
0.018518360186582393 
0.018526998245803342 
0.018526424803507018 
0.01852642480350702 
0.01852699824580334 
0.018535059104302854 
0.01854310265300821 
0.01854310265300821 
0.01854368938480151 
0.01854368938480151 
0.01854368938480151 
0.01854771144912493 
0.018551729191641407 
0.018559751722477324 
0.01856313594196843 
0.018586195307270393 
0.018586195307270393 
0.018598805983180748 
0.018594801854281747 
0.018582763626543815 
0.018574151501481836 
0.018591371762191188 
0.01860456030117347 
0.01861315835638863 
0.018613158356388635 
0.018613158356388635 
0.018613715373347686 
0.01860566107398498 
0.018601627455682473 
0.01860566107398498 
0.018617736060004716 
0.018617736060004716 
0.018613715373347686 
0.018613715373347686 
0.018622309201600105 
0.01861828606504906 
0.018626877784534906 
0.018631441812162575 
0.018644049345568684 
0.018639484971425577 
0.01864002746779092 
0.018635465542883548 
0.018644049345568684 
0.018630899065799268 
0.018644584843862843 
0.01864913767443417 
0.018653164450033673 
0.018645106596638164 
0.018657715187021157 
0.018656644928818255 
0.01866174011179022 
0.018682896563434696 
0.018686909214741747 
0.018682896563434696 
0.0186834240973115 
0.01869145858406989 
0.018682355311897908 
0.01867323389239261 
0.018677796872222378 
0.018677796872222378 
0.01869436021906072 
0.018702916991742223 
0.018698353296480417 
0.018697771418005944 
0.018706326630314143 
0.0187103068921918 
0.018722830555233896 
0.018722830555233896 
0.018730766134891545 
0.018730766134891545 
0.018743880494710805 
0.018760330913925802 
0.01876823017761664 
0.018772807568395306 
0.018772807568395306 
0.018777380434980808 
0.018781328600501086 
0.0187898457683931 
0.018793787909838718 
0.018802925729790032 
0.018802925729790032 
0.018802925729790032 
0.018810807106554462 
0.018819310933187748 
0.01881409514167503 
0.01881801859920433 
0.018813435199346237 
0.018813435199346237 
0.018817351992243755 
0.018817351992243755 
0.018821937838596745 
0.018817351992243755 
0.018826519168449598 
0.018830436638591255 
0.01881801859920433 
0.01881801859920433 
0.01881801859920433 
0.018814741454508486 
0.018814741454508486 
0.018814741454508486 
0.018818671579046167 
0.018814095141675032 
0.018818671579046167 
0.018818671579046167 
0.018826519168449594 
0.018826519168449594 
0.018823243503711045 
0.01882717185346753 
0.01882717185346753 
0.01883630706906213 
0.01883630706906213 
0.018827171853467533 
0.01883959065372706 
0.018844160899334307 
0.018853287883019237 
0.018848726641341056 
0.01884479938869077 
0.018844160899334307 
0.018848726641341053 
0.01884479938869077 
0.018840867920560347 
0.018840867920560347 
0.018853287883019237 
0.01886239687844575 
0.018870877457076555 
0.018874806065228858 
0.018883281070830885 
0.018883281070830885 
0.018883281070830885 
0.018887203710449038 
0.018891752274471527 
0.018891752274471527 
0.018891752274471527 
0.018887203710449038 
0.018883281070830885 
0.01888720371044904 
0.01888720371044904 
0.018891752274471527 
0.018891752274471527 
0.01890537108866155 
0.01890083596034842 
0.01890083596034842 
0.01890083596034842 
0.01890083596034842 
0.01890537108866155 
0.01890537108866155 
0.01890537108866155 
0.018909299299551 
0.018909299299551 
0.018909901744853144 
0.01892346691280432 
0.01892740489343428 
0.018935856357714588 
0.018940369584567244 
0.018948815266395944 
0.018944304051614035 
0.018948234324073575 
0.018948234324073575 
0.018948234324073575 
0.018952160404555465 
0.018952160404555465 
0.018952160404555465 
0.018952160404555465 
0.018952160404555465 
0.018952160404555465 
0.018952160404555465 
0.018952160404555465 
0.018952160404555465 
0.018956082295664367 
0.018956082295664367 
0.01896 
0.018969037508529525 
0.018969037508529525 
0.018969037508529525 
0.018973549588835507 
0.018973549588835507 
0.018973549588835507 
0.018973549588835507 
0.01897805722406801 
0.018981980507839537 
0.018981980507839537 
0.018981980507839537 
0.018985899609973714 
0.018985899609973714 
0.018994911318561084 
0.019003905282862263 
0.01901288152805881 
0.01900839561877856 
0.01900839561877856 
0.019016811089139 
0.019016811089139 
0.019016811089139 
0.019012322740791038 
0.019012322740791038 
0.019012322740791038 
0.019012322740791038 
0.019012322740791038 
0.019016245686254686 
0.019020736473648964 
0.019024657684173978 
0.019029146486377154 
0.019029146486377154 
0.019029146486377154 
0.019033630867493462 
0.019037552783905815 
0.019041470531447932 
0.019045955371154267 
0.019045955371154267 
0.019045955371154267 
0.019045955371154267 
0.019045955371154267 
0.019045955371154267 
0.019049871390641984 
0.019049871390641984 
0.019049871390641984 
0.019045384112692503 
0.01904929353020736 
0.0190531987865555 
0.0190531987865555 
0.0190531987865555 
0.0190531987865555 
0.01906159447685319 
0.01906159447685319 
0.01906159447685319 
0.01906549385670353 
0.01906549385670353 
0.01906549385670353 
0.019064889614157227 
0.019064889614157227 
0.019064889614157227 
0.019060996825979486 
0.019060996825979486 
0.01906549385670353 
0.01906549385670353 
0.0190699864708919 
0.019070570416219856 
0.019075051769261334 
0.019075051769261334 
0.019075051769261334 
0.01907952871535353 
0.01907952871535353 
0.01908343784541978 
0.019087342821880682 
0.019087342821880682 
0.01909182023799721 
0.01909182023799721 
0.01909182023799721 
0.01909182023799721 
0.01909182023799721 
0.019095723500302364 
0.019095723500302364 
0.019095723500302364 
0.019095723500302364 
0.019095723500302364 
0.019095723500302364 
0.01910799790663585 
0.01910799790663585 
0.01910799790663585 
0.01910799790663585 
0.01910799790663585 
0.01910799790663585 
0.01910799790663585 
0.01910799790663585 
0.01910799790663585 
0.01910799790663585 
0.01910799790663585 
0.019111891167542788 
0.019111891167542788 
0.019111891167542788 
0.019115780287500692 
0.019115780287500692 
0.019115780287500692 
0.019120261086083525 
0.019124148503920378 
0.019124148503920378 
0.019124148503920378 
0.019124148503920378 
0.019124148503920378 
0.019124148503920378 
0.019124148503920378 
0.019132513060233357 
0.019132513060233357 
0.019132513060233357 
0.019132513060233357 
0.019132513060233357 
0.01912862734228465 
0.01912862734228465 
0.019124737488394446 
0.019124737488394446 
0.019124737488394446 
0.019124737488394446 
0.019124737488394446 
0.019124737488394446 
0.019129209497519756 
0.019129209497519756 
0.019129209497519756 
0.01912473748839445 
0.01912473748839445 
0.01912862734228465 
0.01912862734228465 
0.01912862734228465 
0.01912862734228465 
0.01912862734228465 
0.01912862734228465 
0.01912862734228465 
0.01912862734228465 
0.01912862734228465 
0.01912862734228465 
0.01912862734228465 
0.01912862734228465 
0.01912862734228465 
0.01912862734228465 
0.01912862734228465 
0.01912862734228465 
0.019132513060233357 
0.019132513060233357 
0.019132513060233357 
0.019132513060233357 
0.019132513060233357 
0.019132513060233357 
0.019132513060233357 
0.019132513060233357 
0.019132513060233357 
0.019132513060233357 
0.019132513060233357 
0.019132513060233357 
0.019132513060233357 
0.019132513060233357 
0.019132513060233357 
0.019132513060233357 
0.019132513060233357 
0.019132513060233357 
0.019132513060233357 
0.019132513060233357 
0.019132513060233357 
0.019132513060233357 
0.019136989940949437 
0.019136989940949437 
0.019136989940949437 
0.019136989940949437 
0.019136989940949437 
0.019136989940949437 
0.019136989940949437 
0.019136989940949437 
0.019136989940949437 
0.019136989940949437 
0.019136989940949437 
0.019136989940949437 
0.019136989940949437 
0.019136989940949437 
0.019136989940949437 
0.019136989940949437 
0.01913251306023336 
0.01913251306023336 
0.01913251306023336 
0.01913251306023336 
0.01913251306023336 
0.01913251306023336 
0.01913251306023336 
0.019136989940949437 
0.019136989940949437 
0.019136989940949437 
0.019136989940949437 
0.019136989940949437 
0.019136989940949437 
0.019140873961238033 
0.019140873961238033 
0.019140873961238033 
0.019140873961238033 
0.019140873961238033 
0.019140873961238033 
0.019140873961238033 
0.019140873961238033 
0.019140873961238033 
0.019140873961238033 
0.019140873961238033 
0.019140873961238033 
0.019140873961238033 
0.019140873961238033 
0.019140873961238033 
0.019140873961238033 
0.019140873961238033 
0.019140873961238033 
0.019140873961238033 
0.019140873961238033 
