0.33643746051585655 
0.3377407890707896 
0.3382765723951843 
0.3391918854766317 
0.3391007358648218 
0.3400071061001745 
0.34105744756425155 
0.34087119875782806 
0.34228674297794776 
0.34248077512646 
0.3427724881835661 
0.34356153211477175 
0.345154812763941 
0.34631007644322237 
0.34683825833771736 
0.34728795316972605 
0.3481800647832612 
0.34921947292671646 
0.35086796372116574 
0.3514868225172191 
0.3521698254150194 
0.35426871426860856 
0.3545873025310658 
0.35453688806646244 
0.3551383738167022 
0.3556568624122453 
0.3567430766243955 
0.3571298256760864 
0.35738407829331215 
0.35798672232466483 
0.3580190910164277 
0.35879989478662805 
0.35944740386222696 
0.36014392824854025 
0.36030710591931925 
0.36040645905639296 
0.3607658230872318 
0.36151976431341787 
0.3616320485534757 
0.361404032101606 
0.3626799051715901 
0.36341857359085683 
0.36421850733546546 
0.3637650307609892 
0.36469938200695956 
0.36500466619175315 
0.36508532065705873 
0.3654113887907435 
0.3657452444119132 
0.36574981395107925 
0.3666593304754856 
0.36680562199241346 
0.36788025322715007 
0.3672275402346268 
0.3676466867844966 
0.3683231072724514 
0.36777398752843643 
0.36738572059633595 
0.3680970773443332 
0.36824814959351426 
0.368813951182373 
0.3697123030098268 
0.3708110109685152 
0.3707581923304826 
0.37106028883066783 
0.37170188177831953 
0.37196148226868136 
0.3729450513432987 
0.37274788569978456 
0.37315632167451884 
0.3729256260177215 
0.37282441167105956 
0.37283205319065577 
0.3733119269482464 
0.3735436739887252 
0.3735690634290379 
0.3734024650189867 
0.3740931976432455 
0.3747746943943343 
0.37440159428704617 
0.37501017417602023 
0.37507446051236004 
0.3753120475537648 
0.3764457097104645 
0.3766424867466864 
0.37682764971359495 
0.3767363751099206 
0.377301875160125 
0.37878356876897695 
0.3800651953983295 
0.38016692845886907 
0.3816964837176401 
0.3821765091839868 
0.38335983702783233 
0.383738294478608 
0.38425427334564843 
0.3851463318190943 
0.38566654572237774 
0.38592177710127334 
0.3860621791049682 
0.38638530261066245 
0.38662449401623683 
0.3869812197367548 
0.3876444779937972 
0.38736304634449287 
0.387481063046138 
0.38763603645578704 
0.38839455539355155 
0.38828609059364577 
0.3884517977918268 
0.3888987564538527 
0.38869251542188354 
0.3901139874399305 
0.3899654055894041 
0.3896051021846579 
0.3902121459545992 
0.3900496155644136 
0.3906159892912958 
0.3915105315987521 
0.3917621733590957 
0.39220545979902716 
0.39320869512872475 
0.3935823043405218 
0.3936226926267161 
0.3946374272314077 
0.3949257871766163 
0.3946439035114766 
0.3955922199183405 
0.39662414094687315 
0.3968175840845751 
0.39726440589381784 
0.3979513304922632 
0.398261076328723 
0.3985493471504046 
0.39847347076264866 
0.3987070127303248 
0.3991546935928002 
0.3991681114085689 
0.39940177535416743 
0.40058633561957074 
0.4019367970161168 
0.40283723943977595 
0.4033463692811737 
0.4039781875030737 
0.4047690938198134 
0.405747197848357 
0.40684322007812895 
0.40784122258297 
0.40854114515018064 
0.4091096307221999 
0.4097393827916216 
0.41042092495919785 
0.4108490698111137 
0.4110013508404714 
0.41120829258652747 
0.4122086015706357 
0.41245293348264594 
0.413054345258204 
0.41395111500052917 
0.41510404895351277 
0.41550072077060685 
0.4167087970930042 
0.4175966458634557 
0.4189165597101005 
0.42022244946925075 
0.4207956045362166 
0.4215250992480011 
0.4222007601976677 
0.4222718884626425 
0.42419350341829387 
0.4244492145916954 
0.42559611834928307 
0.4257740463664097 
0.42657558212632246 
0.4274768462556666 
0.4277725395807314 
0.42868527537892315 
0.4293565471623925 
0.43085932093813656 
0.4319961538225944 
0.43284875672320905 
0.43330537706458033 
0.4336575417085959 
0.43454065676491394 
0.4349344701422353 
0.4353802222021517 
0.4360770481822902 
0.43731033112994017 
0.4381234530658951 
0.43851068056823844 
0.4400521134451896 
0.4408384193151651 
0.44263765963001633 
0.44385324249028035 
0.44599338035756675 
0.4460949377629181 
0.4473962426828841 
0.44908183352009073 
0.45051577556947797 
0.45277561319045007 
0.4529305939387982 
0.4537359831669139 
0.45444880390007963 
0.45662461872034565 
0.4573646875328816 
0.4584753889134571 
0.4588387970485884 
0.46071346760601456 
0.46226163780462404 
0.4631312865417434 
0.464087160033104 
0.465446740988508 
0.4655526767424094 
0.465753811628291 
0.46740485184309044 
0.4684965544678122 
0.46871140504953857 
0.4684816588698739 
0.46915836900988706 
0.4691013084140318 
0.470002775212898 
0.4709437163652665 
0.47178564967615405 
0.47228836254758927 
0.47391556994907497 
0.47521956357308337 
0.47658325629700105 
0.4775393555936402 
0.47927977485312284 
0.4806292120594786 
0.48080615076033184 
0.4816080568269838 
0.4818427065003579 
0.4825073463235881 
0.48281164386018444 
0.4845770427900821 
0.48496323833427685 
0.48518204309275653 
0.48499545529057403 
0.4863072698890618 
0.48768388768643206 
0.48846285513030524 
0.48927968199729105 
0.49077479391648804 
0.49169858700713887 
0.4931697491488242 
0.49453557628491746 
0.496918623650107 
0.4974255012072288 
0.4976366465193121 
0.49896805450052945 
0.49988447214463105 
0.5012807957408667 
0.5023034413438788 
0.502435537736106 
0.5036382302718759 
0.5053121566701396 
0.5068847801506867 
0.5073786404692265 
0.5080514039666764 
0.5090881706395516 
0.5092144853843338 
0.5109819480369893 
0.5130976142569289 
0.5141408346083198 
0.5152789395872142 
0.5161079291010443 
0.5164795993150733 
0.5180556850393282 
0.5189334822739261 
0.5203136285883367 
0.5215705151825789 
0.5218620537673246 
0.5233036930043262 
0.5234583780775489 
0.5243039143693663 
0.5256669771598481 
0.5267166814280548 
0.52779675179095 
0.5286676837613814 
0.530694121036784 
0.5320860940264369 
0.5326401494107362 
0.5339869874226448 
0.5347785273057675 
0.5355713144775741 
0.5368778049226923 
0.5389283159984747 
0.5397114899706258 
0.5412699274240309 
0.5420156210615003 
0.5424663770959757 
0.5430614330614995 
0.5438735269250153 
0.5466978161298515 
0.5481269483142774 
0.549102927328365 
0.5495695483872036 
0.5500492307460492 
0.5510565731985134 
0.5514232596585422 
0.5519170286426619 
0.5534205030962295 
0.5541009791022713 
0.5545710245398697 
0.5559519794446486 
0.5562620516628395 
0.5593610441172726 
0.5600748000142488 
0.5625185495411749 
0.5631071249649283 
0.5649954551504822 
0.5650155449620403 
0.5656774462197339 
0.5666166351156986 
0.5669275077392152 
0.5675564203298836 
0.5675564203298836 
0.5682385462338899 
0.5691680086814174 
0.569736876800562 
0.5710688292922239 
0.5713788268889629 
0.5724765588558853 
0.5745911037542767 
0.5750294137126812 
0.5752033700941128 
0.5760959514818521 
0.576574890354473 
0.5785350450756311 
0.5792272776748154 
0.5794830049439261 
0.5800592352647552 
0.5812598895592037 
0.5822460177317682 
0.5832924313267457 
0.5840828849419227 
0.5840464635561191 
0.5848313351175869 
0.5854767130255093 
0.5868553145988072 
0.587591143801791 
0.5877041361646933 
0.5890881821785574 
0.5899090235457641 
0.5906986648936765 
0.5920375920618705 
0.592342463246949 
0.592994963138157 
0.5933005829624596 
0.5944102666088148 
0.5953078168478633 
0.5956429932291764 
0.5959810626126992 
0.5964389536282527 
0.5977127148892865 
0.5987224913615119 
0.5990088843644117 
0.6000303375100774 
0.6011643870383641 
0.6032399556499216 
0.6039444159417643 
0.6050611339508641 
0.6049243813996803 
0.6046647449228616 
0.604550111905427 
0.606749012165921 
0.6078423559903959 
0.6083559679313107 
0.6089668679365949 
0.6089668679365949 
0.6092319826110347 
0.6096218409630831 
0.6101906849689522 
0.6110740358567074 
0.6128073607295823 
0.6128073607295823 
0.6128191360264104 
0.613231853193605 
0.6146030512261141 
0.614606526129589 
0.6163805793269951 
0.6169875549897446 
0.6183828272312388 
0.6183868852022534 
0.6187794094137911 
0.6187416056240135 
0.6207120044013612 
0.6206827446053238 
0.6214394363966969 
0.6218739954093774 
0.622195303481971 
0.6219347301745087 
0.6241928644429401 
0.6248435527836852 
0.6254619537263955 
0.6279203116176615 
0.6282239285673077 
0.6282023046886958 
0.6288924587164301 
0.6297617991301715 
0.6299573366630746 
0.6297792263155402 
0.6305726251024772 
0.6312603831508142 
0.6330711692753831 
0.6340816047761622 
0.6345032304167629 
0.6347337405484356 
0.635565090611804 
0.6361348322375687 
0.6373868649286442 
0.6373868649286442 
0.638283316043195 
0.638283316043195 
0.6395665081244971 
0.6417415983305789 
0.6427535896003422 
0.6428927685963608 
0.6432781778262573 
0.6438155419732089 
0.6443382502422895 
0.6449981660743379 
0.645470740853845 
0.6460947728933889 
0.6460947728933889 
0.6460947728933889 
0.6473715463596885 
0.6480769360333537 
0.6479487133026787 
0.6481974654993655 
0.648799167431409 
0.648799167431409 
0.6492815610188801 
0.6492815610188801 
0.649900123824422 
0.650460870444106 
0.6513478186728884 
0.6517902273789558 
0.6515415784771175 
0.6515415784771175 
0.6515415784771175 
0.6514095110794809 
0.6514095110794809 
0.6520093240415455 
0.6521619929666088 
0.6523524576458247 
0.652752185298984 
0.6533727359830772 
0.6541097983974984 
0.6541097983974984 
0.6545917838160135 
0.6551166646091602 
0.6554422737464645 
0.6562737379861449 
0.6562737379861449 
0.6562527693000079 
0.657706614749695 
0.6582586800396923 
0.6589066453509472 
0.6589084707477725 
0.6589781798995761 
0.659112138991153 
0.6596703807547192 
0.6604512040527304 
0.6604103902554165 
0.6604103902554165 
0.6617119594759723 
0.6624995170693002 
0.6633206999279637 
0.6638821721991375 
0.6648223861946995 
0.6648223861946995 
0.6648223861946995 
0.6654410024951025 
0.66583021971674 
0.66583021971674 
0.66583021971674 
0.6658339771563159 
0.6657058047001173 
0.6662016099501686 
0.6662016099501686 
0.667325321077182 
0.667325321077182 
0.6688284119253078 
0.6687396371529356 
0.6687396371529356 
0.6687396371529356 
0.6687396371529356 
0.6692531822965097 
0.6692531822965097 
0.6692531822965097 
0.6697589165999362 
0.6697589165999362 
0.6697881835012922 
0.6714342801218945 
0.6721388218614477 
0.6726565129939897 
0.6734861423694477 
0.6745191059233011 
0.6744805926569601 
0.6747265881810522 
0.6747265881810522 
0.6747265881810522 
0.6752212965375152 
0.6752212965375152 
0.6752212965375152 
0.6752212965375152 
0.6752212965375152 
0.6752212965375152 
0.6752212965375152 
0.6752212965375152 
0.6752212965375152 
0.6756796945187782 
0.6756796945187782 
0.6762254570948748 
0.6769872831469601 
0.6769872831469601 
0.6769872831469601 
0.6775543976251446 
0.6775543976251446 
0.6775543976251446 
0.6775543976251446 
0.6781604655673991 
0.6786766827358887 
0.6786766827358887 
0.6786766827358887 
0.6796833170894779 
0.6796833170894779 
0.6805514940734767 
0.6812744069114128 
0.6824215461552091 
0.6821173522379715 
0.6821173522379715 
0.6831587489946781 
0.6831587489946781 
0.6833140999111269 
0.6834190074741522 
0.6834190074741522 
0.6834190074741522 
0.6834190074741522 
0.6834190074741522 
0.6839846271044423 
0.6842427477212409 
0.6846276815873031 
0.6849285596930702 
0.6849285596930702 
0.6849285596930702 
0.6852382005259021 
0.6857990612910999 
0.6861408536003217 
0.6865577632430074 
0.6865577632430074 
0.6865577632430074 
0.6865577632430074 
0.6865577632430074 
0.6865577632430074 
0.6867159735746433 
0.6867159735746433 
0.6867159735746433 
0.6865817505053149 
0.6869485243618209 
0.6874006230917628 
0.6874006230917628 
0.6874006230917628 
0.6874006230917628 
0.6883702707486387 
0.6883702707486387 
0.6883702707486387 
0.6886561886429643 
0.6886561886429643 
0.6886561886429643 
0.6889679032532178 
0.6889679032532178 
0.6889679032532178 
0.688684474145671 
0.688684474145671 
0.6891988606712471 
0.6891988606712471 
0.6895146808595161 
0.6899798684734859 
0.6905405910452781 
0.6905405910452781 
0.6905405910452781 
0.6909661249120126 
0.6909661249120126 
0.6912637464857083 
0.6916535344455549 
0.6916535344455549 
0.6920579994755247 
0.6920579994755247 
0.6920579994755247 
0.6920579994755247 
0.6920579994755247 
0.6925730584004725 
0.6925730584004725 
0.6925730584004725 
0.6925730584004725 
0.6925730584004725 
0.6925730584004725 
0.6941634207142094 
0.6941634207142094 
0.6941634207142094 
0.6941634207142094 
0.6941634207142094 
0.6941634207142094 
0.6941634207142094 
0.6941634207142094 
0.6941634207142094 
0.6941634207142094 
0.6941634207142094 
0.6945982644758276 
0.6945982644758276 
0.6945982644758276 
0.6948029000799741 
0.6948029000799741 
0.6948029000799741 
0.6954746193819871 
0.6959722437308765 
0.6959722437308765 
0.6959722437308765 
0.6959722437308765 
0.6959722437308765 
0.6959722437308765 
0.6959722437308765 
0.6969710180395824 
0.6969710180395824 
0.6969710180395824 
0.6969710180395824 
0.6969710180395824 
0.6969688446839524 
0.6969688446839524 
0.6967885908797856 
0.6967885908797856 
0.6967885908797856 
0.6967885908797856 
0.6967885908797856 
0.6967885908797856 
0.6973213058847083 
0.6973213058847083 
0.6973213058847083 
0.6971557349850199 
0.6971557349850199 
0.6978169740810974 
0.6978169740810974 
0.6978169740810974 
0.6978169740810974 
0.6978169740810974 
0.6978169740810974 
0.6978169740810974 
0.6978169740810974 
0.6978169740810974 
0.6978169740810974 
0.6978169740810974 
0.6978169740810974 
0.6978169740810974 
0.6978169740810974 
0.6978169740810974 
0.6978169740810974 
0.6982607837963196 
0.6982607837963196 
0.6982607837963196 
0.6982607837963196 
0.6982607837963196 
0.6982607837963196 
0.6982607837963196 
0.6982607837963196 
0.6982607837963196 
0.6982607837963196 
0.6982607837963196 
0.6982607837963196 
0.6982607837963196 
0.6982607837963196 
0.6982607837963196 
0.6982607837963196 
0.6982607837963196 
0.6982607837963196 
0.6982607837963196 
0.6982607837963196 
0.6982607837963196 
0.6982607837963196 
0.6987625895594538 
0.6987625895594538 
0.6987625895594538 
0.6987625895594538 
0.6987625895594538 
0.6993816662657133 
0.6993816662657133 
0.6993816662657133 
0.6993816662657133 
0.6993816662657133 
0.6993816662657133 
0.6993816662657133 
0.6993816662657133 
0.6993816662657133 
0.6993816662657133 
0.6993816662657133 
0.6991418165890115 
0.6991418165890115 
0.6991418165890115 
0.6991418165890115 
0.6991418165890115 
0.6991418165890115 
0.6991418165890115 
0.6994723347713034 
0.6994723347713034 
0.6994723347713034 
0.6994723347713034 
0.6994723347713034 
0.6994723347713034 
0.6997972090904656 
0.6997972090904656 
0.6997972090904656 
0.6997972090904656 
0.6997972090904656 
0.6997972090904656 
0.6997972090904656 
0.6997972090904656 
0.6997972090904656 
0.6997972090904656 
0.6997972090904656 
0.6997972090904656 
0.6997972090904656 
0.6997972090904656 
0.6997972090904656 
0.6997972090904656 
0.6997972090904656 
0.6997972090904656 
0.6997972090904656 
0.6997972090904656 
