0.3340613583045328 
0.3341060886642007 
0.33421474061654594 
0.33401798154904366 
0.33435242312263275 
0.33471950860864047 
0.33518844657777636 
0.3347579027189519 
0.33501471698548974 
0.3349740559726643 
0.3357533771877936 
0.33635998927989846 
0.3361104529468671 
0.3362156457195029 
0.33588031225463455 
0.33617077089254443 
0.33660282254052404 
0.3367422295154081 
0.3373017056330096 
0.33691234372829015 
0.33739048095978597 
0.33726670475965453 
0.33776786520408136 
0.3379873082674089 
0.3388828586263803 
0.3393969039543609 
0.3393453099888825 
0.33885994818211657 
0.33926565182694063 
0.339219729424612 
0.33900801804221503 
0.3391903862801178 
0.3401305416021551 
0.340269319772915 
0.34035058065756885 
0.3403154848831807 
0.3406558741509476 
0.3409104885379783 
0.3401274921641472 
0.34063665846706165 
0.34170271741655106 
0.3431817029503393 
0.34374434496850625 
0.3439826135559966 
0.3441566365774795 
0.3442655073271217 
0.3441468591498387 
0.34421476460539263 
0.34481887862614763 
0.34533132454002446 
0.3457219235863712 
0.3466414044916914 
0.34624111261841256 
0.34629912638021737 
0.3467012081941123 
0.3480459181189883 
0.3482567158919782 
0.348516401491143 
0.3486192453192706 
0.34865919756649294 
0.34882899022700026 
0.3490663653500915 
0.34999686395261664 
0.35046662044880283 
0.350872869761041 
0.35208197506394506 
0.3522762977465124 
0.3528895824814736 
0.35280795137949855 
0.35249376136740723 
0.35292664169273696 
0.35334154601591256 
0.3544320059391934 
0.3546933695585662 
0.35462991393197474 
0.35488078710961074 
0.3553847574379565 
0.354765652668237 
0.3557698440266963 
0.35568671039583644 
0.3556129389298465 
0.35521541671169404 
0.35595548239991265 
0.35618892592344376 
0.3560239727942612 
0.35593808391412574 
0.3555342983258957 
0.35699030191802594 
0.35667660104267446 
0.35653857475245276 
0.35677398113927405 
0.3577131922105333 
0.35832764173820053 
0.3587815179107628 
0.35916100967284115 
0.3600466495486896 
0.359546699370144 
0.36017074382808356 
0.36005664126165154 
0.36029214624327205 
0.3603452492241317 
0.3606668467585471 
0.36068096910281117 
0.3612419974566475 
0.36097348703406246 
0.36080375336692905 
0.3602463792728072 
0.3607833790185205 
0.3607087474792907 
0.3608294429352541 
0.36074084762862224 
0.3607944773603876 
0.36035269279028037 
0.360349703339817 
0.36004746190541037 
0.3606242271583486 
0.3618281430127454 
0.3615826321134957 
0.3614410897601459 
0.36105516547447436 
0.36152862504991334 
0.361651287062503 
0.361651287062503 
0.36160983189202534 
0.36106044054761016 
0.36143055111150235 
0.36203031188789275 
0.3622812208772794 
0.3617638365757674 
0.36120046984663634 
0.36171561495777893 
0.3613861323522351 
0.3610010223416817 
0.36151953734137177 
0.36158554552436073 
0.3623731706634605 
0.36288459617550156 
0.36271228907498315 
0.36296202903876557 
0.36304872191880233 
0.3632478019968509 
0.36351233164857105 
0.3633871022911161 
0.3636930406096096 
0.3639358799383009 
0.3638419754967523 
0.36416144654850235 
0.36447444310176985 
0.36365385686303076 
0.36396389753874847 
0.36327364358285896 
0.36244623974217016 
0.36312250669149343 
0.363604390718909 
0.3636494341268086 
0.363585976075834 
0.36391680234623697 
0.3637879472886247 
0.36417116772213004 
0.36431634897651743 
0.36399983119049034 
0.36413200480458957 
0.3641530097510025 
0.36490453628682684 
0.3645751579846649 
0.3644920692048672 
0.3647235379685974 
0.365445465914912 
0.36613203488561963 
0.36590962514812114 
0.36628890383535834 
0.36698783906719246 
0.36713907589351763 
0.3669846040918848 
0.36721820822964707 
0.3674501425012984 
0.3673368998604345 
0.36742181472916996 
0.3675609555322736 
0.36783867657692076 
0.36754328597420866 
0.36734948908608966 
0.36766759822132683 
0.3678162651132757 
0.36716885785923215 
0.3680050251780919 
0.36831811933388314 
0.3684448833896813 
0.3682380622437177 
0.3681168209595025 
0.3683348587546732 
0.3684863864264441 
0.3687661403734696 
0.3683266825163174 
0.368379555079839 
0.3680452218131118 
0.3684376519645438 
0.3678337829693224 
0.36771569323444026 
0.3674022648067613 
0.3674528060465239 
0.3674086023527741 
0.3668637242067952 
0.36688920844357836 
0.3669251699509405 
0.36760691996431566 
0.367431149224577 
0.367610549174443 
0.3673464236997153 
0.3676006770140569 
0.36775328047107697 
0.36769422083338504 
0.36790348754672275 
0.3677649249321601 
0.36809030371770773 
0.3678050010279884 
0.36852060588672203 
0.3687367143198311 
0.3690247358381861 
0.3694303335952961 
0.3694065404685022 
0.36950730226340467 
0.3698275814721488 
0.37022436869617703 
0.36987716475092136 
0.3701519484707535 
0.3703556461279472 
0.370312547108039 
0.370312547108039 
0.37040698069624933 
0.37022965338817426 
0.37043860190164113 
0.3704347314956933 
0.3704347314956933 
0.3703554631610059 
0.3704542169925533 
0.3702560519658543 
0.3702560519658543 
0.3699009518352127 
0.37019751406840934 
0.36991045511353726 
0.36968557331045393 
0.3694013188487122 
0.36955084794586024 
0.36934810923214345 
0.36873094136751094 
0.36873094136751094 
0.3687119296066606 
0.3687119296066606 
0.3687119296066606 
0.3685867115107848 
0.36876181713076905 
0.3693423887999938 
0.36945267897710077 
0.3693187173368051 
0.3693187173368051 
0.3693187173368051 
0.3693187173368051 
0.3693187173368051 
0.3694625823787329 
0.36915320218459863 
0.36895158344256074 
0.3691334165713875 
0.3690884455567302 
0.3692564158369571 
0.3690666043720787 
0.3690666043720787 
0.369176464381211 
0.36952429909674894 
0.36952429909674894 
0.36952429909674894 
0.3698453445311305 
0.37016635174838314 
0.3703385478265987 
0.3700151256999996 
0.3701423270963316 
0.37027840036298465 
0.3703841985125335 
0.37035315659489126 
0.37022918814663885 
0.37022918814663885 
0.36993583487191295 
0.3692110235997973 
0.3692110235997973 
0.3692263156206761 
0.3689095338169072 
0.3691832628115886 
0.3691422126748276 
0.369296823103094 
0.3689599889444305 
0.3692369304572205 
0.3692369304572205 
0.36853286417130976 
0.36844938820554973 
0.36844938820554973 
0.36834390072284834 
0.36859866346455544 
0.36853692588564324 
0.36837061947379984 
0.36850114256610705 
0.36850114256610705 
0.36850114256610705 
0.36848605600791423 
0.36848605600791423 
0.36848605600791423 
0.3685361158774078 
0.36874992896154457 
0.3688778862124484 
0.3688778862124484 
0.36884644434704716 
0.36885054327620775 
0.36885054327620775 
0.36885054327620775 
0.36869988361223116 
0.3684923395735947 
0.3678893609887993 
0.3678893609887993 
0.368104178258725 
0.36839141891848803 
0.368181718872952 
0.368181718872952 
0.3681241661747877 
0.36832855993133456 
0.36832855993133456 
0.3681141958452574 
0.3681141958452574 
0.3679571084462128 
0.3682067681759638 
0.36785571518804416 
0.3677007137744251 
0.3677007137744251 
0.36765319243400646 
0.36749182124687735 
0.36724741635845376 
0.36745472100896887 
0.36754463389118947 
0.3677778629695086 
0.36769666421027863 
0.36769666421027863 
0.36769666421027863 
0.36769666421027863 
0.36769666421027863 
0.36760861458113 
0.36787781381042567 
0.36702156012561726 
0.36709012271643254 
0.36709012271643254 
0.36709012271643254 
0.36709012271643254 
0.3671518593578471 
0.3671518593578471 
0.3673559527266025 
0.36761995354417654 
0.36775135752282356 
0.36775135752282356 
0.36745853148809576 
0.36745853148809576 
0.3677150662806472 
0.36743151183993233 
0.3673846220418755 
0.3673846220418755 
0.3673846220418755 
0.36748907896577876 
0.3677443872393229 
0.36757836952187645 
0.3673571775680577 
0.3673571775680577 
0.3673571775680577 
0.3675658877744335 
0.3675658877744335 
0.3675658877744335 
0.3673189254317589 
0.3673189254317589 
0.3673189254317589 
0.3673189254317589 
0.3674840860402793 
0.3674840860402793 
0.3678676914275682 
0.3674681987471483 
0.3674681987471483 
0.3674681987471483 
0.3672514312545009 
0.36717731818768584 
0.36717731818768584 
0.36717731818768584 
0.36717731818768584 
0.367150478038074 
0.36712673404046836 
0.36712673404046836 
0.3671964550869413 
0.3671434124842436 
0.3671434124842436 
0.3671434124842436 
0.3665775512955076 
0.3666844395774297 
0.3666844395774297 
0.3666844395774297 
0.3666844395774297 
0.3666844395774297 
0.3666844395774297 
0.3666844395774297 
0.3664618924391579 
0.3662545038396154 
0.3662545038396154 
0.3662545038396154 
0.3662545038396154 
0.3662545038396154 
0.36635813008410295 
0.36635813008410295 
0.36656439513920097 
0.36656439513920097 
0.36656439513920097 
0.36656439513920097 
0.36677405548023756 
0.36677405548023756 
0.36677405548023756 
0.36677405548023756 
0.36677405548023756 
0.36677405548023756 
0.3664903174308741 
0.3664903174308741 
0.3664903174308741 
0.36633887194968623 
0.3665573033421691 
0.36660234516000034 
0.36660234516000034 
0.36661991551681455 
0.36669417631217216 
0.36669417631217216 
0.36669417631217216 
0.3665483910243775 
0.3664018004143422 
0.3664018004143422 
0.3664018004143422 
0.3659378073999673 
0.36606427776074435 
0.3657561768321689 
0.3654412256632992 
0.3654412256632992 
0.3654412256632992 
0.3654412256632992 
0.36545300350205534 
0.36513847832334156 
0.36513847832334156 
0.36525164166922136 
0.36525164166922136 
0.36525164166922136 
0.36525164166922136 
0.36503675525836526 
0.3649873369781069 
0.36479268919614755 
0.36479268919614755 
0.36498299257197514 
0.36486933266866 
0.36486933266866 
0.36486933266866 
0.36486933266866 
0.3650351407920716 
0.3649771318927942 
0.3649771318927942 
0.3649771318927942 
0.3649771318927942 
0.3649771318927942 
0.3649771318927942 
0.3649771318927942 
0.3649771318927942 
0.36494483211427664 
0.36494483211427664 
0.36494483211427664 
0.36494483211427664 
0.36494483211427664 
0.36494483211427664 
0.36494483211427664 
0.36494483211427664 
0.3648060912199076 
0.3649593595770683 
0.3645345094569129 
0.36454985348465646 
0.36454985348465646 
0.36454985348465646 
0.36454985348465646 
0.36454985348465646 
0.36454985348465646 
0.36486896405667923 
0.36486896405667923 
0.36486896405667923 
0.36486896405667923 
0.36496957487560266 
0.36496957487560266 
0.36496957487560266 
0.36496957487560266 
0.36496957487560266 
0.36496957487560266 
0.36496957487560266 
0.3647386672299452 
0.3649127908678101 
0.3649127908678101 
0.3649127908678101 
0.3649127908678101 
0.3649127908678101 
0.3649127908678101 
0.3649127908678101 
0.3649127908678101 
0.3649127908678101 
0.3647946962407935 
0.3647946962407935 
0.36460559935717035 
0.36460559935717035 
0.36460559935717035 
0.36460559935717035 
0.36423933482637944 
0.36423933482637944 
0.36423933482637944 
0.36423933482637944 
0.36423933482637944 
0.36423933482637944 
0.36423933482637944 
0.3641556254249045 
0.36442414274365553 
0.36442414274365553 
0.36442414274365553 
0.36442414274365553 
0.36442414274365553 
0.36442414274365553 
0.36442414274365553 
0.36442414274365553 
0.36442414274365553 
0.36442414274365553 
0.36442414274365553 
0.36441009816209846 
0.36445064496879054 
0.36445064496879054 
0.36445064496879054 
0.364535561578653 
0.364535561578653 
0.364535561578653 
0.364535561578653 
0.364535561578653 
0.364535561578653 
0.364535561578653 
0.364535561578653 
0.364535561578653 
0.364535561578653 
0.364535561578653 
0.36482269341324963 
0.36482269341324963 
0.3644200717358106 
0.3644200717358106 
0.3644200717358106 
0.3644200717358106 
0.3644200717358106 
0.3644200717358106 
0.3644200717358106 
0.3644200717358106 
0.3644200717358106 
0.3644793269722218 
0.3644793269722218 
0.3644793269722218 
0.3644793269722218 
0.3644793269722218 
0.3644793269722218 
0.3644793269722218 
0.3644793269722218 
0.3644793269722218 
0.36452616774564184 
0.36452616774564184 
0.364637233033619 
0.364637233033619 
0.364637233033619 
0.364637233033619 
0.364637233033619 
0.36488853230792745 
0.36488853230792745 
0.3650190534251002 
0.3650190534251002 
0.3650190534251002 
0.3650190534251002 
0.3650190534251002 
0.3650190534251002 
0.36495315759472025 
0.36495315759472025 
0.36495315759472025 
0.36495315759472025 
0.36495315759472025 
0.36495315759472025 
0.36495315759472025 
0.3653156695990453 
0.36565274016219196 
0.36565274016219196 
0.36565274016219196 
0.36565274016219196 
0.36565274016219196 
0.36565274016219196 
0.36565274016219196 
0.36565274016219196 
0.36565274016219196 
0.36565274016219196 
0.36565274016219196 
0.3653634654111609 
0.3653634654111609 
0.3653634654111609 
0.3653634654111609 
0.3653634654111609 
0.3653634654111609 
0.3653634654111609 
0.3653634654111609 
0.3653634654111609 
0.3653634654111609 
0.3653634654111609 
0.3653634654111609 
0.3653634654111609 
0.36496759907453796 
0.36496759907453796 
0.36496759907453796 
0.36496759907453796 
0.36496759907453796 
0.36496759907453796 
0.36496759907453796 
0.36496759907453796 
0.36496759907453796 
0.36496759907453796 
0.36496759907453796 
0.36496759907453796 
0.36496759907453796 
0.36496759907453796 
0.36496759907453796 
0.36496759907453796 
0.36496759907453796 
0.3648984534233111 
0.3648984534233111 
0.3648984534233111 
0.3648984534233111 
0.3648984534233111 
0.3648984534233111 
0.3648984534233111 
0.3648984534233111 
0.36497277317315796 
0.36497277317315796 
0.36497277317315796 
0.36497277317315796 
0.36497277317315796 
0.36497277317315796 
0.36497277317315796 
0.36486336808806474 
0.36486336808806474 
0.36486336808806474 
0.36486336808806474 
0.36486336808806474 
0.36486336808806474 
0.36486336808806474 
0.36486336808806474 
0.36486336808806474 
0.36486336808806474 
0.36486336808806474 
0.36486336808806474 
0.36486336808806474 
0.36486336808806474 
0.36486336808806474 
0.36486336808806474 
0.36486336808806474 
0.36486336808806474 
0.36486336808806474 
0.36486336808806474 
0.36486336808806474 
0.36486336808806474 
0.36486336808806474 
0.36486336808806474 
0.364784919554351 
0.364784919554351 
0.364784919554351 
0.364784919554351 
0.364784919554351 
0.364784919554351 
0.3648155870816049 
0.3648155870816049 
0.3648155870816049 
0.3648155870816049 
0.3648155870816049 
0.3648155870816049 
0.3648155870816049 
0.3648155870816049 
0.3648155870816049 
0.3648155870816049 
0.3648155870816049 
0.3648155870816049 
0.3648155870816049 
0.3648155870816049 
0.3648155870816049 
0.3648155870816049 
0.3648155870816049 
0.3648155870816049 
0.3648155870816049 
0.3648155870816049 
0.3648155870816049 
0.3648155870816049 
0.3648155870816049 
0.3648155870816049 
0.3648155870816049 
0.3648155870816049 
0.3648155870816049 
0.3648155870816049 
0.3648155870816049 
0.3648155870816049 
0.3648155870816049 
0.3648155870816049 
0.3648155870816049 
0.3648155870816049 
0.3648155870816049 
0.3648155870816049 
0.3648155870816049 
0.3648155870816049 
0.3648155870816049 
0.3648155870816049 
0.3648155870816049 
0.3648155870816049 
0.3648155870816049 
0.3648155870816049 
0.3648155870816049 
0.3648155870816049 
0.3648155870816049 
0.3648155870816049 
0.3648155870816049 
0.3648155870816049 
0.3648155870816049 
0.3648155870816049 
0.3648155870816049 
0.3648155870816049 
0.3648155870816049 
0.3648155870816049 
0.3648155870816049 
0.3648155870816049 
0.3648155870816049 
0.3648155870816049 
0.3648155870816049 
0.3648155870816049 
0.3648155870816049 
0.3648155870816049 
0.3648155870816049 
0.3648155870816049 
0.3648155870816049 
0.3648155870816049 
0.3648155870816049 
0.3648155870816049 
0.3648155870816049 
0.3648155870816049 
0.3648155870816049 
0.36466737567835283 
0.36466737567835283 
0.36466737567835283 
0.36466737567835283 
0.36466737567835283 
0.36466737567835283 
0.36466737567835283 
0.36466737567835283 
0.36466737567835283 
0.36466737567835283 
0.36466737567835283 
0.36466737567835283 
0.36466737567835283 
0.36466737567835283 
0.36466737567835283 
0.36466737567835283 
0.36466737567835283 
0.36466737567835283 
0.36466737567835283 
0.36466737567835283 
0.36466737567835283 
0.36466737567835283 
0.36466737567835283 
0.36466737567835283 
0.36466737567835283 
0.36472521931597 
0.36472521931597 
0.36472521931597 
0.36472521931597 
0.36472521931597 
0.36472521931597 
0.36472521931597 
0.36472521931597 
0.36472521931597 
0.36472521931597 
0.36472521931597 
0.36472521931597 
0.36472521931597 
0.36472521931597 
0.36472521931597 
0.36472521931597 
0.36472521931597 
0.36472521931597 
0.36472521931597 
0.36472521931597 
0.36472521931597 
0.36472521931597 
0.36472521931597 
0.36472521931597 
0.36472521931597 
0.36472521931597 
0.36472521931597 
0.36472521931597 
0.36472521931597 
0.36472521931597 
0.36472521931597 
0.36472521931597 
0.3646918597311105 
0.3646918597311105 
0.3646918597311105 
0.3646918597311105 
0.3646918597311105 
0.3646918597311105 
0.3646918597311105 
0.3646918597311105 
0.3646918597311105 
0.3646918597311105 
0.3646918597311105 
0.3646918597311105 
0.3646918597311105 
0.3646918597311105 
0.3646918597311105 
0.3646918597311105 
0.3646918597311105 
0.3646918597311105 
0.3646918597311105 
0.3646918597311105 
0.3646918597311105 
0.3646918597311105 
0.3646918597311105 
0.3646918597311105 
0.3646918597311105 
0.3646918597311105 
0.3646918597311105 
0.3646918597311105 
0.3646918597311105 
0.3646918597311105 
0.3646918597311105 
0.3646918597311105 
0.3646918597311105 
0.3646918597311105 
0.3646918597311105 
0.3646918597311105 
0.3646918597311105 
0.3646918597311105 
0.3646918597311105 
0.3646918597311105 
0.3646918597311105 
0.3646918597311105 
0.3646918597311105 
0.3646918597311105 
0.3646918597311105 
0.3646918597311105 
0.3646918597311105 
0.3646918597311105 
0.3646918597311105 
0.3646918597311105 
0.3646918597311105 
0.3646918597311105 
0.3646918597311105 
0.3646918597311105 
0.3646918597311105 
0.3646918597311105 
0.3646918597311105 
0.3646918597311105 
0.3646918597311105 
0.3646918597311105 
0.3646918597311105 
0.3646918597311105 
0.3646918597311105 
0.3646918597311105 
0.3646918597311105 
0.3646918597311105 
0.3646918597311105 
0.3646918597311105 
0.3646918597311105 
0.3646918597311105 
0.3646918597311105 
0.3646918597311105 
0.3646918597311105 
0.3646918597311105 
0.3646918597311105 
0.3646918597311105 
0.3646918597311105 
0.3646918597311105 
0.3646918597311105 
0.3646918597311105 
0.3646918597311105 
0.3646918597311105 
0.3646918597311105 
0.3646918597311105 
0.3646918597311105 
0.3646918597311105 
0.36464861039421964 
0.36464861039421964 
0.36464861039421964 
0.36464861039421964 
0.36464861039421964 
0.36464861039421964 
0.36464861039421964 
0.36464861039421964 
0.36464861039421964 
0.36464861039421964 
0.36464861039421964 
0.36464861039421964 
0.36464861039421964 
0.36464861039421964 
0.36464861039421964 
0.36464861039421964 
0.36464861039421964 
0.36464861039421964 
0.36464861039421964 
0.36464861039421964 
0.36464861039421964 
0.36464861039421964 
0.36464861039421964 
0.36464861039421964 
0.36464861039421964 
0.36464861039421964 
0.36464861039421964 
0.36464861039421964 
0.36464861039421964 
0.36464861039421964 
0.36464861039421964 
0.36464861039421964 
0.36464861039421964 
0.36464861039421964 
0.36464861039421964 
0.36464861039421964 
0.36464861039421964 
0.36464861039421964 
0.36464861039421964 
0.36464861039421964 
0.36464861039421964 
0.36464861039421964 
0.36464861039421964 
0.36464861039421964 
0.36464861039421964 
0.36464861039421964 
0.36464861039421964 
0.36464861039421964 
0.36464861039421964 
0.36464861039421964 
0.36464861039421964 
0.36464861039421964 
0.36464861039421964 
0.36464861039421964 
0.36464861039421964 
0.36464861039421964 
0.36464861039421964 
0.36464861039421964 
0.36464861039421964 
0.36464861039421964 
0.36464861039421964 
0.36464861039421964 
0.36464861039421964 
0.36464861039421964 
0.36464861039421964 
0.36464861039421964 
0.36464861039421964 
0.36464861039421964 
0.36464861039421964 
0.36464861039421964 
0.36464861039421964 
0.36464861039421964 
0.36464861039421964 
0.36464861039421964 
0.36464861039421964 
0.36464861039421964 
0.36464861039421964 
0.36464861039421964 
0.36464861039421964 
0.36464861039421964 
0.36464861039421964 
0.36464861039421964 
0.36464861039421964 
0.36464861039421964 
0.36464861039421964 
0.36464861039421964 
0.36464861039421964 
0.36464861039421964 
0.36464861039421964 
0.36464861039421964 
0.36464861039421964 
0.36464861039421964 
0.36464861039421964 
0.36464861039421964 
0.36464861039421964 
0.36464861039421964 
0.3642937478287933 
0.3642937478287933 
0.3642937478287933 
0.3642937478287933 
0.3642937478287933 
0.3642937478287933 
0.3642937478287933 
0.3642937478287933 
0.3642937478287933 
0.3642937478287933 
0.3642937478287933 
0.3642937478287933 
0.3642937478287933 
0.3642937478287933 
0.3642937478287933 
0.3642937478287933 
0.3642937478287933 
0.3642937478287933 
0.3642937478287933 
0.3642937478287933 
0.3642937478287933 
0.3642937478287933 
0.3642937478287933 
0.3642937478287933 
0.3642937478287933 
0.3642937478287933 
0.3642937478287933 
0.3642937478287933 
0.3642937478287933 
0.3642937478287933 
0.3642937478287933 
0.3642937478287933 
0.3642937478287933 
0.3642937478287933 
0.3642937478287933 
0.3642937478287933 
0.3642937478287933 
0.3642937478287933 
0.3642937478287933 
0.3642937478287933 
0.3642937478287933 
0.3642937478287933 
0.3642937478287933 
0.3642937478287933 
0.3642937478287933 
0.3642937478287933 
0.3642937478287933 
0.3642937478287933 
0.3642937478287933 
0.3642937478287933 
0.3642937478287933 
0.3642937478287933 
0.3642937478287933 
0.3642937478287933 
0.3642937478287933 
0.3642937478287933 
0.3642937478287933 
0.3642937478287933 
0.3642937478287933 
0.3642937478287933 
0.3642937478287933 
0.3642937478287933 
0.3642937478287933 
0.3642937478287933 
0.3642937478287933 
0.3642937478287933 
0.3642937478287933 
0.3642937478287933 
0.3642937478287933 
0.3642937478287933 
0.3642937478287933 
0.3642937478287933 
0.3642937478287933 
0.3642937478287933 
0.3642937478287933 
0.3642937478287933 
0.3642937478287933 
0.3642937478287933 
0.3642937478287933 
0.3642937478287933 
0.3642937478287933 
0.3642937478287933 
0.3642937478287933 
0.3642937478287933 
0.3642937478287933 
0.3642937478287933 
0.3642937478287933 
0.3642937478287933 
0.3642937478287933 
0.3642937478287933 
0.3642937478287933 
0.3642937478287933 
0.3642937478287933 
0.3642937478287933 
0.3642937478287933 
0.3642937478287933 
0.3642937478287933 
0.3642937478287933 
0.3642937478287933 
0.3642937478287933 
0.3642937478287933 
0.3642937478287933 
0.3642937478287933 
0.3642937478287933 
0.3642937478287933 
0.3642937478287933 
0.3642937478287933 
0.3642937478287933 
0.3642937478287933 
0.3642937478287933 
0.3642937478287933 
0.3642937478287933 
0.3642937478287933 
0.3642937478287933 
0.3642937478287933 
0.3642937478287933 
0.3642937478287933 
0.3642937478287933 
0.3642937478287933 
0.3642937478287933 
0.3642937478287933 
0.3642937478287933 
0.3642937478287933 
0.3642937478287933 
0.3642937478287933 
0.3642937478287933 
0.3642937478287933 
0.3642937478287933 
0.3642937478287933 
0.3642937478287933 
0.3642937478287933 
0.3642937478287933 
0.3642937478287933 
0.3642937478287933 
0.3642937478287933 
0.3642937478287933 
0.3642937478287933 
0.3642937478287933 
0.3642937478287933 
0.3642937478287933 
0.3642937478287933 
0.3642937478287933 
0.3642937478287933 
0.3642937478287933 
0.3642937478287933 
0.3642937478287933 
0.3642937478287933 
0.3642937478287933 
0.3642937478287933 
0.3642937478287933 
0.3642937478287933 
0.3642937478287933 
0.3642937478287933 
0.3642937478287933 
0.3642937478287933 
0.3642937478287933 
0.3642937478287933 
0.3642937478287933 
0.3642937478287933 
0.3642937478287933 
0.3642937478287933 
0.3642937478287933 
0.3642937478287933 
0.3642937478287933 
0.3642937478287933 
0.3642937478287933 
0.3642937478287933 
0.3642937478287933 
0.3642937478287933 
0.3642937478287933 
0.3642937478287933 
0.3642937478287933 
0.3642937478287933 
0.3642937478287933 
0.3642937478287933 
0.3642937478287933 
0.3642937478287933 
0.3642937478287933 
0.3642937478287933 
0.3642937478287933 
0.3642937478287933 
0.3642937478287933 
0.3642937478287933 
0.3642937478287933 
0.3642937478287933 
0.3642937478287933 
0.3642937478287933 
0.3642937478287933 
0.3642937478287933 
0.3642937478287933 
0.3642937478287933 
0.3642937478287933 
0.3642937478287933 
0.3642937478287933 
0.3642937478287933 
0.3642937478287933 
0.3642937478287933 
0.3642937478287933 
0.3642937478287933 
0.3642937478287933 
0.3642937478287933 
0.3642937478287933 
0.3642937478287933 
0.3642937478287933 
0.3642937478287933 
0.3642937478287933 
0.3642937478287933 
0.3642937478287933 
0.3642937478287933 
0.3642937478287933 
0.3642937478287933 
0.3642937478287933 
0.3642937478287933 
0.3642937478287933 
0.3642937478287933 
0.3642937478287933 
0.3642937478287933 
0.3642937478287933 
0.3642937478287933 
0.3642937478287933 
0.3642937478287933 
0.3642937478287933 
0.3642937478287933 
0.3642937478287933 
0.3642937478287933 
0.3642937478287933 
0.3642937478287933 
0.3642937478287933 
0.3642937478287933 
0.3642937478287933 
0.3642937478287933 
0.3642937478287933 
0.3642937478287933 
0.3642937478287933 
0.3642937478287933 
0.3642937478287933 
0.3642937478287933 
0.3642937478287933 
0.3642937478287933 
0.3642937478287933 
0.3642937478287933 
0.3642937478287933 
0.3642937478287933 
0.3642937478287933 
0.3642937478287933 
0.3642937478287933 
0.3642937478287933 
0.3642937478287933 
0.3642937478287933 
0.3642937478287933 
0.3642937478287933 
0.3642937478287933 
0.3642937478287933 
0.3642937478287933 
0.3642937478287933 
0.3642937478287933 
0.3642937478287933 
0.3642937478287933 
0.3642937478287933 
0.3642937478287933 
0.3642937478287933 
0.3642937478287933 
0.3642937478287933 
0.3642937478287933 
0.3642937478287933 
0.3642937478287933 
0.3642937478287933 
0.3642937478287933 
0.3642937478287933 
0.3642937478287933 
0.3642937478287933 
0.3642937478287933 
0.3642937478287933 
0.3642937478287933 
0.3642937478287933 
0.3642937478287933 
0.3642937478287933 
0.3642937478287933 
0.3642937478287933 
0.3642937478287933 
0.3642937478287933 
0.3642937478287933 
0.3642937478287933 
0.3642937478287933 
0.3642937478287933 
0.3642937478287933 
0.3642937478287933 
0.3642937478287933 
0.3642937478287933 
0.3642937478287933 
0.3642937478287933 
0.3642937478287933 
0.3642937478287933 
0.3642937478287933 
0.3642937478287933 
0.3642937478287933 
0.3642937478287933 
0.3642937478287933 
0.3642937478287933 
0.3642937478287933 
0.3642937478287933 
0.3642937478287933 
0.3642937478287933 
0.3642937478287933 
0.3642937478287933 
0.3642937478287933 
0.3642937478287933 
0.3642937478287933 
0.3642937478287933 
0.3642937478287933 
0.3642937478287933 
0.3642937478287933 
0.3642937478287933 
0.3642937478287933 
0.3642937478287933 
0.3642937478287933 
0.3642937478287933 
0.3642937478287933 
0.3642937478287933 
0.3642937478287933 
0.3642937478287933 
0.3642937478287933 
0.3642937478287933 
0.3642937478287933 
0.3642937478287933 
0.3642937478287933 
0.3642937478287933 
0.3642937478287933 
0.3642937478287933 
0.3642937478287933 
0.3642937478287933 
0.3642937478287933 
0.3642937478287933 
0.3642937478287933 
0.3642937478287933 
0.3642937478287933 
0.3642937478287933 
0.3642937478287933 
0.3642937478287933 
0.3642937478287933 
0.3642937478287933 
0.3642937478287933 
0.3642937478287933 
0.3642937478287933 
0.3642937478287933 
0.3642937478287933 
0.3642937478287933 
0.3642937478287933 
0.3642937478287933 
0.3642937478287933 
0.3642937478287933 
0.3642937478287933 
0.3642937478287933 
0.3642937478287933 
0.3642937478287933 
0.3642937478287933 
0.3642937478287933 
0.3642937478287933 
0.3642937478287933 
0.3642937478287933 
0.3642937478287933 
0.3642937478287933 
0.3642937478287933 
0.3642937478287933 
0.3642937478287933 
0.3642937478287933 
0.3642937478287933 
0.3642937478287933 
0.3642937478287933 
0.3642937478287933 
0.3642937478287933 
0.3642937478287933 
0.3642937478287933 
0.3642937478287933 
0.3642937478287933 
0.3642937478287933 
0.3642937478287933 
0.3642937478287933 
0.3642937478287933 
0.3642937478287933 
0.3642937478287933 
0.3642937478287933 
0.3642937478287933 
0.3642937478287933 
0.3642937478287933 
0.3642937478287933 
0.3642937478287933 
0.3642937478287933 
0.3642937478287933 
0.3642937478287933 
0.3642937478287933 
0.3642937478287933 
0.3642937478287933 
0.3642937478287933 
0.3642937478287933 
0.3642937478287933 
0.3642937478287933 
0.3642937478287933 
0.3642937478287933 
0.3642937478287933 
0.3642937478287933 
0.3642937478287933 
0.3642937478287933 
0.3642937478287933 
0.3642937478287933 
0.3642937478287933 
0.3642937478287933 
0.3642937478287933 
0.3642937478287933 
0.3642937478287933 
0.3642937478287933 
0.3642937478287933 
0.3642937478287933 
0.3642937478287933 
0.3642937478287933 
0.3642937478287933 
0.3642937478287933 
0.3642937478287933 
0.3642937478287933 
0.3642937478287933 
0.3642937478287933 
0.3642937478287933 
0.3642937478287933 
0.3642937478287933 
0.3642937478287933 
0.3642937478287933 
0.3642937478287933 
0.3642937478287933 
0.3642937478287933 
0.3642937478287933 
0.3642937478287933 
0.3642937478287933 
0.3642937478287933 
0.3642937478287933 
0.3642937478287933 
0.3642937478287933 
0.3642937478287933 
0.3642937478287933 
0.3642937478287933 
0.3642937478287933 
0.3642937478287933 
0.3642937478287933 
0.3642937478287933 
0.3642937478287933 
0.3642937478287933 
0.3642937478287933 
0.3642937478287933 
0.3642937478287933 
0.3642937478287933 
0.3642937478287933 
0.3642937478287933 
0.3642937478287933 
0.3642937478287933 
0.3642937478287933 
0.3642937478287933 
0.3642937478287933 
0.3642937478287933 
0.3642937478287933 
0.3642937478287933 
0.3642937478287933 
0.3642937478287933 
0.3642937478287933 
0.3642937478287933 
0.3642937478287933 
0.3642937478287933 
0.3642937478287933 
0.3642937478287933 
0.3642937478287933 
0.3642937478287933 
0.3642937478287933 
0.3642937478287933 
0.3642937478287933 
0.3642937478287933 
0.3642937478287933 
0.3642937478287933 
0.3642937478287933 
0.3642937478287933 
0.3642937478287933 
0.3642937478287933 
0.3642937478287933 
0.3642937478287933 
0.3642937478287933 
0.3642937478287933 
0.3642937478287933 
0.3642937478287933 
0.3642937478287933 
0.3642937478287933 
0.3642937478287933 
0.3642937478287933 
0.3642937478287933 
0.3642937478287933 
0.3642937478287933 
0.3642937478287933 
0.3642937478287933 
0.3642937478287933 
0.3642937478287933 
0.3642937478287933 
0.3642937478287933 
0.3642937478287933 
0.3642937478287933 
0.3642937478287933 
0.3642937478287933 
0.3642937478287933 
0.3642937478287933 
0.3642937478287933 
0.3642937478287933 
0.3642937478287933 
0.3642937478287933 
0.3642937478287933 
0.3642937478287933 
0.3642937478287933 
0.3642937478287933 
0.3642937478287933 
0.3642937478287933 
0.3642937478287933 
0.3642937478287933 
0.3642937478287933 
0.3642937478287933 
0.3642937478287933 
0.3642937478287933 
0.3642937478287933 
0.3642937478287933 
0.3642937478287933 
0.3642937478287933 
0.3642937478287933 
0.3642937478287933 
0.3642937478287933 
0.3642937478287933 
0.3642937478287933 
0.3642937478287933 
0.3642937478287933 
0.3642937478287933 
0.3642937478287933 
0.3642937478287933 
0.3642937478287933 
0.3642937478287933 
0.3642937478287933 
0.3642937478287933 
0.3642937478287933 
0.3642937478287933 
0.3642937478287933 
0.3642937478287933 
0.3642937478287933 
0.3642937478287933 
0.3642937478287933 
0.3642937478287933 
0.3642937478287933 
0.3642937478287933 
0.3642937478287933 
0.3642937478287933 
0.3642937478287933 
0.3642937478287933 
0.3642937478287933 
0.3642937478287933 
0.3642937478287933 
0.3642937478287933 
0.3642937478287933 
0.3642937478287933 
0.3642937478287933 
0.3642937478287933 
0.3642937478287933 
0.3642937478287933 
0.3642937478287933 
0.3642937478287933 
0.3642937478287933 
0.3642937478287933 
0.3642937478287933 
0.3642937478287933 
0.3642937478287933 
0.3642937478287933 
0.3642937478287933 
0.3642937478287933 
0.3642937478287933 
0.3642937478287933 
0.3642937478287933 
0.3642937478287933 
0.3642937478287933 
0.3642937478287933 
0.3642937478287933 
0.3642937478287933 
0.3642937478287933 
0.3642937478287933 
0.3642937478287933 
0.3642937478287933 
0.3642937478287933 
0.3642937478287933 
0.3642937478287933 
0.3642937478287933 
0.3642937478287933 
0.3642937478287933 
0.3642937478287933 
0.3642937478287933 
0.3642937478287933 
0.3642937478287933 
0.3642937478287933 
0.3642937478287933 
0.3642937478287933 
0.3642937478287933 
0.3642937478287933 
0.3642937478287933 
0.3642937478287933 
0.3642937478287933 
0.3642937478287933 
0.3642937478287933 
0.3642937478287933 
0.3642937478287933 
0.3642937478287933 
0.3642937478287933 
0.3642937478287933 
0.3642937478287933 
0.3642937478287933 
0.3642937478287933 
0.3642937478287933 
0.3642937478287933 
0.3642937478287933 
0.3642937478287933 
0.3642937478287933 
0.3642937478287933 
0.3642937478287933 
0.3642937478287933 
0.3642937478287933 
0.3642937478287933 
0.3642937478287933 
0.3642937478287933 
0.3642937478287933 
0.3642937478287933 
0.3642937478287933 
0.3642937478287933 
0.3642937478287933 
0.3642937478287933 
0.3642937478287933 
0.3642937478287933 
0.3642937478287933 
0.3642937478287933 
0.3642937478287933 
0.3642937478287933 
0.3642937478287933 
0.3642937478287933 
0.3642937478287933 
0.3642937478287933 
0.3642937478287933 
0.3642937478287933 
0.3642937478287933 
0.3642937478287933 
0.3642937478287933 
0.3642937478287933 
0.3642937478287933 
0.3642937478287933 
0.3642937478287933 
0.3642937478287933 
0.3642937478287933 
0.3642937478287933 
0.3642937478287933 
0.3642937478287933 
0.3642937478287933 
0.3642937478287933 
0.3642937478287933 
0.3642937478287933 
0.3642937478287933 
0.3642937478287933 
0.3642937478287933 
0.3642937478287933 
0.3642937478287933 
0.3642937478287933 
0.3642937478287933 
0.3642937478287933 
0.3642937478287933 
0.3642937478287933 
0.3642937478287933 
0.3642937478287933 
0.3642937478287933 
0.3642937478287933 
0.3642937478287933 
0.3642937478287933 
0.3642937478287933 
0.3642937478287933 
0.3642937478287933 
0.3642937478287933 
0.3642937478287933 
0.3642937478287933 
0.3642937478287933 
0.3642937478287933 
0.3642937478287933 
0.3642937478287933 
0.3642937478287933 
0.3642937478287933 
0.3642937478287933 
0.3642937478287933 
0.3642937478287933 
0.3642937478287933 
0.3642937478287933 
0.3642937478287933 
0.3642937478287933 
0.3642937478287933 
0.3642937478287933 
0.3642937478287933 
0.3642937478287933 
0.3642937478287933 
0.3642937478287933 
0.3642937478287933 
0.3642937478287933 
0.3642937478287933 
0.3642937478287933 
0.3642937478287933 
0.3642937478287933 
0.3642937478287933 
0.3642937478287933 
0.3642937478287933 
0.3642937478287933 
0.3642937478287933 
0.3642937478287933 
0.3642937478287933 
0.3642937478287933 
0.3642937478287933 
0.3642937478287933 
0.3642937478287933 
0.3642937478287933 
0.3642937478287933 
0.3642937478287933 
0.3642937478287933 
0.3642937478287933 
0.3642937478287933 
0.3642937478287933 
0.3642937478287933 
0.3642937478287933 
0.3642937478287933 
0.3642937478287933 
0.3642937478287933 
0.3642937478287933 
0.3642937478287933 
0.3642937478287933 
0.3642937478287933 
0.3642937478287933 
0.3642937478287933 
0.3642937478287933 
0.3642937478287933 
0.3642937478287933 
0.3642937478287933 
0.3642937478287933 
0.3642937478287933 
0.3642937478287933 
0.3642937478287933 
0.3642937478287933 
0.3642937478287933 
0.3642937478287933 
0.3642937478287933 
0.3642937478287933 
0.3642937478287933 
0.3642937478287933 
0.3642937478287933 
0.3642937478287933 
0.3642937478287933 
0.3642937478287933 
0.3642937478287933 
0.3642937478287933 
0.3642937478287933 
0.3642937478287933 
0.3642937478287933 
0.3642937478287933 
0.3642937478287933 
0.3642937478287933 
0.3642937478287933 
0.3642937478287933 
0.3642937478287933 
0.3642937478287933 
0.3642937478287933 
0.3642937478287933 
0.3642937478287933 
0.3642937478287933 
0.3642937478287933 
0.3642937478287933 
0.3642937478287933 
0.3642937478287933 
0.3642937478287933 
0.3642937478287933 
0.3642937478287933 
0.3642937478287933 
0.3642937478287933 
0.3642937478287933 
0.3642937478287933 
0.3642937478287933 
0.3642937478287933 
0.3642937478287933 
0.3642937478287933 
0.3642937478287933 
0.3642937478287933 
0.3642937478287933 
0.3642937478287933 
0.3642937478287933 
0.3642937478287933 
0.3642937478287933 
0.3642937478287933 
0.3642937478287933 
0.3642937478287933 
0.3642937478287933 
0.3642937478287933 
0.3642937478287933 
0.3642937478287933 
0.3642937478287933 
0.3642937478287933 
0.3642937478287933 
0.3642937478287933 
0.3642937478287933 
0.3642937478287933 
0.3642937478287933 
0.3642937478287933 
0.3642937478287933 
0.3642937478287933 
0.3642937478287933 
0.3642937478287933 
0.3642937478287933 
0.3642937478287933 
0.3642937478287933 
0.3642937478287933 
0.3642937478287933 
0.3642937478287933 
0.3642937478287933 
0.3642937478287933 
0.3642937478287933 
0.3642937478287933 
0.3642937478287933 
0.3642937478287933 
0.3642937478287933 
0.3642937478287933 
0.3642937478287933 
0.3642937478287933 
0.3642937478287933 
0.3642937478287933 
0.3642937478287933 
0.3642937478287933 
0.3642937478287933 
0.3642937478287933 
0.3642937478287933 
0.3642937478287933 
0.3642937478287933 
0.3642937478287933 
0.3642937478287933 
0.3642937478287933 
0.3642937478287933 
0.3642937478287933 
0.3642937478287933 
0.3642937478287933 
0.3642937478287933 
0.3642937478287933 
0.3642937478287933 
0.3642937478287933 
0.3642937478287933 
0.3642937478287933 
0.3642937478287933 
0.3642937478287933 
0.3642937478287933 
0.3642937478287933 
0.3642937478287933 
0.3642937478287933 
0.3642937478287933 
0.3642937478287933 
0.3642937478287933 
0.3642937478287933 
0.3642937478287933 
0.3642937478287933 
0.3642937478287933 
0.3642937478287933 
0.3642937478287933 
0.3642937478287933 
0.3642937478287933 
0.3642937478287933 
0.3642937478287933 
0.3642937478287933 
0.3642937478287933 
0.3642937478287933 
0.3642937478287933 
0.3642937478287933 
0.3642937478287933 
0.3642937478287933 
0.3642937478287933 
0.3642937478287933 
0.3642937478287933 
0.3642937478287933 
0.3642937478287933 
0.3642937478287933 
0.3642937478287933 
0.3642937478287933 
0.3642937478287933 
0.3642937478287933 
0.3642937478287933 
0.3642937478287933 
0.3642937478287933 
0.3642937478287933 
0.3642937478287933 
0.3642937478287933 
0.3642937478287933 
0.3642937478287933 
0.3642937478287933 
0.3642937478287933 
0.3642937478287933 
0.3642937478287933 
0.3642937478287933 
0.3642937478287933 
0.3642937478287933 
0.3642937478287933 
0.3642937478287933 
0.3642937478287933 
0.3642937478287933 
0.3642937478287933 
0.3642937478287933 
0.3642937478287933 
0.3642937478287933 
0.3642937478287933 
0.3642937478287933 
0.3642937478287933 
0.3642937478287933 
0.3642937478287933 
0.3642937478287933 
0.3642937478287933 
0.3642937478287933 
0.3642937478287933 
0.3642937478287933 
0.3642937478287933 
0.3642937478287933 
0.3642937478287933 
0.3642937478287933 
0.3642937478287933 
0.3642937478287933 
0.3642937478287933 
0.3642937478287933 
0.3642937478287933 
0.3642937478287933 
0.3642937478287933 
0.3642937478287933 
0.3642937478287933 
0.3642937478287933 
0.3642937478287933 
0.3642937478287933 
0.3642937478287933 
0.3642937478287933 
0.3642937478287933 
0.3642937478287933 
0.3642937478287933 
0.3642937478287933 
0.3642937478287933 
0.3642937478287933 
0.3642937478287933 
0.3642937478287933 
0.3642937478287933 
0.3642937478287933 
0.3642937478287933 
0.3642937478287933 
0.3642937478287933 
0.3642937478287933 
0.3642937478287933 
0.3642937478287933 
0.3642937478287933 
0.3642937478287933 
0.3642937478287933 
0.3642937478287933 
0.3642937478287933 
0.3642937478287933 
0.3642937478287933 
0.3642937478287933 
0.3642937478287933 
0.3642937478287933 
0.3642937478287933 
0.3642937478287933 
0.3642937478287933 
0.3642937478287933 
0.3642937478287933 
0.3642937478287933 
0.3642937478287933 
0.3642937478287933 
0.3642937478287933 
0.3642937478287933 
0.3642937478287933 
0.3642937478287933 
0.3642937478287933 
0.3642937478287933 
0.3642937478287933 
0.3642937478287933 
0.3642937478287933 
0.3642937478287933 
0.3642937478287933 
0.3642937478287933 
0.3642937478287933 
0.3642937478287933 
0.3642937478287933 
0.3642937478287933 
0.3642937478287933 
0.3642937478287933 
0.3642937478287933 
0.3642937478287933 
0.3642937478287933 
0.3642937478287933 
0.3642937478287933 
0.3642937478287933 
0.3642937478287933 
0.3642937478287933 
0.3642937478287933 
0.3642937478287933 
0.3642937478287933 
0.3642937478287933 
0.3642937478287933 
0.3642937478287933 
0.3642937478287933 
0.3642937478287933 
0.3642937478287933 
0.3642937478287933 
0.3642937478287933 
0.3642937478287933 
0.3642937478287933 
0.3642937478287933 
0.3642937478287933 
0.3642937478287933 
0.3642937478287933 
0.3642937478287933 
0.3642937478287933 
0.3642937478287933 
0.3642937478287933 
0.3642937478287933 
0.3642937478287933 
0.3642937478287933 
0.3642937478287933 
0.3642937478287933 
0.3642937478287933 
0.3642937478287933 
0.3642937478287933 
0.3642937478287933 
0.3642937478287933 
0.3642937478287933 
0.3642937478287933 
0.3642937478287933 
0.3642937478287933 
0.3642937478287933 
0.3642937478287933 
0.3642937478287933 
0.3642937478287933 
0.3642937478287933 
0.3642937478287933 
0.3642937478287933 
0.3642937478287933 
0.3642937478287933 
0.3642937478287933 
0.3642937478287933 
0.3642937478287933 
0.3642937478287933 
0.3642937478287933 
0.3642937478287933 
0.3642937478287933 
0.3642937478287933 
0.3642937478287933 
0.3642937478287933 
0.3642937478287933 
0.3642937478287933 
0.3642937478287933 
0.3642937478287933 
0.3642937478287933 
0.3642937478287933 
0.3642937478287933 
0.3642937478287933 
0.3642937478287933 
0.3642937478287933 
0.3642937478287933 
0.3642937478287933 
0.3642937478287933 
0.3642937478287933 
0.3642937478287933 
0.3642937478287933 
0.3642937478287933 
0.3642937478287933 
0.3642937478287933 
0.3642937478287933 
0.3642937478287933 
0.3642937478287933 
0.3642937478287933 
0.3642937478287933 
0.3642937478287933 
0.3642937478287933 
0.3642937478287933 
0.3642937478287933 
0.3642937478287933 
0.3642937478287933 
0.3642937478287933 
0.3642937478287933 
0.3642937478287933 
0.3642937478287933 
0.3642937478287933 
0.3642937478287933 
0.3642937478287933 
0.3642937478287933 
0.3642937478287933 
0.3642937478287933 
0.3642937478287933 
0.3642937478287933 
0.3642937478287933 
0.3642937478287933 
0.3642937478287933 
0.3642937478287933 
0.3642937478287933 
0.3642937478287933 
0.3642937478287933 
0.3642937478287933 
0.3642937478287933 
0.3642937478287933 
0.3642937478287933 
0.3642937478287933 
0.3642937478287933 
0.3642937478287933 
0.3642937478287933 
0.3642937478287933 
0.3642937478287933 
0.3642937478287933 
0.3642937478287933 
0.3642937478287933 
0.3642937478287933 
0.3642937478287933 
0.3642937478287933 
0.3642937478287933 
0.3642937478287933 
0.3642937478287933 
0.3642937478287933 
0.3642937478287933 
0.3642937478287933 
0.3642937478287933 
0.3642937478287933 
0.3642937478287933 
0.3642937478287933 
0.3642937478287933 
0.3642937478287933 
0.3642937478287933 
0.3642937478287933 
0.3642937478287933 
0.3642937478287933 
0.3642937478287933 
0.3642937478287933 
0.3642937478287933 
0.3642937478287933 
0.3642937478287933 
0.3642937478287933 
0.3642937478287933 
0.3642937478287933 
0.3642937478287933 
0.3642937478287933 
0.3642937478287933 
0.3642937478287933 
0.3642937478287933 
0.3642937478287933 
0.3642937478287933 
0.3642937478287933 
0.3642937478287933 
0.3642937478287933 
0.3642937478287933 
0.3642937478287933 
0.3642937478287933 
0.3642937478287933 
0.3642937478287933 
0.3642937478287933 
0.3642937478287933 
0.3642937478287933 
0.3642937478287933 
0.3642937478287933 
0.3642937478287933 
0.3642937478287933 
0.3642937478287933 
0.3642937478287933 
0.3642937478287933 
0.3642937478287933 
0.3642937478287933 
0.3642937478287933 
0.3642937478287933 
0.3642937478287933 
0.3642937478287933 
0.3642937478287933 
0.3642937478287933 
0.3642937478287933 
0.3642937478287933 
0.3642937478287933 
0.3642937478287933 
0.3642937478287933 
0.3642937478287933 
0.3642937478287933 
0.3642937478287933 
0.3642937478287933 
0.3642937478287933 
0.3642937478287933 
0.3642937478287933 
0.3642937478287933 
0.3642937478287933 
0.3642937478287933 
0.3642937478287933 
0.3642937478287933 
0.3642937478287933 
0.3642937478287933 
0.3642937478287933 
0.3642937478287933 
0.3642937478287933 
0.3642937478287933 
0.3642937478287933 
0.3642937478287933 
0.3642937478287933 
0.3642937478287933 
0.3642937478287933 
0.3642937478287933 
0.3642937478287933 
0.3642937478287933 
0.3642937478287933 
0.3642937478287933 
0.3642937478287933 
0.3642937478287933 
0.3642937478287933 
0.3642937478287933 
0.3642937478287933 
0.3642937478287933 
0.3642937478287933 
0.3642937478287933 
0.3642937478287933 
0.3642937478287933 
0.3642937478287933 
0.3642937478287933 
0.3642937478287933 
0.3642937478287933 
0.3642937478287933 
0.3642937478287933 
0.3642937478287933 
0.3642937478287933 
0.3642937478287933 
0.3642937478287933 
0.3642937478287933 
0.3642937478287933 
0.3642937478287933 
0.3642937478287933 
0.3642937478287933 
0.3642937478287933 
0.3642937478287933 
0.3642937478287933 
0.3642937478287933 
0.3642937478287933 
0.3642937478287933 
0.3642937478287933 
0.3642937478287933 
0.3642937478287933 
0.3642937478287933 
0.3642937478287933 
0.3642937478287933 
0.3642937478287933 
0.3642937478287933 
0.3642937478287933 
0.3642937478287933 
0.3642937478287933 
0.3642937478287933 
0.3642937478287933 
0.3642937478287933 
0.3642937478287933 
0.3642937478287933 
0.3642937478287933 
0.3642937478287933 
0.3642937478287933 
0.3642937478287933 
0.3642937478287933 
0.3642937478287933 
0.3642937478287933 
0.3642937478287933 
0.3642937478287933 
0.3642937478287933 
0.3642937478287933 
0.3642937478287933 
0.3642937478287933 
0.3642937478287933 
0.3642937478287933 
0.3642937478287933 
0.3642937478287933 
0.3642937478287933 
0.3642937478287933 
0.3642937478287933 
0.3642937478287933 
0.3642937478287933 
0.3642937478287933 
0.3642937478287933 
0.3642937478287933 
0.3642937478287933 
0.3642937478287933 
0.3642937478287933 
0.3642937478287933 
0.3642937478287933 
0.3642937478287933 
0.3642937478287933 
0.3642937478287933 
0.3642937478287933 
0.3642937478287933 
0.3642937478287933 
0.3642937478287933 
0.3642937478287933 
0.3642937478287933 
0.3642937478287933 
0.3642937478287933 
0.3642937478287933 
0.3642937478287933 
0.3642937478287933 
0.3642937478287933 
0.3642937478287933 
0.3642937478287933 
0.3642937478287933 
0.3642937478287933 
0.3642937478287933 
0.3642937478287933 
0.3642937478287933 
0.3642937478287933 
0.3642937478287933 
0.3642937478287933 
0.3642937478287933 
0.3642937478287933 
0.3642937478287933 
0.3642937478287933 
0.3642937478287933 
0.3642937478287933 
0.3642937478287933 
0.3642937478287933 
0.3642937478287933 
0.3642937478287933 
0.3642937478287933 
0.3642937478287933 
0.3642937478287933 
0.3642937478287933 
0.3642937478287933 
0.3642937478287933 
0.3642937478287933 
0.3642937478287933 
0.3642937478287933 
0.3642937478287933 
0.3642937478287933 
0.3642937478287933 
0.3642937478287933 
0.3642937478287933 
0.3642937478287933 
0.3642937478287933 
0.3642937478287933 
0.3642937478287933 
0.3642937478287933 
0.3642937478287933 
0.3642937478287933 
0.3642937478287933 
0.3642937478287933 
0.3642937478287933 
0.3642937478287933 
0.3642937478287933 
0.3642937478287933 
0.3642937478287933 
0.3642937478287933 
0.3642937478287933 
0.3642937478287933 
0.3642937478287933 
0.3642937478287933 
0.3642937478287933 
0.3642937478287933 
0.3642937478287933 
0.3642937478287933 
0.3642937478287933 
0.3642937478287933 
0.3642937478287933 
0.3642937478287933 
0.3642937478287933 
0.3642937478287933 
0.3642937478287933 
0.3642937478287933 
0.3642937478287933 
0.3642937478287933 
0.3642937478287933 
0.3642937478287933 
0.3642937478287933 
0.3642937478287933 
0.3642937478287933 
0.3642937478287933 
0.3642937478287933 
0.3642937478287933 
0.3642937478287933 
0.3642937478287933 
0.3642937478287933 
0.3642937478287933 
0.3642937478287933 
0.3642937478287933 
0.3642937478287933 
0.3642937478287933 
0.3642937478287933 
0.3642937478287933 
0.3642937478287933 
0.3642937478287933 
0.3642937478287933 
0.3642937478287933 
0.3642937478287933 
0.3642937478287933 
0.3642937478287933 
0.3642937478287933 
0.3642937478287933 
0.3642937478287933 
0.3642937478287933 
0.3642937478287933 
0.3642937478287933 
0.3642937478287933 
0.3642937478287933 
0.3642937478287933 
0.3642937478287933 
0.3642937478287933 
0.3642937478287933 
0.3642937478287933 
0.3642937478287933 
0.3642937478287933 
0.3642937478287933 
0.3642937478287933 
0.3642937478287933 
0.3642937478287933 
0.3642937478287933 
0.3642937478287933 
0.3642937478287933 
0.3642937478287933 
0.3642937478287933 
0.3642937478287933 
0.3642937478287933 
0.3642937478287933 
0.3642937478287933 
0.3642937478287933 
0.3642937478287933 
0.3642937478287933 
0.3642937478287933 
0.3642937478287933 
0.3642937478287933 
0.3642937478287933 
0.3642937478287933 
0.3642937478287933 
0.3642937478287933 
0.3642937478287933 
0.3642937478287933 
0.3642937478287933 
0.3642937478287933 
0.3642937478287933 
0.3642937478287933 
0.3642937478287933 
0.3642937478287933 
0.3642937478287933 
0.3642937478287933 
0.3642937478287933 
0.3642937478287933 
0.3642937478287933 
0.3642937478287933 
0.3642937478287933 
0.3642937478287933 
0.3642937478287933 
0.3642937478287933 
0.3642937478287933 
0.3642937478287933 
0.3642937478287933 
0.3642937478287933 
0.3642937478287933 
0.3642937478287933 
0.3642937478287933 
0.3642937478287933 
0.3642937478287933 
0.3642937478287933 
0.3642937478287933 
0.3642937478287933 
0.3642937478287933 
0.3642937478287933 
0.3642937478287933 
0.3642937478287933 
0.3642937478287933 
0.3642937478287933 
0.3642937478287933 
0.3642937478287933 
0.3642937478287933 
0.3642937478287933 
0.3642937478287933 
0.3642937478287933 
0.3642937478287933 
0.3642937478287933 
0.3642937478287933 
0.3642937478287933 
0.3642937478287933 
0.3642937478287933 
0.3642937478287933 
0.3642937478287933 
0.3642937478287933 
0.3642937478287933 
0.3642937478287933 
0.3642937478287933 
0.3642937478287933 
0.3642937478287933 
0.3642937478287933 
0.3642937478287933 
0.3642937478287933 
0.3642937478287933 
0.3642937478287933 
0.3642937478287933 
0.3642937478287933 
0.3642937478287933 
0.3642937478287933 
0.3642937478287933 
0.3642937478287933 
0.3642937478287933 
0.3642937478287933 
0.3642937478287933 
0.3642937478287933 
0.3642937478287933 
0.3642937478287933 
0.3642937478287933 
0.3642937478287933 
0.3642937478287933 
0.3642937478287933 
0.3642937478287933 
0.3642937478287933 
0.3642937478287933 
0.3642937478287933 
0.3642937478287933 
0.3642937478287933 
0.3642937478287933 
0.3642937478287933 
0.3642937478287933 
0.3642937478287933 
0.3642937478287933 
0.3642937478287933 
0.3642937478287933 
0.3642937478287933 
0.3642937478287933 
0.3642937478287933 
0.3642937478287933 
0.3642937478287933 
0.3642937478287933 
0.3642937478287933 
0.3642937478287933 
0.3642937478287933 
0.3642937478287933 
0.3642937478287933 
0.3642937478287933 
0.3642937478287933 
0.3642937478287933 
0.3642937478287933 
0.3642937478287933 
0.3642937478287933 
0.3642937478287933 
0.3642937478287933 
0.3642937478287933 
0.3642937478287933 
0.3642937478287933 
0.3642937478287933 
0.3642937478287933 
0.3642937478287933 
0.3642937478287933 
0.3642937478287933 
0.3642937478287933 
0.3642937478287933 
0.3642937478287933 
0.3642937478287933 
0.3642937478287933 
0.3642937478287933 
0.3642937478287933 
0.3642937478287933 
0.3642937478287933 
0.3642937478287933 
0.3642937478287933 
0.3642937478287933 
0.3642937478287933 
0.3642937478287933 
0.3642937478287933 
0.3642937478287933 
0.3642937478287933 
0.3642937478287933 
0.3642937478287933 
0.3642937478287933 
0.3642937478287933 
0.3642937478287933 
0.3642937478287933 
0.3642937478287933 
0.3642937478287933 
0.3642937478287933 
0.3642937478287933 
0.3642937478287933 
0.3642937478287933 
0.3642937478287933 
0.3642937478287933 
0.3642937478287933 
0.3642937478287933 
0.3642937478287933 
0.3642937478287933 
0.3642937478287933 
0.3642937478287933 
0.3642937478287933 
0.3642937478287933 
0.3642937478287933 
0.3642937478287933 
0.3642937478287933 
0.3642937478287933 
0.3642937478287933 
0.3642937478287933 
0.3642937478287933 
0.3642937478287933 
0.3642937478287933 
0.3642937478287933 
0.3642937478287933 
0.3642937478287933 
0.3642937478287933 
0.3642937478287933 
0.3642937478287933 
0.3642937478287933 
0.3642937478287933 
0.3642937478287933 
0.3642937478287933 
0.3642937478287933 
0.3642937478287933 
0.3642937478287933 
0.3642937478287933 
0.3642937478287933 
0.3642937478287933 
0.3642937478287933 
0.3642937478287933 
0.3642937478287933 
0.3642937478287933 
0.3642937478287933 
0.3642937478287933 
0.3642937478287933 
0.3642937478287933 
0.3642937478287933 
0.3642937478287933 
0.3642937478287933 
0.3642937478287933 
0.3642937478287933 
0.3642937478287933 
0.3642937478287933 
0.3642937478287933 
0.3642937478287933 
0.3642937478287933 
0.3642937478287933 
0.3642937478287933 
0.3642937478287933 
0.3642937478287933 
0.3642937478287933 
0.3642937478287933 
0.3642937478287933 
0.3642937478287933 
0.3642937478287933 
0.3642937478287933 
0.3642937478287933 
0.3642937478287933 
0.3642937478287933 
0.3642937478287933 
0.3642937478287933 
0.3642937478287933 
0.3642937478287933 
0.3642937478287933 
0.3642937478287933 
0.3642937478287933 
0.3642937478287933 
0.3642937478287933 
0.3642937478287933 
0.3642937478287933 
0.3642937478287933 
0.3642937478287933 
0.3642937478287933 
0.3642937478287933 
0.3642937478287933 
0.3642937478287933 
0.3642937478287933 
0.3642937478287933 
0.3642937478287933 
0.3642937478287933 
0.3642937478287933 
0.3642937478287933 
0.3642937478287933 
0.3642937478287933 
0.3642937478287933 
0.3642937478287933 
0.3642937478287933 
0.3642937478287933 
0.3642937478287933 
0.3642937478287933 
0.3642937478287933 
0.3642937478287933 
0.3642937478287933 
0.3642937478287933 
0.3642937478287933 
0.3642937478287933 
0.3642937478287933 
0.3642937478287933 
0.3642937478287933 
0.3642937478287933 
0.3642937478287933 
0.3642937478287933 
0.3642937478287933 
0.3642937478287933 
0.3642937478287933 
0.3642937478287933 
0.3642937478287933 
0.3642937478287933 
0.3642937478287933 
0.3642937478287933 
0.3642937478287933 
0.3642937478287933 
0.3642937478287933 
0.3642937478287933 
0.3642937478287933 
0.3642937478287933 
0.3642937478287933 
0.3642937478287933 
0.3642937478287933 
0.3642937478287933 
0.3642937478287933 
0.3642937478287933 
0.3642937478287933 
0.3642937478287933 
0.3642937478287933 
0.3642937478287933 
0.3642937478287933 
0.3642937478287933 
0.3642937478287933 
0.3642937478287933 
0.3642937478287933 
0.3642937478287933 
0.3642937478287933 
0.3642937478287933 
0.3642937478287933 
0.3642937478287933 
0.3642937478287933 
0.3642937478287933 
0.3642937478287933 
0.3642937478287933 
0.3642937478287933 
0.3642937478287933 
0.3642937478287933 
0.3642937478287933 
0.3642937478287933 
0.3642937478287933 
0.3642937478287933 
0.3642937478287933 
0.3642937478287933 
0.3642937478287933 
0.3642937478287933 
0.3642937478287933 
0.3642937478287933 
0.3642937478287933 
0.3642937478287933 
0.3642937478287933 
0.3642937478287933 
0.3642937478287933 
0.3642937478287933 
0.3642937478287933 
0.3642937478287933 
0.3642937478287933 
0.3642937478287933 
0.3642937478287933 
0.3642937478287933 
0.3642937478287933 
0.3642937478287933 
0.3642937478287933 
0.3642937478287933 
0.3642937478287933 
0.3642937478287933 
0.3642937478287933 
0.3642937478287933 
0.3642937478287933 
0.3642937478287933 
0.3642937478287933 
0.3642937478287933 
0.3642937478287933 
0.3642937478287933 
0.3642937478287933 
0.3642937478287933 
0.3642937478287933 
0.3642937478287933 
0.3642937478287933 
0.3642937478287933 
0.3642937478287933 
0.3642937478287933 
0.3642937478287933 
0.3642937478287933 
0.3642937478287933 
0.3642937478287933 
0.3642937478287933 
0.3642937478287933 
0.3642937478287933 
0.3642937478287933 
0.3642937478287933 
0.3642937478287933 
0.3642937478287933 
0.3642937478287933 
0.3642937478287933 
0.3642937478287933 
0.3642937478287933 
0.3642937478287933 
0.3642937478287933 
0.3642937478287933 
0.3642937478287933 
0.3642937478287933 
0.3642937478287933 
0.3642937478287933 
0.3642937478287933 
0.3642937478287933 
0.3642937478287933 
0.3642937478287933 
0.3642937478287933 
0.3642937478287933 
0.3642937478287933 
0.3642937478287933 
0.3642937478287933 
0.3642937478287933 
0.3642937478287933 
0.3642937478287933 
0.3642937478287933 
0.3642937478287933 
0.3642937478287933 
0.3642937478287933 
0.3642937478287933 
0.3642937478287933 
0.3642937478287933 
0.3642937478287933 
0.3642937478287933 
0.3642937478287933 
0.3642937478287933 
0.3642937478287933 
0.3642937478287933 
0.3642937478287933 
0.3642937478287933 
0.3642937478287933 
0.3642937478287933 
0.3642937478287933 
0.3642937478287933 
0.3642937478287933 
0.3642937478287933 
0.3642937478287933 
0.3642937478287933 
0.3642937478287933 
0.3642937478287933 
0.3642937478287933 
0.3642937478287933 
0.3642937478287933 
0.3642937478287933 
0.3642937478287933 
0.3642937478287933 
0.3642937478287933 
0.3642937478287933 
0.3642937478287933 
0.3642937478287933 
0.3642937478287933 
0.3642937478287933 
0.3642937478287933 
0.3642937478287933 
0.3642937478287933 
0.3642937478287933 
0.3642937478287933 
0.3642937478287933 
0.3642937478287933 
0.3642937478287933 
0.3642937478287933 
0.3642937478287933 
0.3642937478287933 
0.3642937478287933 
0.3642937478287933 
0.3642937478287933 
0.3642937478287933 
0.3642937478287933 
0.3642937478287933 
0.3642937478287933 
0.3642937478287933 
0.3642937478287933 
0.3642937478287933 
0.3642937478287933 
0.3642937478287933 
0.3642937478287933 
0.3642937478287933 
0.3642937478287933 
0.3642937478287933 
0.3642937478287933 
0.3642937478287933 
0.3642937478287933 
0.3642937478287933 
0.3642937478287933 
0.3642937478287933 
0.3642937478287933 
0.3642937478287933 
0.3642937478287933 
0.3642937478287933 
0.3642937478287933 
0.3642937478287933 
0.3642937478287933 
0.3642937478287933 
0.3642937478287933 
0.3642937478287933 
0.3642937478287933 
0.3642937478287933 
0.3642937478287933 
0.3642937478287933 
0.3642937478287933 
0.3642937478287933 
0.3642937478287933 
0.3642937478287933 
0.3642937478287933 
0.3642937478287933 
0.3642937478287933 
0.3642937478287933 
0.3642937478287933 
0.3642937478287933 
0.3642937478287933 
0.3642937478287933 
0.3642937478287933 
0.3642937478287933 
0.3642937478287933 
0.3642937478287933 
0.3642937478287933 
0.3642937478287933 
0.3642937478287933 
0.3642937478287933 
0.3642937478287933 
0.3642937478287933 
0.3642937478287933 
0.3642937478287933 
0.3642937478287933 
0.3642937478287933 
0.3642937478287933 
0.3642937478287933 
0.3642937478287933 
0.3642937478287933 
0.3642937478287933 
0.3642937478287933 
0.3642937478287933 
0.3642937478287933 
0.3642937478287933 
0.3642937478287933 
0.3642937478287933 
0.3642937478287933 
0.3642937478287933 
0.3642937478287933 
0.3642937478287933 
0.3642937478287933 
0.3642937478287933 
0.3642937478287933 
0.3642937478287933 
0.3642937478287933 
0.3642937478287933 
0.3642937478287933 
0.3642937478287933 
0.3642937478287933 
0.3642937478287933 
0.3642937478287933 
0.3642937478287933 
0.3642937478287933 
0.3642937478287933 
0.3642937478287933 
0.3642937478287933 
0.3642937478287933 
0.3642937478287933 
0.3642937478287933 
0.3642937478287933 
0.3642937478287933 
0.3642937478287933 
0.3642937478287933 
0.3642937478287933 
0.3642937478287933 
0.3642937478287933 
0.3642937478287933 
0.3642937478287933 
0.3642937478287933 
0.3642937478287933 
0.3642937478287933 
0.3642937478287933 
0.3642937478287933 
0.3642937478287933 
0.3642937478287933 
0.3642937478287933 
0.3642937478287933 
0.3642937478287933 
0.3642937478287933 
0.3642937478287933 
0.3642937478287933 
0.3642937478287933 
0.3642937478287933 
0.3642937478287933 
0.3642937478287933 
0.3642937478287933 
0.3642937478287933 
0.3642937478287933 
0.3642937478287933 
0.3642937478287933 
0.3642937478287933 
0.3642937478287933 
0.3642937478287933 
0.3642937478287933 
0.3642937478287933 
0.3642937478287933 
0.3642937478287933 
0.3642937478287933 
0.3642937478287933 
0.3642937478287933 
0.3642937478287933 
0.3642937478287933 
0.3642937478287933 
0.3642937478287933 
0.3642937478287933 
0.3642937478287933 
0.3642937478287933 
0.3642937478287933 
0.3642937478287933 
0.3642937478287933 
0.3642937478287933 
0.3642937478287933 
0.3642937478287933 
0.3642937478287933 
0.3642937478287933 
0.3642937478287933 
0.3642937478287933 
0.3642937478287933 
0.3642937478287933 
0.3642937478287933 
0.3642937478287933 
0.3642937478287933 
0.3642937478287933 
0.3642937478287933 
0.3642937478287933 
0.3642937478287933 
0.3642937478287933 
0.3642937478287933 
0.3642937478287933 
0.3642937478287933 
0.3642937478287933 
0.3642937478287933 
0.3642937478287933 
0.3642937478287933 
0.3642937478287933 
0.3642937478287933 
0.3642937478287933 
0.3642937478287933 
0.3642937478287933 
0.3642937478287933 
0.3642937478287933 
0.3642937478287933 
0.3642937478287933 
0.3642937478287933 
0.3642937478287933 
0.3642937478287933 
0.3642937478287933 
0.3642937478287933 
0.3642937478287933 
0.3642937478287933 
0.3642937478287933 
0.3642937478287933 
0.3642937478287933 
0.3642937478287933 
0.3642937478287933 
0.3642937478287933 
0.3642937478287933 
0.3642937478287933 
0.3642937478287933 
0.3642937478287933 
0.3642937478287933 
0.3642937478287933 
0.3642937478287933 
0.3642937478287933 
0.3642937478287933 
0.3642937478287933 
0.3642937478287933 
0.3642937478287933 
0.3642937478287933 
0.3642937478287933 
0.3642937478287933 
0.3642937478287933 
0.3642937478287933 
0.3642937478287933 
0.3642937478287933 
0.3642937478287933 
0.3642937478287933 
0.3642937478287933 
0.3642937478287933 
0.3642937478287933 
0.3642937478287933 
0.3642937478287933 
0.3642937478287933 
0.3642937478287933 
0.3642937478287933 
0.3642937478287933 
0.3642937478287933 
0.3642937478287933 
0.3642937478287933 
0.3642937478287933 
0.3642937478287933 
0.3642937478287933 
0.3642937478287933 
0.3642937478287933 
0.3642937478287933 
0.3642937478287933 
0.3642937478287933 
0.3642937478287933 
0.3642937478287933 
0.3642937478287933 
0.3642937478287933 
0.3642937478287933 
0.3642937478287933 
0.3642937478287933 
0.3642937478287933 
0.3642937478287933 
0.3642937478287933 
0.3642937478287933 
0.3642937478287933 
0.3642937478287933 
0.3642937478287933 
0.3642937478287933 
0.3642937478287933 
0.3642937478287933 
0.3642937478287933 
0.3642937478287933 
0.3642937478287933 
0.3642937478287933 
0.3642937478287933 
0.3642937478287933 
0.3642937478287933 
0.3642937478287933 
0.3642937478287933 
0.3642937478287933 
0.3642937478287933 
0.3642937478287933 
0.3642937478287933 
0.3642937478287933 
0.3642937478287933 
0.3642937478287933 
0.3642937478287933 
0.3642937478287933 
0.3642937478287933 
0.3642937478287933 
0.3642937478287933 
0.3642937478287933 
0.3642937478287933 
0.3642937478287933 
0.3642937478287933 
0.3642937478287933 
0.3642937478287933 
0.3642937478287933 
0.3642937478287933 
0.3642937478287933 
0.3642937478287933 
0.3642937478287933 
0.3642937478287933 
0.3642937478287933 
0.3642937478287933 
0.3642937478287933 
0.3642937478287933 
0.3642937478287933 
0.3642937478287933 
0.3642937478287933 
0.3642937478287933 
0.3642937478287933 
0.3642937478287933 
0.3642937478287933 
0.3642937478287933 
0.3642937478287933 
0.3642937478287933 
0.3642937478287933 
0.3642937478287933 
0.3642937478287933 
0.3642937478287933 
0.3642937478287933 
0.3642937478287933 
0.3642937478287933 
0.3642937478287933 
0.3642937478287933 
0.3642937478287933 
0.3642937478287933 
0.3642937478287933 
0.3642937478287933 
0.3642937478287933 
0.3642937478287933 
0.3642937478287933 
0.3642937478287933 
0.3642937478287933 
0.3642937478287933 
0.3642937478287933 
0.3642937478287933 
0.3642937478287933 
0.3642937478287933 
0.3642937478287933 
0.3642937478287933 
0.3642937478287933 
0.3642937478287933 
0.3642937478287933 
0.3642937478287933 
0.3642937478287933 
0.3642937478287933 
0.3642937478287933 
0.3642937478287933 
0.3642937478287933 
0.3642937478287933 
0.3642937478287933 
0.3642937478287933 
0.3642937478287933 
0.3642937478287933 
0.3642937478287933 
0.3642937478287933 
0.3642937478287933 
0.3642937478287933 
0.3642937478287933 
0.3642937478287933 
0.3642937478287933 
0.3642937478287933 
0.3642937478287933 
0.3642937478287933 
0.3642937478287933 
0.3642937478287933 
0.3642937478287933 
0.3642937478287933 
0.3642937478287933 
0.3642937478287933 
0.3642937478287933 
0.3642937478287933 
0.3642937478287933 
0.3642937478287933 
0.3642937478287933 
0.3642937478287933 
0.3642937478287933 
0.3642937478287933 
0.3642937478287933 
0.3642937478287933 
0.3642937478287933 
0.3642937478287933 
0.3642937478287933 
0.3642937478287933 
0.3642937478287933 
0.3642937478287933 
0.3642937478287933 
0.3642937478287933 
0.3642937478287933 
0.3642937478287933 
0.3642937478287933 
0.3642937478287933 
0.3642937478287933 
0.3642937478287933 
0.3642937478287933 
0.3642937478287933 
0.3642937478287933 
0.3642937478287933 
0.3642937478287933 
0.3642937478287933 
0.3642937478287933 
0.3642937478287933 
0.3642937478287933 
0.3642937478287933 
0.3642937478287933 
0.3642937478287933 
0.3642937478287933 
0.3642937478287933 
0.3642937478287933 
0.3642937478287933 
0.3642937478287933 
0.3642937478287933 
0.3642937478287933 
0.3642937478287933 
0.3642937478287933 
0.3642937478287933 
0.3642937478287933 
0.3642937478287933 
0.3642937478287933 
0.3642937478287933 
0.3642937478287933 
0.3642937478287933 
0.3642937478287933 
0.3642937478287933 
0.3642937478287933 
0.3642937478287933 
0.3642937478287933 
0.3642937478287933 
0.3642937478287933 
0.3642937478287933 
0.3642937478287933 
0.3642937478287933 
0.3642937478287933 
0.3642937478287933 
0.3642937478287933 
0.3642937478287933 
0.3642937478287933 
0.3642937478287933 
0.3642937478287933 
0.3642937478287933 
0.3642937478287933 
0.3642937478287933 
0.3642937478287933 
0.3642937478287933 
0.3642937478287933 
0.3642937478287933 
0.3642937478287933 
0.3642937478287933 
0.3642937478287933 
0.3642937478287933 
0.3642937478287933 
0.3642937478287933 
0.3642937478287933 
0.3642937478287933 
0.3642937478287933 
0.3642937478287933 
0.3642937478287933 
0.3642937478287933 
0.3642937478287933 
0.3642937478287933 
0.3642937478287933 
0.3642937478287933 
0.3642937478287933 
0.3642937478287933 
0.3642937478287933 
0.3642937478287933 
0.3642937478287933 
0.3642937478287933 
0.3642937478287933 
0.3642937478287933 
0.3642937478287933 
0.3642937478287933 
0.3642937478287933 
0.3642937478287933 
0.3642937478287933 
0.3642937478287933 
0.3642937478287933 
0.3642937478287933 
0.3642937478287933 
0.3642937478287933 
0.3642937478287933 
0.3642937478287933 
0.3642937478287933 
0.3642937478287933 
0.3642937478287933 
0.3642937478287933 
0.3642937478287933 
0.3642937478287933 
0.3642937478287933 
0.3642937478287933 
0.3642937478287933 
0.3642937478287933 
0.3642937478287933 
0.3642937478287933 
0.3642937478287933 
0.3642937478287933 
0.3642937478287933 
0.3642937478287933 
0.3642937478287933 
0.3642937478287933 
0.3642937478287933 
0.3642937478287933 
0.3642937478287933 
0.3642937478287933 
0.3642937478287933 
0.3642937478287933 
0.3642937478287933 
0.3642937478287933 
0.3642937478287933 
0.3642937478287933 
0.3642937478287933 
0.3642937478287933 
0.3642937478287933 
0.3642937478287933 
0.3642937478287933 
0.3642937478287933 
0.3642937478287933 
0.3642937478287933 
0.3642937478287933 
0.3642937478287933 
0.3642937478287933 
0.3642937478287933 
0.3642937478287933 
0.3642937478287933 
0.3642937478287933 
0.3642937478287933 
0.3642937478287933 
0.3642937478287933 
0.3642937478287933 
0.3642937478287933 
0.3642937478287933 
0.3642937478287933 
0.3642937478287933 
0.3642937478287933 
0.3642937478287933 
0.3642937478287933 
0.3642937478287933 
0.3642937478287933 
0.3642937478287933 
0.3642937478287933 
0.3642937478287933 
0.3642937478287933 
0.3642937478287933 
0.3642937478287933 
0.3642937478287933 
0.3642937478287933 
0.3642937478287933 
0.3642937478287933 
0.3642937478287933 
0.3642937478287933 
0.3642937478287933 
0.3642937478287933 
0.3642937478287933 
0.3642937478287933 
0.3642937478287933 
0.3642937478287933 
0.3642937478287933 
0.3642937478287933 
0.3642937478287933 
0.3642937478287933 
0.3642937478287933 
0.3642937478287933 
0.3642937478287933 
0.3642937478287933 
0.3642937478287933 
0.3642937478287933 
0.3642937478287933 
0.3642937478287933 
0.3642937478287933 
0.3642937478287933 
0.3642937478287933 
0.3642937478287933 
0.3642937478287933 
0.3642937478287933 
0.3642937478287933 
0.3642937478287933 
0.3642937478287933 
0.3642937478287933 
0.3642937478287933 
0.3642937478287933 
0.3642937478287933 
0.3642937478287933 
0.3642937478287933 
0.3642937478287933 
0.3642937478287933 
0.3642937478287933 
0.3642937478287933 
0.3642937478287933 
0.3642937478287933 
0.3642937478287933 
0.3642937478287933 
0.3642937478287933 
0.3642937478287933 
0.3642937478287933 
0.3642937478287933 
0.3642937478287933 
0.3642937478287933 
0.3642937478287933 
0.3642937478287933 
0.3642937478287933 
0.3642937478287933 
0.3642937478287933 
0.3642937478287933 
0.3642937478287933 
0.3642937478287933 
0.3642937478287933 
0.3642937478287933 
0.3642937478287933 
0.3642937478287933 
0.3642937478287933 
0.3642937478287933 
0.3642937478287933 
0.3642937478287933 
0.3642937478287933 
0.3642937478287933 
0.3642937478287933 
0.3642937478287933 
0.3642937478287933 
0.3642937478287933 
0.3642937478287933 
0.3642937478287933 
0.3642937478287933 
0.3642937478287933 
0.3642937478287933 
0.3642937478287933 
0.3642937478287933 
0.3642937478287933 
0.3642937478287933 
0.3642937478287933 
0.3642937478287933 
0.3642937478287933 
0.3642937478287933 
0.3642937478287933 
0.3642937478287933 
0.3642937478287933 
0.3642937478287933 
0.3642937478287933 
0.3642937478287933 
0.3642937478287933 
0.3642937478287933 
0.3642937478287933 
0.3642937478287933 
0.3642937478287933 
0.3642937478287933 
0.3642937478287933 
0.3642937478287933 
0.3642937478287933 
0.3642937478287933 
0.3642937478287933 
0.3642937478287933 
0.3642937478287933 
0.3642937478287933 
0.3642937478287933 
0.3642937478287933 
0.3642937478287933 
0.3642937478287933 
0.3642937478287933 
0.3642937478287933 
0.3642937478287933 
0.3642937478287933 
0.3642937478287933 
0.3642937478287933 
0.3642937478287933 
0.3642937478287933 
0.3642937478287933 
0.3642937478287933 
0.3642937478287933 
0.3642937478287933 
0.3642937478287933 
0.3642937478287933 
0.3642937478287933 
0.3642937478287933 
0.3642937478287933 
0.3642937478287933 
0.3642937478287933 
0.3642937478287933 
0.3642937478287933 
0.3642937478287933 
0.3642937478287933 
0.3642937478287933 
0.3642937478287933 
0.3642937478287933 
0.3642937478287933 
0.3642937478287933 
0.3642937478287933 
0.3642937478287933 
0.3642937478287933 
0.3642937478287933 
0.3642937478287933 
0.3642937478287933 
0.3642937478287933 
0.3642937478287933 
0.3642937478287933 
0.3642937478287933 
0.3642937478287933 
0.3642937478287933 
0.3642937478287933 
0.3642937478287933 
0.3642937478287933 
0.3642937478287933 
0.3642937478287933 
0.3642937478287933 
0.3642937478287933 
0.3642937478287933 
0.3642937478287933 
0.3642937478287933 
0.3642937478287933 
0.3642937478287933 
0.3642937478287933 
0.3642937478287933 
0.3642937478287933 
0.3642937478287933 
0.3642937478287933 
0.3642937478287933 
0.3642937478287933 
0.3642937478287933 
0.3642937478287933 
0.3642937478287933 
0.3642937478287933 
0.3642937478287933 
0.3642937478287933 
0.3642937478287933 
0.3642937478287933 
0.3642937478287933 
0.3642937478287933 
0.3642937478287933 
0.3642937478287933 
0.3642937478287933 
0.3642937478287933 
0.3642937478287933 
0.3642937478287933 
0.3642937478287933 
0.3642937478287933 
0.3642937478287933 
0.3642937478287933 
0.3642937478287933 
0.3642937478287933 
0.3642937478287933 
0.3642937478287933 
0.3642937478287933 
0.3642937478287933 
0.3642937478287933 
0.3642937478287933 
0.3642937478287933 
0.3642937478287933 
0.3642937478287933 
0.3642937478287933 
0.3642937478287933 
0.3642937478287933 
0.3642937478287933 
0.3642937478287933 
0.3642937478287933 
0.3642937478287933 
0.3642937478287933 
0.3642937478287933 
0.3642937478287933 
0.3642937478287933 
0.3642937478287933 
0.3642937478287933 
0.3642937478287933 
0.3642937478287933 
0.3642937478287933 
0.3642937478287933 
0.3642937478287933 
0.3642937478287933 
0.3642937478287933 
0.3642937478287933 
0.3642937478287933 
0.3642937478287933 
0.3642937478287933 
0.3642937478287933 
0.3642937478287933 
0.3642937478287933 
0.3642937478287933 
0.3642937478287933 
0.3642937478287933 
0.3642937478287933 
0.3642937478287933 
0.3642937478287933 
0.3642937478287933 
0.3642937478287933 
0.3642937478287933 
0.3642937478287933 
0.3642937478287933 
0.3642937478287933 
0.3642937478287933 
0.3642937478287933 
0.3642937478287933 
0.3642937478287933 
0.3642937478287933 
0.3642937478287933 
0.3642937478287933 
0.3642937478287933 
0.3642937478287933 
0.3642937478287933 
0.3642937478287933 
0.3642937478287933 
0.3642937478287933 
0.3642937478287933 
0.3642937478287933 
0.3642937478287933 
0.3642937478287933 
0.3642937478287933 
0.3642937478287933 
0.3642937478287933 
0.3642937478287933 
0.3642937478287933 
0.3642937478287933 
0.3642937478287933 
0.3642937478287933 
0.3642937478287933 
0.3642937478287933 
0.3642937478287933 
0.3642937478287933 
0.3642937478287933 
0.3642937478287933 
0.3642937478287933 
0.3642937478287933 
0.3642937478287933 
0.3642937478287933 
0.3642937478287933 
0.3642937478287933 
0.3642937478287933 
0.3642937478287933 
0.3642937478287933 
0.3642937478287933 
0.3642937478287933 
0.3642937478287933 
0.3642937478287933 
0.3642937478287933 
0.3642937478287933 
0.3642937478287933 
0.3642937478287933 
0.3642937478287933 
