0.016329916595010523 
0.01630592334092124 
0.01630128142202324 
0.016272438538830005 
0.016238029437096114 
0.016203464320940754 
0.01617880094444579 
0.016144188304154535 
0.016109425812238 
0.016109552942276208 
0.016069815680336847 
0.016069815680336847 
0.016049890217693083 
0.01603995012461074 
0.016019955555493907 
0.015994901187565993 
0.01597493035978561 
0.01596984358094969 
0.015929645319340918 
0.01592955693043595 
0.01591443319757257 
0.01589939571178729 
0.0158791516146172 
0.015843351160660425 
0.015796911090463224 
0.015781327700798816 
0.01577090992936045 
0.015760469028553686 
0.015765976531759776 
0.015751614012538523 
0.01574642257784288 
0.01574166446091391 
0.01571114254279427 
0.015706337065019327 
0.015670893273837326 
0.015671040297312748 
0.015655785384323585 
0.015640511500587186 
0.015624628763589872 
0.015593877773023616 
0.01556845836940832 
0.015543083863892646 
0.015527690877912273 
0.015517383284561868 
0.015501853308556367 
0.015512278491569187 
0.015502051477143272 
0.01547643163006253 
0.015460918472070151 
0.015440174092282767 
0.015398667994342889 
0.015377906229392868 
0.015383105538219517 
0.015377906229392868 
0.015346660874600702 
0.01530486772239473 
0.015309958066565696 
0.015299503782802893 
0.015304692090989612 
0.01529430953001802 
0.01528910932657622 
0.015283903166403535 
0.015257732465867922 
0.015241971526019854 
0.015210446936234318 
0.015194565344227522 
0.015189335205992393 
0.01516825316244425 
0.015189259363115765 
0.015173558053403296 
0.015136575041930722 
0.015126000925558613 
0.015099565026847627 
0.015078357470228645 
0.015088964974444072 
0.015078289558169389 
0.015073120977422028 
0.015073019073828573 
0.015030499126775532 
0.0150199099864147 
0.014993278494045257 
0.014987961035444414 
0.01496126411771412 
0.01493970602120403 
0.014945156272183974 
0.014929061055538621 
0.014934446625168272 
0.014902211379523508 
0.014918271213515324 
0.014923497713337848 
0.014923497713337848 
0.014896496232335979 
0.014885751576591624 
0.014891058256551144 
0.014869553322141188 
0.014848146551000904 
0.014853591619537681 
0.014837573925679358 
0.014853850140620108 
0.014848491371179766 
0.014848534473139094 
0.014837711952993292 
0.01483229125927616 
0.01480532660902825 
0.014805188279788946 
0.014826864267268383 
0.01483757392567936 
0.014826579376241844 
0.014826449878511038 
0.014810182443170642 
0.014815507551211334 
0.014804704117272997 
0.014815507551211334 
0.014820826427699637 
0.014826303113048783 
0.014815343397977654 
0.014782909050657114 
0.014782727217939185 
0.014799046455768697 
0.014809663871945237 
0.014793546701180216 
0.014798856172015458 
0.014798856172015458 
0.014793347694149554 
0.014788040573382262 
0.014777009169652702 
0.014765952187380263 
0.014760162600730384 
0.01476570946483778 
0.014760162600730384 
0.014754609313702616 
0.014754331702927113 
0.014765449400543147 
0.014754609313702616 
0.014749049596499428 
0.014738466677371836 
0.014738466677371836 
0.01474931862832992 
0.014738718533169699 
0.014738718533169699 
0.014743761256884213 
0.014733165851235097 
0.014733165851235097 
0.014733165851235097 
0.014728093427188733 
0.014717443256218115 
0.014717225825541984 
0.014717225825541984 
0.014728093427188733 
0.014717443256218113 
0.014728510583219202 
0.014744889826648417 
0.014744889826648417 
0.014728310697428948 
0.014717825926406388 
0.014717991167275513 
0.014712474163103905 
0.014723501757394534 
0.014717991167275513 
0.014712630764074792 
0.01471813901279642 
0.014718139012796424 
0.014712630764074792 
0.0147018910348295 
0.01470750774264627 
0.014707603475753622 
0.014696624918667552 
0.014685734030003403 
0.014669205840808153 
0.014674721666866463 
0.014669205840808153 
0.014647375191480554 
0.014636570090017675 
0.014641975822955042 
0.014636447656449976 
0.014625371926894715 
0.01462563448196351 
0.014630913026875665 
0.014625371926894715 
0.014625371926894715 
0.014636150313521652 
0.014641696076616261 
0.014635975403094937 
0.01463041434819944 
0.0146467110301255 
0.014624636747625562 
0.014613692209705254 
0.014619272758930246 
0.01463021312216606 
0.01463021312216606 
0.014629994395077532 
0.014629758166148886 
0.014624409184647424 
0.014635573101180561 
0.014635573101180561 
0.014651850941092733 
0.014651850941092733 
0.014662766996716547 
0.014662766996716547 
0.014668333238647125 
0.014673674931659076 
0.014673893007651378 
0.014679237037394006 
0.014668909161897486 
0.014663369326317876 
0.014646903290456998 
0.014646903290456998 
0.014646903290456998 
0.014652270267777618 
0.0146467110301255 
0.014652270267777618 
0.014647078070386598 
0.014635975403094937 
0.014641529974698683 
0.014641529974698683 
0.014647235370540065 
0.014630764299926373 
0.014630764299926373 
0.014630913026875665 
0.014619973187389916 
0.01462551195685129 
0.01462563448196351 
0.014614795790567858 
0.014609445711593578 
0.014614883372781324 
0.014609445711593578 
0.014614795790567858 
0.014620218329423128 
0.014620218329423128 
0.014614690691218887 
0.01462563448196351 
0.014620104513990317 
0.01462563448196351 
0.01462563448196351 
0.014614568074356491 
0.014614568074356491 
0.01462563448196351 
0.01462563448196351 
0.014636570090017675 
0.014642089468378479 
0.014647602397662218 
0.01465310888514789 
0.01465852161713452 
0.014658416831295255 
0.014658294580202706 
0.014669432708867785 
0.014669432708867785 
0.014669328000968554 
0.014669328000968554 
0.014669328000968554 
0.014674835058698274 
0.014674835058698274 
0.014663927986729886 
0.014658416831295255 
0.014663927986729886 
0.014663927986729886 
0.014663927986729886 
0.014663927986729886 
0.014663927986729886 
0.014669432708867785 
0.014674931004948542 
0.014680335690984727 
0.014674931004948542 
0.014674931004948542 
0.01466951996487956 
0.014675009505959442 
0.014675009505959442 
0.01466951996487956 
0.014664102563743887 
0.014664102563743887 
0.014664102563743887 
0.014653108885147887 
0.01464760239766222 
0.014636570090017675 
0.014642089468378479 
0.014636570090017675 
0.014641975822955042 
0.014647497533708616 
0.014641975822955042 
0.014647375191480554 
0.014647375191480554 
0.014652768202629835 
0.01467427681352645 
0.01467427681352645 
0.014668734642088255 
0.014674093634701941 
0.014668542667899903 
0.014674093634701941 
0.014668542667899903 
0.014674093634701941 
0.014668542667899903 
0.014668542667899903 
0.014679237037394006 
0.014684574764016831 
0.014684574764016831 
0.014690132742763082 
0.014695466511819215 
0.014695466511819215 
0.01470102037274964 
0.014695466511819215 
0.014695466511819215 
0.014695466511819215 
0.014700793992162462 
0.014700793992162462 
0.014700793992162462 
0.014695466511819213 
0.014690132742763082 
0.01470102037274964 
0.01470102037274964 
0.014706350193028859 
0.014706350193028859 
0.014706350193028859 
0.014706350193028859 
0.01471699099680366 
0.014727858771729177 
0.014744264783297942 
0.014744264783297942 
0.014744264783297942 
0.0147331658512351 
0.014738718533169699 
0.014738718533169699 
0.014744264783297942 
0.014744264783297942 
0.014744264783297942 
0.014749570298825659 
0.014749570298825659 
0.014755112469920381 
0.014749570298825659 
0.01475511246992038 
0.014760414086332403 
0.014760414086332403 
0.01475511246992038 
0.01475511246992038 
0.014760648224248147 
0.014755338017138069 
0.014755338017138069 
0.014755112469920381 
0.014760414086332403 
0.014760414086332403 
0.014760414086332403 
0.014760414086332403 
0.014760414086332403 
0.01476595218738026 
0.014760414086332403 
0.01476570946483778 
0.014771249913260558 
0.014771249913260558 
0.014771249913260558 
0.014771249913260558 
0.01476595218738026 
0.01476595218738026 
0.014760414086332403 
0.01475511246992038 
0.014749804608875332 
0.014749804608875332 
0.014755112469920381 
0.014755112469920381 
0.014750021559306279 
0.014755338017138069 
0.014760865015303135 
0.014760865015303135 
0.014760865015303135 
0.014771483879421185 
0.014776783953215258 
0.014782311591899286 
0.014787607784898814 
0.014787607784898814 
0.014787607784898814 
0.014782311591899286 
0.014782311591899286 
0.014782311591899286 
0.01478783283649095 
0.01478783283649095 
0.01478783283649095 
0.01478783283649095 
0.014793131379123218 
0.014793131379123218 
0.01478783283649095 
0.014788040573382264 
0.014788040573382264 
0.014788040573382264 
0.014793546701180214 
0.014793546701180214 
0.014793546701180214 
0.014793546701180214 
0.014793546701180214 
0.014799046455768697 
0.014793546701180214 
0.014793546701180214 
0.014799046455768697 
0.01479372840091368 
0.01479372840091368 
0.01479372840091368 
0.014799046455768697 
0.01479372840091368 
0.01479372840091368 
0.01479372840091368 
0.01479372840091368 
0.01479372840091368 
0.01479372840091368 
0.01479372840091368 
0.014799219438875822 
0.014804704117272997 
0.014804704117272997 
0.014804704117272997 
0.014804704117272997 
0.014804704117272997 
0.014799219438875822 
0.014799219438875822 
0.014793892793987662 
0.014793892793987662 
0.014793892793987662 
0.014793892793987662 
0.014788404105920284 
0.014788404105920284 
0.014788404105920284 
0.014788404105920284 
0.014788404105920284 
0.014788404105920284 
0.01479372840091368 
0.01479372840091368 
0.01479372840091368 
0.014799046455768697 
0.01479372840091368 
0.014788404105920284 
0.014788404105920284 
0.014783073564046147 
0.014788559902843819 
0.014788559902843819 
0.014788559902843819 
0.014794039880979097 
0.014799513505517671 
0.014799513505517671 
0.014799513505517671 
0.014804980783506609 
0.014799634590083637 
0.014804980783506609 
0.014810320725764181 
0.014810320725764181 
0.014810320725764181 
0.014810320725764181 
0.014815654423615583 
0.014820981883802436 
0.014820981883802436 
0.014815654423615583 
0.014815654423615583 
0.014815654423615583 
0.014815654423615583 
0.014820981883802436 
0.014826449878511038 
0.014831911542346792 
0.014831911542346792 
0.014826579376241844 
0.014832032362424242 
0.014832032362424242 
0.014832032362424242 
0.014832032362424242 
0.014826579376241844 
0.014832032362424242 
0.014832032362424242 
0.014832032362424242 
0.014832032362424242 
0.014832032362424242 
0.014832032362424242 
0.014832032362424242 
0.014832032362424242 
0.014837479031156202 
0.014837479031156202 
0.014837479031156202 
0.014837479031156202 
0.014837479031156202 
0.014837479031156202 
0.014837479031156202 
0.014837479031156202 
0.014842815905346265 
0.014848146551000904 
0.014864101183724497 
0.014869406982122723 
0.014869406982122723 
0.014869406982122723 
0.014869406982122723 
0.014869406982122723 
0.014869406982122723 
0.01487470658534144 
0.01487470658534144 
0.01487470658534144 
0.01487470658534144 
0.014879999999999999 
0.014879999999999999 
0.014879999999999999 
0.014879999999999999 
0.014879999999999999 
0.014879999999999999 
0.014879999999999999 
0.014885459213608425 
0.01489091212787182 
0.01489091212787182 
0.01489091212787182 
0.01489091212787182 
0.01489091212787182 
0.01489091212787182 
0.01489091212787182 
0.01489091212787182 
0.01489091212787182 
0.014896204080234668 
0.014896204080234668 
0.014890748805886159 
0.014890748805886159 
0.014890748805886159 
0.014890748805886159 
0.014896204080234668 
0.014896204080234668 
0.014896204080234668 
0.014896204080234668 
0.014896204080234668 
0.014896204080234668 
0.014896204080234668 
0.014901489858400065 
0.014896032223380828 
0.014896032223380828 
0.014896032223380828 
0.014896032223380828 
0.014896032223380828 
0.014896032223380828 
0.014896032223380828 
0.014896032223380828 
0.014896032223380828 
0.014896032223380828 
0.014896032223380828 
0.014890568290028423 
0.014896032223380828 
0.014896032223380828 
0.014896032223380828 
0.014890748805886159 
0.014890748805886159 
0.014890748805886159 
0.014890748805886159 
0.014890748805886159 
0.014890748805886159 
0.014890748805886159 
0.014890748805886159 
0.014890748805886159 
0.014890748805886159 
0.014890748805886159 
0.01488528723270062 
0.01488528723270062 
0.014890748805886159 
0.014890748805886159 
0.014890748805886159 
0.014890748805886159 
0.014890748805886159 
0.014890748805886159 
0.014890748805886159 
0.014890748805886159 
0.014890748805886159 
0.014885459213608425 
0.014885459213608425 
0.014885459213608425 
0.014885459213608425 
0.014885459213608425 
0.014885459213608425 
0.014885459213608425 
0.014885459213608425 
0.014885459213608425 
0.014879999999999999 
0.014879999999999999 
0.01488528723270062 
0.01488528723270062 
0.01488528723270062 
0.01488528723270062 
0.01488528723270062 
0.014879819353742168 
0.014879819353742168 
0.01488528723270062 
0.01488528723270062 
0.01488528723270062 
0.01488528723270062 
0.01488528723270062 
0.01488528723270062 
0.014890748805886159 
0.014890748805886159 
0.014890748805886159 
0.014890748805886159 
0.014890748805886159 
0.014890748805886159 
0.014890748805886159 
0.014885459213608425 
0.014880163439962615 
0.014880163439962615 
0.014880163439962615 
0.014880163439962615 
0.014880163439962615 
0.014880163439962615 
0.014880163439962615 
0.014880163439962615 
0.014880163439962615 
0.014880163439962615 
0.014880163439962615 
0.014885613994726585 
0.014885613994726585 
0.014885613994726585 
0.014885613994726585 
0.014885613994726585 
0.014885613994726585 
0.014885613994726585 
0.014885613994726585 
0.014885613994726585 
0.014885613994726585 
0.014885613994726585 
0.014885613994726585 
0.014885613994726585 
0.01489091212787182 
0.01489091212787182 
0.01489091212787182 
0.01489091212787182 
0.01489091212787182 
0.01489091212787182 
0.01489091212787182 
0.01489091212787182 
0.01489091212787182 
0.01489091212787182 
0.01489091212787182 
0.01489091212787182 
0.01489091212787182 
0.01489091212787182 
0.01489091212787182 
0.01489091212787182 
0.01489091212787182 
0.01489635874970793 
0.01489635874970793 
0.01489635874970793 
0.01489635874970793 
0.01489635874970793 
0.01489635874970793 
0.01489635874970793 
0.01489635874970793 
0.01489091212787182 
0.01489091212787182 
0.01489091212787182 
0.01489091212787182 
0.01489091212787182 
0.01489091212787182 
0.01489091212787182 
0.01489635874970793 
0.01489635874970793 
0.01489635874970793 
0.01489635874970793 
0.01489635874970793 
0.01489635874970793 
0.01489635874970793 
0.01489635874970793 
0.01489635874970793 
0.01489635874970793 
0.01489635874970793 
0.01489635874970793 
0.01489635874970793 
0.01489635874970793 
0.01489635874970793 
0.01489635874970793 
0.01489635874970793 
0.01489635874970793 
0.01489635874970793 
0.01489635874970793 
0.01489635874970793 
0.01489635874970793 
0.01489635874970793 
0.01489635874970793 
0.014901799086016427 
0.014901799086016427 
0.014901799086016427 
0.014901799086016427 
0.014901799086016427 
0.014901799086016427 
0.014896496232335979 
0.014896496232335979 
0.014896496232335979 
0.014896496232335979 
0.014896496232335979 
0.014896496232335979 
0.014896496232335979 
0.014896496232335979 
0.014896496232335979 
0.014896496232335979 
0.014896496232335979 
0.014896496232335979 
0.014896496232335979 
0.014896496232335979 
0.014896496232335979 
0.014896496232335979 
0.014896496232335979 
0.014896496232335979 
0.014896496232335979 
0.014896496232335979 
0.014896496232335979 
0.014896496232335979 
0.014896496232335979 
0.014896496232335979 
0.014896496232335979 
0.014896496232335979 
0.014896496232335979 
0.014896496232335979 
0.014896496232335979 
0.014896496232335979 
0.014896496232335979 
0.014896496232335979 
0.014896496232335979 
0.014896496232335979 
0.014896496232335979 
0.014896496232335979 
0.014896496232335979 
0.014896496232335979 
0.014896496232335979 
0.014896496232335979 
0.014896496232335979 
0.014896496232335979 
0.014896496232335979 
0.014896496232335979 
0.014896496232335979 
0.014896496232335979 
0.014896496232335979 
0.014896496232335979 
0.014896496232335979 
0.014896496232335979 
0.014896496232335979 
0.014896496232335979 
0.014896496232335979 
0.014896496232335979 
0.014896496232335979 
0.014896496232335979 
0.014896496232335979 
0.014896496232335979 
0.014896496232335979 
0.014896496232335979 
0.014896496232335979 
0.014896496232335979 
0.014896496232335979 
0.014896496232335979 
0.014896496232335979 
0.014896496232335979 
0.014896496232335979 
0.014896496232335979 
0.014896496232335979 
0.014896496232335979 
0.014896496232335979 
0.014896496232335979 
0.014896496232335979 
0.014901799086016427 
0.014901799086016427 
0.014901799086016427 
0.014901799086016427 
0.014901799086016427 
0.014901799086016427 
0.014901799086016427 
0.014901799086016427 
0.014901799086016427 
0.014901799086016427 
0.014901799086016427 
0.014901799086016427 
0.014901799086016427 
0.014901799086016427 
0.014901799086016427 
0.014901799086016427 
0.014901799086016427 
0.014901799086016427 
0.014901799086016427 
0.014901799086016427 
0.014901799086016427 
0.014901799086016427 
0.014901799086016427 
0.014901799086016427 
0.014901799086016427 
0.014907233143678944 
0.014907233143678944 
0.014907233143678944 
0.014907233143678944 
0.014907233143678944 
0.014907233143678944 
0.014907233143678944 
0.014907233143678944 
0.014907233143678944 
0.014907233143678944 
0.014907233143678944 
0.014907233143678944 
0.014907233143678944 
0.014907233143678944 
0.014907233143678944 
0.014907233143678944 
0.014907233143678944 
0.014907233143678944 
0.014907233143678944 
0.014907233143678944 
0.014907233143678944 
0.014907233143678944 
0.014907233143678944 
0.014907233143678944 
0.014907233143678944 
0.014907233143678944 
0.014907233143678944 
0.014907233143678944 
0.014907233143678944 
0.014907233143678944 
0.014907233143678944 
0.014907233143678944 
0.014912660929559151 
0.014912660929559151 
0.014912660929559151 
0.014912660929559151 
0.014912660929559151 
0.014912660929559151 
0.014912660929559151 
0.014912660929559151 
0.014912660929559151 
0.014912660929559151 
0.014912660929559151 
0.014912660929559151 
0.014912660929559151 
0.014912660929559151 
0.014912660929559151 
0.014912660929559151 
0.014912660929559151 
0.014912660929559151 
0.014912660929559151 
0.014912660929559151 
0.014912660929559151 
0.014912660929559151 
0.014912660929559151 
0.014912660929559151 
0.014912660929559151 
0.014912660929559151 
0.014912660929559151 
0.014912660929559151 
0.014912660929559151 
0.014912660929559151 
0.014912660929559151 
0.014912660929559151 
0.014912660929559151 
0.014912660929559151 
0.014912660929559151 
0.014912660929559151 
0.014912660929559151 
0.014912660929559151 
0.014912660929559151 
0.014912660929559151 
0.014912660929559151 
0.014912660929559151 
0.014912660929559151 
0.014912660929559151 
0.014912660929559151 
0.014912660929559151 
0.014912660929559151 
0.014912660929559151 
0.014912660929559151 
0.014912660929559151 
0.014912660929559151 
0.014912660929559151 
0.014912660929559151 
0.014912660929559151 
0.014912660929559151 
0.014912660929559151 
0.014912660929559151 
0.014912660929559151 
0.014912660929559151 
0.014912660929559151 
0.014912660929559151 
0.014912660929559151 
0.014912660929559151 
0.014912660929559151 
0.014912660929559151 
0.014912660929559151 
0.014912660929559151 
0.014912660929559151 
0.014912660929559151 
0.014912660929559151 
0.014912660929559151 
0.014912660929559151 
0.014912660929559151 
0.014912660929559151 
0.014912660929559151 
0.014912660929559151 
0.014912660929559151 
0.014912660929559151 
0.014912660929559151 
0.014912660929559151 
0.014912660929559151 
0.014912660929559151 
0.014912660929559151 
0.014912660929559151 
0.014912660929559151 
0.014912660929559151 
0.014917962327342165 
0.014917962327342165 
0.014917962327342165 
0.014917962327342165 
0.014917962327342165 
0.014917962327342165 
0.014917962327342165 
0.014917962327342165 
0.014917962327342165 
0.014917962327342165 
0.014917962327342165 
0.014917962327342165 
0.014917962327342165 
0.014917962327342165 
0.014917962327342165 
0.014917962327342165 
0.014917962327342165 
0.014917962327342165 
0.014917962327342165 
0.014917962327342165 
0.014917962327342165 
0.014917962327342165 
0.014917962327342165 
0.014917962327342165 
0.014917962327342165 
0.014917962327342165 
0.014917962327342165 
0.014917962327342165 
0.014917962327342165 
0.014917962327342165 
0.014917962327342165 
0.014917962327342165 
0.014917962327342165 
0.014917962327342165 
0.014917962327342165 
0.014917962327342165 
0.014917962327342165 
0.014917962327342165 
0.014917962327342165 
0.014917962327342165 
0.014917962327342165 
0.014917962327342165 
0.014917962327342165 
0.014917962327342165 
0.014917962327342165 
0.014917962327342165 
0.014917962327342165 
0.014917962327342165 
0.014917962327342165 
0.014917962327342165 
0.014917962327342165 
0.014917962327342165 
0.014917962327342165 
0.014917962327342165 
0.014917962327342165 
0.014917962327342165 
0.014917962327342165 
0.014917962327342165 
0.014917962327342165 
0.014917962327342165 
0.014917962327342165 
0.014917962327342165 
0.014917962327342165 
0.014917962327342165 
0.014917962327342165 
0.014917962327342165 
0.014917962327342165 
0.014917962327342165 
0.014917962327342165 
0.014917962327342165 
0.014917962327342165 
0.014917962327342165 
0.014917962327342165 
0.014917962327342165 
0.014917962327342165 
0.014917962327342165 
0.014917962327342165 
0.014917962327342165 
0.014917962327342165 
0.014917962327342165 
0.014917962327342165 
0.014917962327342165 
0.014917962327342165 
0.014917962327342165 
0.014917962327342165 
0.014917962327342165 
0.014917962327342165 
0.014917962327342165 
0.014917962327342165 
0.014917962327342165 
0.014917962327342165 
0.014917962327342165 
0.014917962327342165 
0.014917962327342165 
0.014917962327342165 
0.014917962327342165 
0.014923386210910711 
0.014923386210910711 
0.014923386210910711 
0.014923386210910711 
0.014923386210910711 
0.014923386210910711 
0.014923386210910711 
0.014923386210910711 
0.014923386210910711 
0.014923386210910711 
0.014923386210910711 
0.014923386210910711 
0.014923386210910711 
0.014923386210910711 
0.014923386210910711 
0.014923386210910711 
0.014923386210910711 
0.014923386210910711 
0.014923386210910711 
0.014923386210910711 
0.014923386210910711 
0.014923386210910711 
0.014923386210910711 
0.014923386210910711 
0.014923386210910711 
0.014923386210910711 
0.014923386210910711 
0.014923386210910711 
0.014923386210910711 
0.014923386210910711 
0.014923386210910711 
0.014923386210910711 
0.014923386210910711 
0.014923386210910711 
0.014923386210910711 
0.014923386210910711 
0.014923386210910711 
0.014923386210910711 
0.014923386210910711 
0.014923386210910711 
0.014923386210910711 
0.014923386210910711 
0.014923386210910711 
0.014923386210910711 
0.014923386210910711 
0.014923386210910711 
0.014923386210910711 
0.014923386210910711 
0.014923386210910711 
0.014923386210910711 
0.014923386210910711 
0.014923386210910711 
0.014923386210910711 
0.014923386210910711 
0.014923386210910711 
0.014923386210910711 
0.014923386210910711 
0.014923386210910711 
0.014923386210910711 
0.014923386210910711 
0.014923386210910711 
0.014923386210910711 
0.014923386210910711 
0.014923386210910711 
0.014923386210910711 
0.014923386210910711 
0.014923386210910711 
0.014923386210910711 
0.014923386210910711 
0.014923386210910711 
0.014923386210910711 
0.014923386210910711 
0.014923386210910711 
0.014923386210910711 
0.014923386210910711 
0.014923386210910711 
0.014923386210910711 
0.014923386210910711 
0.014923386210910711 
0.014923386210910711 
0.014923386210910711 
0.014923386210910711 
0.014923386210910711 
0.014923386210910711 
0.014923386210910711 
0.014923386210910711 
0.014923386210910711 
0.014923386210910711 
0.014923386210910711 
0.014923386210910711 
0.014923386210910711 
0.014923386210910711 
0.014923386210910711 
0.014923386210910711 
0.014923386210910711 
0.014923386210910711 
0.014923386210910711 
0.014923386210910711 
0.014923386210910711 
0.014923386210910711 
0.014923386210910711 
0.014923386210910711 
0.014923386210910711 
0.014923386210910711 
0.014923386210910711 
0.014923386210910711 
0.014923386210910711 
0.014923386210910711 
0.014923386210910711 
0.014923386210910711 
0.014923386210910711 
0.014923386210910711 
0.014923386210910711 
0.014923386210910711 
0.014923386210910711 
0.014923386210910711 
0.014923386210910711 
0.014923386210910711 
0.014923386210910711 
0.014923386210910711 
0.014923386210910711 
0.014923386210910711 
0.014923386210910711 
0.014923386210910711 
0.014923386210910711 
0.014923386210910711 
0.014923386210910711 
0.014923386210910711 
0.014923386210910711 
0.014923386210910711 
0.014923386210910711 
0.014923386210910711 
0.014923386210910711 
0.014923386210910711 
0.014923386210910711 
0.014923386210910711 
0.014923386210910711 
0.014923386210910711 
0.014923386210910711 
0.014923386210910711 
0.014923386210910711 
0.014923386210910711 
0.014923386210910711 
0.014923386210910711 
0.014923386210910711 
0.014923386210910711 
0.014923386210910711 
0.014923386210910711 
0.014923386210910711 
0.014923386210910711 
0.014923386210910711 
0.014923386210910711 
0.014923386210910711 
0.014923386210910711 
0.014923386210910711 
0.014923386210910711 
0.014923386210910711 
0.014923386210910711 
0.014923386210910711 
0.014923386210910711 
0.014923386210910711 
0.014923386210910711 
0.014923386210910711 
0.014923386210910711 
0.014923386210910711 
0.014923386210910711 
0.014923386210910711 
0.014923386210910711 
0.014923386210910711 
0.014923386210910711 
0.014923386210910711 
0.014923386210910711 
0.014923386210910711 
0.014923386210910711 
0.014923386210910711 
0.014923386210910711 
0.014923386210910711 
0.014923386210910711 
0.014923386210910711 
0.014923386210910711 
0.014923386210910711 
0.014923386210910711 
0.014923386210910711 
0.014923386210910711 
0.014923386210910711 
0.014923386210910711 
0.014923386210910711 
0.014923386210910711 
0.014923386210910711 
0.014923386210910711 
0.014923386210910711 
0.014923386210910711 
0.014923386210910711 
0.014923386210910711 
0.014923386210910711 
0.014923386210910711 
0.014923386210910711 
0.014923386210910711 
0.014923386210910711 
0.014923386210910711 
0.014923386210910711 
0.014923386210910711 
0.014923386210910711 
0.014923386210910711 
0.014923386210910711 
0.014923386210910711 
0.014923386210910711 
0.014923386210910711 
0.014923386210910711 
0.014923386210910711 
0.014923386210910711 
0.014923386210910711 
0.014923386210910711 
0.014923386210910711 
0.014923386210910711 
0.014923386210910711 
0.014923386210910711 
0.014923386210910711 
0.014923386210910711 
0.014923386210910711 
0.014923386210910711 
0.014923386210910711 
0.014923386210910711 
0.014923386210910711 
0.014923386210910711 
0.014923386210910711 
0.014923386210910711 
0.014923386210910711 
0.014923386210910711 
0.014923386210910711 
0.014923386210910711 
0.014923386210910711 
0.014923386210910711 
0.014923386210910711 
0.014923386210910711 
0.014923386210910711 
0.014923386210910711 
0.014923386210910711 
0.014923386210910711 
0.014923386210910711 
0.014923386210910711 
0.014923386210910711 
0.014923386210910711 
0.014923386210910711 
0.014923386210910711 
0.014923386210910711 
0.014923386210910711 
0.014923386210910711 
0.014923386210910711 
0.014923386210910711 
0.014923386210910711 
0.014923386210910711 
0.014923386210910711 
0.014923386210910711 
0.014923386210910711 
0.014923386210910711 
0.014923386210910711 
0.014923386210910711 
0.014923386210910711 
0.014923386210910711 
0.014923386210910711 
0.014923386210910711 
0.014923386210910711 
0.014923386210910711 
0.014923386210910711 
0.014923386210910711 
0.014923386210910711 
0.014923386210910711 
0.014923386210910711 
0.014923386210910711 
0.014923386210910711 
0.014923386210910711 
0.014923386210910711 
0.014923386210910711 
0.014923386210910711 
0.014923386210910711 
0.014923386210910711 
0.014923386210910711 
0.014923386210910711 
0.014923386210910711 
0.014923386210910711 
0.014923386210910711 
0.014923386210910711 
0.014923386210910711 
0.014923386210910711 
0.014923386210910711 
0.014923386210910711 
0.014923386210910711 
0.014923386210910711 
0.014923386210910711 
0.014923386210910711 
0.014923386210910711 
0.014923386210910711 
0.014923386210910711 
0.014923386210910711 
0.014923386210910711 
0.014923386210910711 
0.014923386210910711 
0.014923386210910711 
0.014923386210910711 
0.014923386210910711 
0.014923386210910711 
0.014923386210910711 
0.014923386210910711 
0.014923386210910711 
0.014923386210910711 
0.014923386210910711 
0.014923386210910711 
0.014923386210910711 
0.014923386210910711 
0.014923386210910711 
0.014923386210910711 
0.014923386210910711 
0.014923386210910711 
0.014923386210910711 
0.014923386210910711 
0.014923386210910711 
0.014923386210910711 
0.014923386210910711 
0.014923386210910711 
0.014923386210910711 
0.014923386210910711 
0.014923386210910711 
0.014923386210910711 
0.014923386210910711 
0.014923386210910711 
0.014923386210910711 
0.014923386210910711 
0.014923386210910711 
0.014923386210910711 
0.014923386210910711 
0.014923386210910711 
0.014923386210910711 
0.014923386210910711 
0.014923386210910711 
0.014923386210910711 
0.014923386210910711 
0.014923386210910711 
0.014923386210910711 
0.014923386210910711 
0.014923386210910711 
0.014923386210910711 
0.014923386210910711 
0.014923386210910711 
0.014923386210910711 
0.014923386210910711 
0.014923386210910711 
0.014923386210910711 
0.014923386210910711 
0.014923386210910711 
0.014923386210910711 
0.014923386210910711 
0.014923386210910711 
0.014923386210910711 
0.014923386210910711 
0.014923386210910711 
0.014923386210910711 
0.014923386210910711 
0.014923386210910711 
0.014923386210910711 
0.014923386210910711 
0.014923386210910711 
0.014923386210910711 
0.014923386210910711 
0.014923386210910711 
0.014923386210910711 
0.014923386210910711 
0.014923386210910711 
0.014923386210910711 
0.014923386210910711 
0.014923386210910711 
0.014923386210910711 
0.014923386210910711 
0.014923386210910711 
0.014923386210910711 
0.014923386210910711 
0.014923386210910711 
0.014923386210910711 
0.014923386210910711 
0.014923386210910711 
0.014923386210910711 
0.014923386210910711 
0.014923386210910711 
0.014923386210910711 
0.014923386210910711 
0.014923386210910711 
0.014923386210910711 
0.014923386210910711 
0.014923386210910711 
0.014923386210910711 
0.014923386210910711 
0.014923386210910711 
0.014923386210910711 
0.014923386210910711 
0.014923386210910711 
0.014923386210910711 
0.014923386210910711 
0.014923386210910711 
0.014923386210910711 
0.014923386210910711 
0.014923386210910711 
0.014923386210910711 
0.014923386210910711 
0.014923386210910711 
0.014923386210910711 
0.014923386210910711 
0.014923386210910711 
0.014923386210910711 
0.014923386210910711 
0.014923386210910711 
0.014923386210910711 
0.014923386210910711 
0.014923386210910711 
0.014923386210910711 
0.014923386210910711 
0.014923386210910711 
0.014923386210910711 
0.014923386210910711 
0.014923386210910711 
0.014923386210910711 
0.014923386210910711 
0.014923386210910711 
0.014923386210910711 
0.014923386210910711 
0.014923386210910711 
0.014923386210910711 
0.014923386210910711 
0.014923386210910711 
0.014923386210910711 
0.014923386210910711 
0.014923386210910711 
0.014923386210910711 
0.014923386210910711 
0.014923386210910711 
0.014923386210910711 
0.014923386210910711 
0.014923386210910711 
0.014923386210910711 
0.014923386210910711 
0.014923386210910711 
0.014923386210910711 
0.014923386210910711 
0.014923386210910711 
0.014923386210910711 
0.014923386210910711 
0.014923386210910711 
0.014923386210910711 
0.014923386210910711 
0.014923386210910711 
0.014923386210910711 
0.014923386210910711 
0.014923386210910711 
0.014923386210910711 
0.014923386210910711 
0.014923386210910711 
0.014923386210910711 
0.014923386210910711 
0.014923386210910711 
0.014923386210910711 
0.014923386210910711 
0.014923386210910711 
0.014923386210910711 
0.014923386210910711 
0.014923386210910711 
0.014923386210910711 
0.014923386210910711 
0.014923386210910711 
0.014923386210910711 
0.014923386210910711 
0.014923386210910711 
0.014923386210910711 
0.014923386210910711 
0.014923386210910711 
0.014923386210910711 
0.014923386210910711 
0.014923386210910711 
0.014923386210910711 
0.014923386210910711 
0.014923386210910711 
0.014923386210910711 
0.014923386210910711 
0.014923386210910711 
0.014923386210910711 
0.014923386210910711 
0.014923386210910711 
0.014923386210910711 
0.014923386210910711 
0.014923386210910711 
0.014923386210910711 
0.014923386210910711 
0.014923386210910711 
0.014923386210910711 
0.014923386210910711 
0.014923386210910711 
0.014923386210910711 
0.014923386210910711 
0.014923386210910711 
0.014923386210910711 
0.014923386210910711 
0.014923386210910711 
0.014923386210910711 
0.014923386210910711 
0.014923386210910711 
0.014923386210910711 
0.014923386210910711 
0.014923386210910711 
0.014923386210910711 
0.014923386210910711 
0.014923386210910711 
0.014923386210910711 
0.014923386210910711 
0.014923386210910711 
0.014923386210910711 
0.014923386210910711 
0.014923386210910711 
0.014923386210910711 
0.014923386210910711 
0.014923386210910711 
0.014923386210910711 
0.014923386210910711 
0.014923386210910711 
0.014923386210910711 
0.014923386210910711 
0.014923386210910711 
0.014923386210910711 
0.014923386210910711 
0.014923386210910711 
0.014923386210910711 
0.014923386210910711 
0.014923386210910711 
0.014923386210910711 
0.014923386210910711 
0.014923386210910711 
0.014923386210910711 
0.014923386210910711 
0.014923386210910711 
0.014923386210910711 
0.014923386210910711 
0.014923386210910711 
0.014923386210910711 
0.014923386210910711 
0.014923386210910711 
0.014923386210910711 
0.014923386210910711 
0.014923386210910711 
0.014923386210910711 
0.014923386210910711 
0.014923386210910711 
0.014923386210910711 
0.014923386210910711 
0.014923386210910711 
0.014923386210910711 
0.014923386210910711 
0.014923386210910711 
0.014923386210910711 
0.014923386210910711 
0.014923386210910711 
0.014923386210910711 
0.014923386210910711 
0.014923386210910711 
0.014923386210910711 
0.014923386210910711 
0.014923386210910711 
0.014923386210910711 
0.014923386210910711 
0.014923386210910711 
0.014923386210910711 
0.014923386210910711 
0.014923386210910711 
0.014923386210910711 
0.014923386210910711 
0.014923386210910711 
0.014923386210910711 
0.014923386210910711 
0.014923386210910711 
0.014923386210910711 
0.014923386210910711 
0.014923386210910711 
0.014923386210910711 
0.014923386210910711 
0.014923386210910711 
0.014923386210910711 
0.014923386210910711 
0.014923386210910711 
0.014923386210910711 
0.014923386210910711 
0.014923386210910711 
0.014923386210910711 
0.014923386210910711 
0.014923386210910711 
0.014923386210910711 
0.014923386210910711 
0.014923386210910711 
0.014923386210910711 
0.014923386210910711 
0.014923386210910711 
0.014923386210910711 
0.014923386210910711 
0.014923386210910711 
0.014923386210910711 
0.014923386210910711 
0.014923386210910711 
0.014923386210910711 
0.014923386210910711 
0.014923386210910711 
0.014923386210910711 
0.014923386210910711 
0.014923386210910711 
0.014923386210910711 
0.014923386210910711 
0.014923386210910711 
0.014923386210910711 
0.014923386210910711 
0.014923386210910711 
0.014923386210910711 
0.014923386210910711 
0.014923386210910711 
0.014923386210910711 
0.014923386210910711 
0.014923386210910711 
0.014923386210910711 
0.014923386210910711 
0.014923386210910711 
0.014923386210910711 
0.014923386210910711 
0.014923386210910711 
0.014923386210910711 
0.014923386210910711 
0.014923386210910711 
0.014923386210910711 
0.014923386210910711 
0.014923386210910711 
0.014923386210910711 
0.014923386210910711 
0.014923386210910711 
0.014923386210910711 
0.014923386210910711 
0.014923386210910711 
0.014923386210910711 
0.014923386210910711 
0.014923386210910711 
0.014923386210910711 
0.014923386210910711 
0.014923386210910711 
0.014923386210910711 
0.014923386210910711 
0.014923386210910711 
0.014923386210910711 
0.014923386210910711 
0.014923386210910711 
0.014923386210910711 
0.014923386210910711 
0.014923386210910711 
0.014923386210910711 
0.014923386210910711 
0.014923386210910711 
0.014923386210910711 
0.014923386210910711 
0.014923386210910711 
0.014923386210910711 
0.014923386210910711 
0.014923386210910711 
0.014923386210910711 
0.014923386210910711 
0.014923386210910711 
0.014923386210910711 
0.014923386210910711 
0.014923386210910711 
0.014923386210910711 
0.014923386210910711 
0.014923386210910711 
0.014923386210910711 
0.014923386210910711 
0.014923386210910711 
0.014923386210910711 
0.014923386210910711 
0.014923386210910711 
0.014923386210910711 
0.014923386210910711 
0.014923386210910711 
0.014923386210910711 
0.014923386210910711 
0.014923386210910711 
0.014923386210910711 
0.014923386210910711 
0.014923386210910711 
0.014923386210910711 
0.014923386210910711 
0.014923386210910711 
0.014923386210910711 
0.014923386210910711 
0.014923386210910711 
0.014923386210910711 
0.014923386210910711 
0.014923386210910711 
0.014923386210910711 
0.014923386210910711 
0.014923386210910711 
0.014923386210910711 
0.014923386210910711 
0.014923386210910711 
0.014923386210910711 
0.014923386210910711 
0.014923386210910711 
0.014923386210910711 
0.014923386210910711 
0.014923386210910711 
0.014923386210910711 
0.014923386210910711 
0.014923386210910711 
0.014923386210910711 
0.014923386210910711 
0.014923386210910711 
0.014923386210910711 
0.014923386210910711 
0.014923386210910711 
0.014923386210910711 
0.014923386210910711 
0.014923386210910711 
0.014923386210910711 
0.014923386210910711 
0.014923386210910711 
0.014923386210910711 
0.014923386210910711 
0.014923386210910711 
0.014923386210910711 
0.014923386210910711 
0.014923386210910711 
0.014923386210910711 
0.014923386210910711 
0.014923386210910711 
0.014923386210910711 
0.014923386210910711 
0.014923386210910711 
0.014923386210910711 
0.014923386210910711 
0.014923386210910711 
0.014923386210910711 
0.014923386210910711 
0.014923386210910711 
0.014923386210910711 
0.014923386210910711 
0.014923386210910711 
0.014923386210910711 
0.014923386210910711 
0.014923386210910711 
0.014923386210910711 
0.014923386210910711 
0.014923386210910711 
0.014923386210910711 
0.014923386210910711 
0.014923386210910711 
0.014923386210910711 
0.014923386210910711 
0.014923386210910711 
0.014923386210910711 
0.014923386210910711 
0.014923386210910711 
0.014923386210910711 
0.014923386210910711 
0.014923386210910711 
0.014923386210910711 
0.014923386210910711 
0.014923386210910711 
0.014923386210910711 
0.014923386210910711 
0.014923386210910711 
0.014923386210910711 
0.014923386210910711 
0.014923386210910711 
0.014923386210910711 
0.014923386210910711 
0.014923386210910711 
0.014923386210910711 
0.014923386210910711 
0.014923386210910711 
0.014923386210910711 
0.014923386210910711 
0.014923386210910711 
0.014923386210910711 
0.014923386210910711 
0.014923386210910711 
0.014923386210910711 
0.014923386210910711 
0.014923386210910711 
0.014923386210910711 
0.014923386210910711 
0.014923386210910711 
0.014923386210910711 
0.014923386210910711 
0.014923386210910711 
0.014923386210910711 
0.014923386210910711 
0.014923386210910711 
0.014923386210910711 
0.014923386210910711 
0.014923386210910711 
0.014923386210910711 
0.014923386210910711 
0.014923386210910711 
0.014923386210910711 
0.014923386210910711 
0.014923386210910711 
0.014923386210910711 
0.014923386210910711 
0.014923386210910711 
0.014923386210910711 
0.014923386210910711 
0.014923386210910711 
0.014923386210910711 
0.014923386210910711 
0.014923386210910711 
0.014923386210910711 
0.014923386210910711 
0.014923386210910711 
0.014923386210910711 
0.014923386210910711 
0.014923386210910711 
0.014923386210910711 
0.014923386210910711 
0.014923386210910711 
0.014923386210910711 
0.014923386210910711 
0.014923386210910711 
0.014923386210910711 
0.014923386210910711 
0.014923386210910711 
0.014923386210910711 
0.014923386210910711 
0.014923386210910711 
0.014923386210910711 
0.014923386210910711 
0.014923386210910711 
0.014923386210910711 
0.014923386210910711 
0.014923386210910711 
0.014923386210910711 
0.014923386210910711 
0.014923386210910711 
0.014923386210910711 
0.014923386210910711 
0.014923386210910711 
0.014923386210910711 
0.014923386210910711 
0.014923386210910711 
0.014923386210910711 
0.014923386210910711 
0.014923386210910711 
0.014923386210910711 
0.014923386210910711 
0.014923386210910711 
0.014923386210910711 
0.014923386210910711 
0.014923386210910711 
0.014923386210910711 
0.014923386210910711 
0.014923386210910711 
0.014923386210910711 
0.014923386210910711 
0.014923386210910711 
0.014923386210910711 
0.014923386210910711 
0.014923386210910711 
0.014923386210910711 
0.014923386210910711 
0.014923386210910711 
0.014923386210910711 
0.014923386210910711 
0.014923386210910711 
0.014923386210910711 
0.014923386210910711 
0.014923386210910711 
0.014923386210910711 
0.014923386210910711 
0.014923386210910711 
0.014923386210910711 
0.014923386210910711 
0.014923386210910711 
0.014923386210910711 
0.014923386210910711 
0.014923386210910711 
0.014923386210910711 
0.014923386210910711 
0.014923386210910711 
0.014923386210910711 
0.014923386210910711 
0.014923386210910711 
0.014923386210910711 
0.014923386210910711 
0.014923386210910711 
0.014923386210910711 
0.014923386210910711 
0.014923386210910711 
0.014923386210910711 
0.014923386210910711 
0.014923386210910711 
0.014923386210910711 
0.014923386210910711 
0.014923386210910711 
0.014923386210910711 
0.014923386210910711 
0.014923386210910711 
0.014923386210910711 
0.014923386210910711 
0.014923386210910711 
0.014923386210910711 
0.014923386210910711 
0.014923386210910711 
0.014923386210910711 
0.014923386210910711 
0.014923386210910711 
0.014923386210910711 
0.014923386210910711 
0.014923386210910711 
0.014923386210910711 
0.014923386210910711 
0.014923386210910711 
0.014923386210910711 
0.014923386210910711 
0.014923386210910711 
0.014923386210910711 
0.014923386210910711 
0.014923386210910711 
0.014923386210910711 
0.014923386210910711 
0.014923386210910711 
0.014923386210910711 
0.014923386210910711 
0.014923386210910711 
0.014923386210910711 
0.014923386210910711 
0.014923386210910711 
0.014923386210910711 
0.014923386210910711 
0.014923386210910711 
0.014923386210910711 
0.014923386210910711 
0.014923386210910711 
0.014923386210910711 
0.014923386210910711 
0.014923386210910711 
0.014923386210910711 
0.014923386210910711 
0.014923386210910711 
0.014923386210910711 
0.014923386210910711 
0.014923386210910711 
0.014923386210910711 
0.014923386210910711 
0.014923386210910711 
0.014923386210910711 
0.014923386210910711 
0.014923386210910711 
0.014923386210910711 
0.014923386210910711 
0.014923386210910711 
0.014923386210910711 
0.014923386210910711 
0.014923386210910711 
0.014923386210910711 
0.014923386210910711 
0.014923386210910711 
0.014923386210910711 
0.014923386210910711 
0.014923386210910711 
0.014923386210910711 
0.014923386210910711 
0.014923386210910711 
0.014923386210910711 
0.014923386210910711 
0.014923386210910711 
0.014923386210910711 
0.014923386210910711 
0.014923386210910711 
0.014923386210910711 
0.014923386210910711 
0.014923386210910711 
0.014923386210910711 
0.014923386210910711 
0.014923386210910711 
0.014923386210910711 
0.014923386210910711 
0.014923386210910711 
0.014923386210910711 
0.014923386210910711 
0.014923386210910711 
0.014923386210910711 
0.014923386210910711 
0.014923386210910711 
0.014923386210910711 
0.014923386210910711 
0.014923386210910711 
0.014923386210910711 
0.014923386210910711 
0.014923386210910711 
0.014923386210910711 
0.014923386210910711 
0.014923386210910711 
0.014923386210910711 
0.014923386210910711 
0.014923386210910711 
0.014923386210910711 
0.014923386210910711 
0.014923386210910711 
0.014923386210910711 
0.014923386210910711 
0.014923386210910711 
0.014923386210910711 
0.014923386210910711 
0.014923386210910711 
0.014923386210910711 
0.014923386210910711 
0.014923386210910711 
0.014923386210910711 
0.014923386210910711 
0.014923386210910711 
0.014923386210910711 
0.014923386210910711 
0.014923386210910711 
0.014923386210910711 
0.014923386210910711 
0.014923386210910711 
0.014923386210910711 
0.014923386210910711 
0.014923386210910711 
0.014923386210910711 
0.014923386210910711 
0.014923386210910711 
0.014923386210910711 
0.014923386210910711 
0.014923386210910711 
0.014923386210910711 
0.014923386210910711 
0.014923386210910711 
0.014923386210910711 
0.014923386210910711 
0.014923386210910711 
0.014923386210910711 
0.014923386210910711 
0.014923386210910711 
0.014923386210910711 
0.014923386210910711 
0.014923386210910711 
0.014923386210910711 
0.014923386210910711 
0.014923386210910711 
0.014923386210910711 
0.014923386210910711 
0.014923386210910711 
0.014923386210910711 
0.014923386210910711 
0.014923386210910711 
0.014923386210910711 
0.014923386210910711 
0.014923386210910711 
0.014923386210910711 
0.014923386210910711 
0.014923386210910711 
0.014923386210910711 
0.014923386210910711 
0.014923386210910711 
0.014923386210910711 
0.014923386210910711 
0.014923386210910711 
0.014923386210910711 
0.014923386210910711 
0.014923386210910711 
0.014923386210910711 
0.014923386210910711 
0.014923386210910711 
0.014923386210910711 
0.014923386210910711 
0.014923386210910711 
0.014923386210910711 
0.014923386210910711 
0.014923386210910711 
0.014923386210910711 
0.014923386210910711 
0.014923386210910711 
0.014923386210910711 
0.014923386210910711 
0.014923386210910711 
0.014923386210910711 
0.014923386210910711 
0.014923386210910711 
0.014923386210910711 
0.014923386210910711 
0.014923386210910711 
0.014923386210910711 
0.014923386210910711 
0.014923386210910711 
0.014923386210910711 
0.014923386210910711 
0.014923386210910711 
0.014923386210910711 
0.014923386210910711 
0.014923386210910711 
0.014923386210910711 
0.014923386210910711 
0.014923386210910711 
0.014923386210910711 
0.014923386210910711 
0.014923386210910711 
0.014923386210910711 
0.014923386210910711 
0.014923386210910711 
0.014923386210910711 
0.014923386210910711 
0.014923386210910711 
0.014923386210910711 
0.014923386210910711 
0.014923386210910711 
0.014923386210910711 
0.014923386210910711 
0.014923386210910711 
0.014923386210910711 
0.014923386210910711 
0.014923386210910711 
0.014923386210910711 
0.014923386210910711 
0.014923386210910711 
0.014923386210910711 
0.014923386210910711 
0.014923386210910711 
0.014923386210910711 
0.014923386210910711 
0.014923386210910711 
0.014923386210910711 
0.014923386210910711 
0.014923386210910711 
0.014923386210910711 
0.014923386210910711 
0.014923386210910711 
0.014923386210910711 
0.014923386210910711 
0.014923386210910711 
0.014923386210910711 
0.014923386210910711 
0.014923386210910711 
0.014923386210910711 
0.014923386210910711 
0.014923386210910711 
0.014923386210910711 
0.014923386210910711 
0.014923386210910711 
0.014923386210910711 
0.014923386210910711 
0.014923386210910711 
0.014923386210910711 
0.014923386210910711 
0.014923386210910711 
0.014923386210910711 
0.014923386210910711 
0.014923386210910711 
0.014923386210910711 
0.014923386210910711 
0.014923386210910711 
0.014923386210910711 
0.014923386210910711 
0.014923386210910711 
0.014923386210910711 
0.014923386210910711 
0.014923386210910711 
0.014923386210910711 
0.014923386210910711 
0.014923386210910711 
0.014923386210910711 
0.014923386210910711 
0.014923386210910711 
0.014923386210910711 
0.014923386210910711 
0.014923386210910711 
0.014923386210910711 
0.014923386210910711 
0.014923386210910711 
0.014923386210910711 
0.014923386210910711 
0.014923386210910711 
0.014923386210910711 
0.014923386210910711 
0.014923386210910711 
0.014923386210910711 
0.014923386210910711 
0.014923386210910711 
0.014923386210910711 
0.014923386210910711 
0.014923386210910711 
0.014923386210910711 
0.014923386210910711 
0.014923386210910711 
0.014923386210910711 
0.014923386210910711 
0.014923386210910711 
0.014923386210910711 
0.014923386210910711 
0.014923386210910711 
0.014923386210910711 
0.014923386210910711 
0.014923386210910711 
0.014923386210910711 
0.014923386210910711 
0.014923386210910711 
0.014923386210910711 
0.014923386210910711 
0.014923386210910711 
0.014923386210910711 
0.014923386210910711 
0.014923386210910711 
0.014923386210910711 
0.014923386210910711 
0.014923386210910711 
0.014923386210910711 
0.014923386210910711 
0.014923386210910711 
0.014923386210910711 
0.014923386210910711 
0.014923386210910711 
0.014923386210910711 
0.014923386210910711 
0.014923386210910711 
0.014923386210910711 
0.014923386210910711 
0.014923386210910711 
0.014923386210910711 
0.014923386210910711 
0.014923386210910711 
0.014923386210910711 
0.014923386210910711 
0.014923386210910711 
0.014923386210910711 
0.014923386210910711 
0.014923386210910711 
0.014923386210910711 
0.014923386210910711 
0.014923386210910711 
0.014923386210910711 
0.014923386210910711 
0.014923386210910711 
0.014923386210910711 
0.014923386210910711 
0.014923386210910711 
0.014923386210910711 
0.014923386210910711 
0.014923386210910711 
0.014923386210910711 
0.014923386210910711 
0.014923386210910711 
0.014923386210910711 
0.014923386210910711 
0.014923386210910711 
0.014923386210910711 
0.014923386210910711 
0.014923386210910711 
0.014923386210910711 
0.014923386210910711 
0.014923386210910711 
0.014923386210910711 
0.014923386210910711 
0.014923386210910711 
0.014923386210910711 
0.014923386210910711 
0.014923386210910711 
0.014923386210910711 
0.014923386210910711 
0.014923386210910711 
0.014923386210910711 
0.014923386210910711 
0.014923386210910711 
0.014923386210910711 
0.014923386210910711 
0.014923386210910711 
0.014923386210910711 
0.014923386210910711 
0.014923386210910711 
0.014923386210910711 
0.014923386210910711 
0.014923386210910711 
0.014923386210910711 
0.014923386210910711 
0.014923386210910711 
0.014923386210910711 
0.014923386210910711 
0.014923386210910711 
0.014923386210910711 
0.014923386210910711 
0.014923386210910711 
0.014923386210910711 
0.014923386210910711 
0.014923386210910711 
0.014923386210910711 
0.014923386210910711 
0.014923386210910711 
0.014923386210910711 
0.014923386210910711 
0.014923386210910711 
0.014923386210910711 
0.014923386210910711 
0.014923386210910711 
0.014923386210910711 
0.014923386210910711 
0.014923386210910711 
0.014923386210910711 
0.014923386210910711 
0.014923386210910711 
0.014923386210910711 
0.014923386210910711 
0.014923386210910711 
0.014923386210910711 
0.014923386210910711 
0.014923386210910711 
0.014923386210910711 
0.014923386210910711 
0.014923386210910711 
0.014923386210910711 
0.014923386210910711 
0.014923386210910711 
0.014923386210910711 
0.014923386210910711 
0.014923386210910711 
0.014923386210910711 
0.014923386210910711 
0.014923386210910711 
0.014923386210910711 
0.014923386210910711 
0.014923386210910711 
0.014923386210910711 
0.014923386210910711 
0.014923386210910711 
0.014923386210910711 
0.014923386210910711 
0.014923386210910711 
0.014923386210910711 
0.014923386210910711 
0.014923386210910711 
0.014923386210910711 
0.014923386210910711 
0.014923386210910711 
0.014923386210910711 
0.014923386210910711 
0.014923386210910711 
0.014923386210910711 
0.014923386210910711 
0.014923386210910711 
0.014923386210910711 
0.014923386210910711 
0.014923386210910711 
0.014923386210910711 
0.014923386210910711 
0.014923386210910711 
0.014923386210910711 
0.014923386210910711 
0.014923386210910711 
0.014923386210910711 
0.014923386210910711 
0.014923386210910711 
0.014923386210910711 
0.014923386210910711 
0.014923386210910711 
0.014923386210910711 
0.014923386210910711 
0.014923386210910711 
0.014923386210910711 
0.014923386210910711 
0.014923386210910711 
0.014923386210910711 
0.014923386210910711 
0.014923386210910711 
0.014923386210910711 
0.014923386210910711 
0.014923386210910711 
0.014923386210910711 
0.014923386210910711 
0.014923386210910711 
0.014923386210910711 
0.014923386210910711 
0.014923386210910711 
0.014923386210910711 
0.014923386210910711 
0.014923386210910711 
0.014923386210910711 
0.014923386210910711 
0.014923386210910711 
0.014923386210910711 
0.014923386210910711 
0.014923386210910711 
0.014923386210910711 
0.014923386210910711 
0.014923386210910711 
0.014923386210910711 
0.014923386210910711 
0.014923386210910711 
0.014923386210910711 
0.014923386210910711 
0.014923386210910711 
0.014923386210910711 
0.014923386210910711 
0.014923386210910711 
0.014923386210910711 
0.014923386210910711 
0.014923386210910711 
0.014923386210910711 
0.014923386210910711 
0.014923386210910711 
0.014923386210910711 
0.014923386210910711 
0.014923386210910711 
0.014923386210910711 
0.014923386210910711 
0.014923386210910711 
0.014923386210910711 
0.014923386210910711 
0.014923386210910711 
0.014923386210910711 
0.014923386210910711 
0.014923386210910711 
0.014923386210910711 
0.014923386210910711 
0.014923386210910711 
0.014923386210910711 
0.014923386210910711 
0.014923386210910711 
0.014923386210910711 
0.014923386210910711 
0.014923386210910711 
0.014923386210910711 
0.014923386210910711 
0.014923386210910711 
0.014923386210910711 
0.014923386210910711 
0.014923386210910711 
0.014923386210910711 
0.014923386210910711 
0.014923386210910711 
0.014923386210910711 
0.014923386210910711 
0.014923386210910711 
0.014923386210910711 
0.014923386210910711 
0.014923386210910711 
0.014923386210910711 
0.014923386210910711 
0.014923386210910711 
0.014923386210910711 
0.014923386210910711 
0.014923386210910711 
0.014923386210910711 
0.014923386210910711 
0.014923386210910711 
0.014923386210910711 
0.014923386210910711 
0.014923386210910711 
0.014923386210910711 
0.014923386210910711 
0.014923386210910711 
0.014923386210910711 
0.014923386210910711 
0.014923386210910711 
0.014923386210910711 
0.014923386210910711 
0.014923386210910711 
0.014923386210910711 
0.014923386210910711 
0.014923386210910711 
0.014923386210910711 
0.014923386210910711 
0.014923386210910711 
0.014923386210910711 
0.014923386210910711 
0.014923386210910711 
0.014923386210910711 
0.014923386210910711 
0.014923386210910711 
0.014923386210910711 
0.014923386210910711 
0.014923386210910711 
0.014923386210910711 
0.014923386210910711 
0.014923386210910711 
0.014923386210910711 
0.014923386210910711 
0.014923386210910711 
0.014923386210910711 
0.014923386210910711 
0.014923386210910711 
0.014923386210910711 
0.014923386210910711 
0.014923386210910711 
0.014923386210910711 
0.014923386210910711 
0.014923386210910711 
0.014923386210910711 
0.014923386210910711 
0.014923386210910711 
0.014923386210910711 
0.014923386210910711 
0.014923386210910711 
0.014923386210910711 
0.014923386210910711 
0.014923386210910711 
0.014923386210910711 
0.014923386210910711 
0.014923386210910711 
0.014923386210910711 
0.014923386210910711 
0.014923386210910711 
0.014923386210910711 
0.014923386210910711 
0.014923386210910711 
0.014923386210910711 
0.014923386210910711 
0.014923386210910711 
0.014923386210910711 
0.014923386210910711 
0.014923386210910711 
0.014923386210910711 
0.014923386210910711 
0.014923386210910711 
0.014923386210910711 
0.014923386210910711 
0.014923386210910711 
0.014923386210910711 
0.014923386210910711 
0.014923386210910711 
0.014923386210910711 
0.014923386210910711 
0.014923386210910711 
0.014923386210910711 
0.014923386210910711 
0.014923386210910711 
0.014923386210910711 
0.014923386210910711 
0.014923386210910711 
0.014923386210910711 
0.014923386210910711 
0.014923386210910711 
0.014923386210910711 
0.014923386210910711 
0.014923386210910711 
0.014923386210910711 
0.014923386210910711 
0.014923386210910711 
0.014923386210910711 
0.014923386210910711 
0.014923386210910711 
0.014923386210910711 
0.014923386210910711 
0.014923386210910711 
0.014923386210910711 
0.014923386210910711 
0.014923386210910711 
0.014923386210910711 
0.014923386210910711 
0.014923386210910711 
0.014923386210910711 
0.014923386210910711 
0.014923386210910711 
0.014923386210910711 
0.014923386210910711 
0.014923386210910711 
0.014923386210910711 
0.014923386210910711 
0.014923386210910711 
0.014923386210910711 
0.014923386210910711 
0.014923386210910711 
0.014923386210910711 
0.014923386210910711 
0.014923386210910711 
0.014923386210910711 
0.014923386210910711 
0.014923386210910711 
0.014923386210910711 
0.014923386210910711 
0.014923386210910711 
0.014923386210910711 
0.014923386210910711 
0.014923386210910711 
0.014923386210910711 
0.014923386210910711 
0.014923386210910711 
0.014923386210910711 
0.014923386210910711 
0.014923386210910711 
0.014923386210910711 
0.014923386210910711 
0.014923386210910711 
0.014923386210910711 
0.014923386210910711 
0.014923386210910711 
0.014923386210910711 
0.014923386210910711 
0.014923386210910711 
0.014923386210910711 
0.014923386210910711 
0.014923386210910711 
0.014923386210910711 
0.014923386210910711 
0.014923386210910711 
0.014923386210910711 
0.014923386210910711 
0.014923386210910711 
0.014923386210910711 
0.014923386210910711 
0.014923386210910711 
0.014923386210910711 
0.014923386210910711 
0.014923386210910711 
0.014923386210910711 
0.014923386210910711 
0.014923386210910711 
0.014923386210910711 
0.014923386210910711 
0.014923386210910711 
0.014923386210910711 
0.014923386210910711 
0.014923386210910711 
0.014923386210910711 
0.014923386210910711 
0.014923386210910711 
0.014923386210910711 
0.014923386210910711 
0.014923386210910711 
0.014923386210910711 
0.014923386210910711 
0.014923386210910711 
0.014923386210910711 
0.014923386210910711 
0.014923386210910711 
0.014923386210910711 
0.014923386210910711 
0.014923386210910711 
0.014923386210910711 
0.014923386210910711 
0.014923386210910711 
0.014923386210910711 
0.014923386210910711 
0.014923386210910711 
0.014923386210910711 
0.014923386210910711 
0.014923386210910711 
0.014923386210910711 
0.014923386210910711 
0.014923386210910711 
0.014923386210910711 
0.014923386210910711 
0.014923386210910711 
0.014923386210910711 
0.014923386210910711 
0.014923386210910711 
0.014923386210910711 
0.014923386210910711 
0.014923386210910711 
0.014923386210910711 
0.014923386210910711 
0.014923386210910711 
0.014923386210910711 
0.014923386210910711 
0.014923386210910711 
0.014923386210910711 
0.014923386210910711 
0.014923386210910711 
0.014923386210910711 
0.014923386210910711 
0.014923386210910711 
0.014923386210910711 
0.014923386210910711 
0.014923386210910711 
0.014923386210910711 
0.014923386210910711 
0.014923386210910711 
0.014923386210910711 
0.014923386210910711 
0.014923386210910711 
0.014923386210910711 
0.014923386210910711 
0.014923386210910711 
0.014923386210910711 
0.014923386210910711 
0.014923386210910711 
0.014923386210910711 
0.014923386210910711 
0.014923386210910711 
0.014923386210910711 
0.014923386210910711 
0.014923386210910711 
0.014923386210910711 
0.014923386210910711 
0.014923386210910711 
0.014923386210910711 
0.014923386210910711 
0.014923386210910711 
0.014923386210910711 
0.014923386210910711 
0.014923386210910711 
0.014923386210910711 
0.014923386210910711 
0.014923386210910711 
0.014923386210910711 
0.014923386210910711 
0.014923386210910711 
0.014923386210910711 
0.014923386210910711 
0.014923386210910711 
0.014923386210910711 
0.014923386210910711 
0.014923386210910711 
0.014923386210910711 
0.014923386210910711 
0.014923386210910711 
0.014923386210910711 
0.014923386210910711 
0.014923386210910711 
0.014923386210910711 
0.014923386210910711 
0.014923386210910711 
0.014923386210910711 
0.014923386210910711 
0.014923386210910711 
0.014923386210910711 
0.014923386210910711 
0.014923386210910711 
0.014923386210910711 
0.014923386210910711 
0.014923386210910711 
0.014923386210910711 
0.014923386210910711 
0.014923386210910711 
0.014923386210910711 
0.014923386210910711 
0.014923386210910711 
0.014923386210910711 
0.014923386210910711 
0.014923386210910711 
0.014923386210910711 
0.014923386210910711 
0.014923386210910711 
0.014923386210910711 
0.014923386210910711 
0.014923386210910711 
0.014923386210910711 
0.014923386210910711 
0.014923386210910711 
0.014923386210910711 
0.014923386210910711 
0.014923386210910711 
0.014923386210910711 
0.014923386210910711 
0.014923386210910711 
0.014923386210910711 
0.014923386210910711 
0.014923386210910711 
0.014923386210910711 
0.014923386210910711 
0.014923386210910711 
0.014923386210910711 
0.014923386210910711 
0.014923386210910711 
0.014923386210910711 
0.014923386210910711 
0.014923386210910711 
0.014923386210910711 
0.014923386210910711 
0.014923386210910711 
0.014923386210910711 
0.014923386210910711 
0.014923386210910711 
0.014923386210910711 
0.014923386210910711 
0.014923386210910711 
0.014923386210910711 
0.014923386210910711 
0.014923386210910711 
0.014923386210910711 
0.014923386210910711 
0.014923386210910711 
0.014923386210910711 
0.014923386210910711 
0.014923386210910711 
0.014923386210910711 
0.014923386210910711 
0.014923386210910711 
0.014923386210910711 
0.014923386210910711 
0.014923386210910711 
0.014923386210910711 
0.014923386210910711 
0.014923386210910711 
0.014923386210910711 
0.014923386210910711 
0.014923386210910711 
0.014923386210910711 
0.014923386210910711 
0.014923386210910711 
0.014923386210910711 
0.014923386210910711 
0.014923386210910711 
0.014923386210910711 
0.014923386210910711 
0.014923386210910711 
0.014923386210910711 
0.014923386210910711 
0.014923386210910711 
0.014923386210910711 
0.014923386210910711 
0.014923386210910711 
0.014923386210910711 
0.014923386210910711 
0.014923386210910711 
0.014923386210910711 
0.014923386210910711 
0.014923386210910711 
0.014923386210910711 
0.014923386210910711 
0.014923386210910711 
0.014923386210910711 
0.014923386210910711 
0.014923386210910711 
0.014923386210910711 
0.014923386210910711 
0.014923386210910711 
0.014923386210910711 
0.014923386210910711 
0.014923386210910711 
0.014923386210910711 
0.014923386210910711 
0.014923386210910711 
0.014923386210910711 
0.014923386210910711 
0.014923386210910711 
0.014923386210910711 
0.014923386210910711 
0.014923386210910711 
0.014923386210910711 
0.014923386210910711 
0.014923386210910711 
0.014923386210910711 
0.014923386210910711 
0.014923386210910711 
0.014923386210910711 
0.014923386210910711 
0.014923386210910711 
0.014923386210910711 
0.014923386210910711 
0.014923386210910711 
0.014923386210910711 
0.014923386210910711 
0.014923386210910711 
0.014923386210910711 
0.014923386210910711 
0.014923386210910711 
0.014923386210910711 
0.014923386210910711 
0.014923386210910711 
0.014923386210910711 
0.014923386210910711 
0.014923386210910711 
0.014923386210910711 
0.014923386210910711 
0.014923386210910711 
0.014923386210910711 
0.014923386210910711 
0.014923386210910711 
0.014923386210910711 
0.014923386210910711 
0.014923386210910711 
0.014923386210910711 
0.014923386210910711 
0.014923386210910711 
0.014923386210910711 
0.014923386210910711 
0.014923386210910711 
0.014923386210910711 
0.014923386210910711 
0.014923386210910711 
0.014923386210910711 
0.014923386210910711 
0.014923386210910711 
0.014923386210910711 
0.014923386210910711 
0.014923386210910711 
0.014923386210910711 
0.014923386210910711 
0.014923386210910711 
0.014923386210910711 
0.014923386210910711 
0.014923386210910711 
0.014923386210910711 
0.014923386210910711 
0.014923386210910711 
0.014923386210910711 
0.014923386210910711 
0.014923386210910711 
0.014923386210910711 
0.014923386210910711 
0.014923386210910711 
0.014923386210910711 
0.014923386210910711 
0.014923386210910711 
0.014923386210910711 
0.014923386210910711 
0.014923386210910711 
0.014923386210910711 
0.014923386210910711 
0.014923386210910711 
0.014923386210910711 
0.014923386210910711 
0.014923386210910711 
0.014923386210910711 
0.014923386210910711 
0.014923386210910711 
0.014923386210910711 
0.014923386210910711 
0.014923386210910711 
0.014923386210910711 
0.014923386210910711 
0.014923386210910711 
0.014923386210910711 
0.014923386210910711 
0.014923386210910711 
0.014923386210910711 
0.014923386210910711 
0.014923386210910711 
0.014923386210910711 
0.014923386210910711 
0.014923386210910711 
0.014923386210910711 
0.014923386210910711 
0.014923386210910711 
0.014923386210910711 
0.014923386210910711 
0.014923386210910711 
0.014923386210910711 
0.014923386210910711 
0.014923386210910711 
0.014923386210910711 
0.014923386210910711 
0.014923386210910711 
0.014923386210910711 
0.014923386210910711 
0.014923386210910711 
0.014923386210910711 
0.014923386210910711 
0.014923386210910711 
0.014923386210910711 
0.014923386210910711 
0.014923386210910711 
0.014923386210910711 
0.014923386210910711 
0.014923386210910711 
0.014923386210910711 
0.014923386210910711 
0.014923386210910711 
0.014923386210910711 
0.014923386210910711 
0.014923386210910711 
0.014923386210910711 
0.014923386210910711 
0.014923386210910711 
0.014923386210910711 
0.014923386210910711 
0.014923386210910711 
0.014923386210910711 
0.014923386210910711 
0.014923386210910711 
0.014923386210910711 
0.014923386210910711 
0.014923386210910711 
0.014923386210910711 
0.014923386210910711 
0.014923386210910711 
0.014923386210910711 
0.014923386210910711 
0.014923386210910711 
0.014923386210910711 
0.014923386210910711 
0.014923386210910711 
0.014923386210910711 
0.014923386210910711 
0.014923386210910711 
0.014923386210910711 
0.014923386210910711 
0.014923386210910711 
0.014923386210910711 
0.014923386210910711 
0.014923386210910711 
0.014923386210910711 
0.014923386210910711 
0.014923386210910711 
0.014923386210910711 
0.014923386210910711 
0.014923386210910711 
0.014923386210910711 
0.014923386210910711 
0.014923386210910711 
0.014923386210910711 
0.014923386210910711 
0.014923386210910711 
0.014923386210910711 
0.014923386210910711 
0.014923386210910711 
0.014923386210910711 
0.014923386210910711 
0.014923386210910711 
0.014923386210910711 
0.014923386210910711 
0.014923386210910711 
0.014923386210910711 
0.014923386210910711 
0.014923386210910711 
0.014923386210910711 
0.014923386210910711 
0.014923386210910711 
0.014923386210910711 
0.014923386210910711 
0.014923386210910711 
0.014923386210910711 
0.014923386210910711 
0.014923386210910711 
0.014923386210910711 
0.014923386210910711 
0.014923386210910711 
0.014923386210910711 
0.014923386210910711 
0.014923386210910711 
0.014923386210910711 
0.014923386210910711 
0.014923386210910711 
0.014923386210910711 
0.014923386210910711 
0.014923386210910711 
0.014923386210910711 
0.014923386210910711 
0.014923386210910711 
0.014923386210910711 
0.014923386210910711 
0.014923386210910711 
0.014923386210910711 
0.014923386210910711 
0.014923386210910711 
0.014923386210910711 
0.014923386210910711 
0.014923386210910711 
0.014923386210910711 
0.014923386210910711 
0.014923386210910711 
0.014923386210910711 
0.014923386210910711 
0.014923386210910711 
0.014923386210910711 
0.014923386210910711 
0.014923386210910711 
0.014923386210910711 
0.014923386210910711 
0.014923386210910711 
0.014923386210910711 
0.014923386210910711 
0.014923386210910711 
0.014923386210910711 
0.014923386210910711 
0.014923386210910711 
0.014923386210910711 
0.014923386210910711 
0.014923386210910711 
0.014923386210910711 
0.014923386210910711 
0.014923386210910711 
0.014923386210910711 
0.014923386210910711 
0.014923386210910711 
0.014923386210910711 
0.014923386210910711 
0.014923386210910711 
0.014923386210910711 
0.014923386210910711 
0.014923386210910711 
0.014923386210910711 
0.014923386210910711 
0.014923386210910711 
0.014923386210910711 
0.014923386210910711 
0.014923386210910711 
0.014923386210910711 
0.014923386210910711 
0.014923386210910711 
0.014923386210910711 
0.014923386210910711 
0.014923386210910711 
0.014923386210910711 
0.014923386210910711 
0.014923386210910711 
0.014923386210910711 
0.014923386210910711 
0.014923386210910711 
0.014923386210910711 
0.014923386210910711 
0.014923386210910711 
0.014923386210910711 
0.014923386210910711 
0.014923386210910711 
0.014923386210910711 
0.014923386210910711 
0.014923386210910711 
0.014923386210910711 
0.014923386210910711 
0.014923386210910711 
0.014923386210910711 
0.014923386210910711 
0.014923386210910711 
0.014923386210910711 
0.014923386210910711 
0.014923386210910711 
0.014923386210910711 
0.014923386210910711 
0.014923386210910711 
0.014923386210910711 
0.014923386210910711 
0.014923386210910711 
0.014923386210910711 
0.014923386210910711 
0.014923386210910711 
0.014923386210910711 
0.014923386210910711 
0.014923386210910711 
0.014923386210910711 
0.014923386210910711 
0.014923386210910711 
0.014923386210910711 
0.014923386210910711 
0.014923386210910711 
0.014923386210910711 
0.014923386210910711 
0.014923386210910711 
0.014923386210910711 
0.014923386210910711 
0.014923386210910711 
0.014923386210910711 
0.014923386210910711 
0.014923386210910711 
0.014923386210910711 
0.014923386210910711 
0.014923386210910711 
0.014923386210910711 
0.014923386210910711 
0.014923386210910711 
0.014923386210910711 
0.014923386210910711 
0.014923386210910711 
0.014923386210910711 
0.014923386210910711 
0.014923386210910711 
0.014923386210910711 
0.014923386210910711 
0.014923386210910711 
0.014923386210910711 
0.014923386210910711 
0.014923386210910711 
0.014923386210910711 
0.014923386210910711 
0.014923386210910711 
0.014923386210910711 
0.014923386210910711 
0.014923386210910711 
0.014923386210910711 
0.014923386210910711 
0.014923386210910711 
0.014923386210910711 
0.014923386210910711 
0.014923386210910711 
0.014923386210910711 
0.014923386210910711 
0.014923386210910711 
0.014923386210910711 
0.014923386210910711 
0.014923386210910711 
0.014923386210910711 
0.014923386210910711 
0.014923386210910711 
0.014923386210910711 
0.014923386210910711 
0.014923386210910711 
0.014923386210910711 
0.014923386210910711 
0.014923386210910711 
0.014923386210910711 
0.014923386210910711 
0.014923386210910711 
0.014923386210910711 
0.014923386210910711 
0.014923386210910711 
0.014923386210910711 
0.014923386210910711 
0.014923386210910711 
0.014923386210910711 
0.014923386210910711 
0.014923386210910711 
0.014923386210910711 
0.014923386210910711 
0.014923386210910711 
0.014923386210910711 
0.014923386210910711 
0.014923386210910711 
0.014923386210910711 
0.014923386210910711 
0.014923386210910711 
0.014923386210910711 
0.014923386210910711 
0.014923386210910711 
0.014923386210910711 
0.014923386210910711 
0.014923386210910711 
0.014923386210910711 
0.014923386210910711 
0.014923386210910711 
0.014923386210910711 
0.014923386210910711 
0.014923386210910711 
0.014923386210910711 
0.014923386210910711 
0.014923386210910711 
0.014923386210910711 
0.014923386210910711 
0.014923386210910711 
0.014923386210910711 
0.014923386210910711 
0.014923386210910711 
0.014923386210910711 
0.014923386210910711 
0.014923386210910711 
0.014923386210910711 
0.014923386210910711 
0.014923386210910711 
0.014923386210910711 
0.014923386210910711 
0.014923386210910711 
0.014923386210910711 
0.014923386210910711 
0.014923386210910711 
0.014923386210910711 
0.014923386210910711 
0.014923386210910711 
0.014923386210910711 
0.014923386210910711 
0.014923386210910711 
0.014923386210910711 
0.014923386210910711 
0.014923386210910711 
0.014923386210910711 
0.014923386210910711 
0.014923386210910711 
0.014923386210910711 
0.014923386210910711 
0.014923386210910711 
0.014923386210910711 
0.014923386210910711 
0.014923386210910711 
0.014923386210910711 
0.014923386210910711 
0.014923386210910711 
0.014923386210910711 
0.014923386210910711 
0.014923386210910711 
0.014923386210910711 
0.014923386210910711 
0.014923386210910711 
0.014923386210910711 
0.014923386210910711 
0.014923386210910711 
0.014923386210910711 
0.014923386210910711 
0.014923386210910711 
0.014923386210910711 
0.014923386210910711 
0.014923386210910711 
0.014923386210910711 
0.014923386210910711 
0.014923386210910711 
0.014923386210910711 
0.014923386210910711 
0.014923386210910711 
0.014923386210910711 
0.014923386210910711 
0.014923386210910711 
0.014923386210910711 
0.014923386210910711 
0.014923386210910711 
0.014923386210910711 
0.014923386210910711 
0.014923386210910711 
0.014923386210910711 
0.014923386210910711 
0.014923386210910711 
0.014923386210910711 
0.014923386210910711 
0.014923386210910711 
0.014923386210910711 
0.014923386210910711 
0.014923386210910711 
0.014923386210910711 
0.014923386210910711 
0.014923386210910711 
0.014923386210910711 
0.014923386210910711 
0.014923386210910711 
0.014923386210910711 
0.014923386210910711 
0.014923386210910711 
0.014923386210910711 
0.014923386210910711 
0.014923386210910711 
0.014923386210910711 
0.014923386210910711 
0.014923386210910711 
0.014923386210910711 
0.014923386210910711 
0.014923386210910711 
0.014923386210910711 
0.014923386210910711 
0.014923386210910711 
0.014923386210910711 
0.014923386210910711 
0.014923386210910711 
0.014923386210910711 
0.014923386210910711 
0.014923386210910711 
0.014923386210910711 
0.014923386210910711 
0.014923386210910711 
0.014923386210910711 
0.014923386210910711 
0.014923386210910711 
0.014923386210910711 
0.014923386210910711 
0.014923386210910711 
0.014923386210910711 
0.014923386210910711 
0.014923386210910711 
0.014923386210910711 
0.014923386210910711 
0.014923386210910711 
0.014923386210910711 
0.014923386210910711 
0.014923386210910711 
0.014923386210910711 
0.014923386210910711 
0.014923386210910711 
0.014923386210910711 
0.014923386210910711 
0.014923386210910711 
0.014923386210910711 
0.014923386210910711 
0.014923386210910711 
0.014923386210910711 
0.014923386210910711 
0.014923386210910711 
0.014923386210910711 
0.014923386210910711 
0.014923386210910711 
0.014923386210910711 
0.014923386210910711 
0.014923386210910711 
0.014923386210910711 
0.014923386210910711 
0.014923386210910711 
0.014923386210910711 
0.014923386210910711 
0.014923386210910711 
0.014923386210910711 
0.014923386210910711 
0.014923386210910711 
0.014923386210910711 
0.014923386210910711 
0.014923386210910711 
0.014923386210910711 
0.014923386210910711 
0.014923386210910711 
0.014923386210910711 
0.014923386210910711 
0.014923386210910711 
0.014923386210910711 
0.014923386210910711 
0.014923386210910711 
0.014923386210910711 
0.014923386210910711 
0.014923386210910711 
0.014923386210910711 
0.014923386210910711 
0.014923386210910711 
0.014923386210910711 
0.014923386210910711 
0.014923386210910711 
0.014923386210910711 
0.014923386210910711 
0.014923386210910711 
0.014923386210910711 
0.014923386210910711 
0.014923386210910711 
0.014923386210910711 
0.014923386210910711 
0.014923386210910711 
0.014923386210910711 
0.014923386210910711 
0.014923386210910711 
0.014923386210910711 
0.014923386210910711 
0.014923386210910711 
0.014923386210910711 
0.014923386210910711 
0.014923386210910711 
0.014923386210910711 
0.014923386210910711 
0.014923386210910711 
0.014923386210910711 
0.014923386210910711 
0.014923386210910711 
0.014923386210910711 
0.014923386210910711 
0.014923386210910711 
0.014923386210910711 
0.014923386210910711 
0.014923386210910711 
0.014923386210910711 
0.014923386210910711 
0.014923386210910711 
0.014923386210910711 
0.014923386210910711 
0.014923386210910711 
0.014923386210910711 
0.014923386210910711 
0.014923386210910711 
0.014923386210910711 
0.014923386210910711 
0.014923386210910711 
0.014923386210910711 
0.014923386210910711 
0.014923386210910711 
0.014923386210910711 
0.014923386210910711 
0.014923386210910711 
0.014923386210910711 
0.014923386210910711 
0.014923386210910711 
0.014923386210910711 
0.014923386210910711 
0.014923386210910711 
0.014923386210910711 
0.014923386210910711 
0.014923386210910711 
0.014923386210910711 
0.014923386210910711 
0.014923386210910711 
0.014923386210910711 
0.014923386210910711 
0.014923386210910711 
0.014923386210910711 
0.014923386210910711 
0.014923386210910711 
0.014923386210910711 
0.014923386210910711 
0.014923386210910711 
0.014923386210910711 
0.014923386210910711 
0.014923386210910711 
0.014923386210910711 
0.014923386210910711 
0.014923386210910711 
0.014923386210910711 
0.014923386210910711 
0.014923386210910711 
0.014923386210910711 
0.014923386210910711 
0.014923386210910711 
0.014923386210910711 
0.014923386210910711 
0.014923386210910711 
0.014923386210910711 
0.014923386210910711 
0.014923386210910711 
0.014923386210910711 
0.014923386210910711 
0.014923386210910711 
0.014923386210910711 
0.014923386210910711 
0.014923386210910711 
0.014923386210910711 
0.014923386210910711 
0.014923386210910711 
0.014923386210910711 
0.014923386210910711 
0.014923386210910711 
0.014923386210910711 
0.014923386210910711 
0.014923386210910711 
0.014923386210910711 
0.014923386210910711 
0.014923386210910711 
0.014923386210910711 
0.014923386210910711 
0.014923386210910711 
0.014923386210910711 
0.014923386210910711 
0.014923386210910711 
0.014923386210910711 
0.014923386210910711 
0.014923386210910711 
0.014923386210910711 
0.014923386210910711 
0.014923386210910711 
0.014923386210910711 
0.014923386210910711 
0.014923386210910711 
0.014923386210910711 
0.014923386210910711 
0.014923386210910711 
0.014923386210910711 
0.014923386210910711 
0.014923386210910711 
0.014923386210910711 
0.014923386210910711 
0.014923386210910711 
0.014923386210910711 
0.014923386210910711 
0.014923386210910711 
0.014923386210910711 
0.014923386210910711 
0.014923386210910711 
0.014923386210910711 
0.014923386210910711 
0.014923386210910711 
0.014923386210910711 
0.014923386210910711 
0.014923386210910711 
0.014923386210910711 
0.014923386210910711 
0.014923386210910711 
0.014923386210910711 
0.014923386210910711 
0.014923386210910711 
0.014923386210910711 
0.014923386210910711 
0.014923386210910711 
0.014923386210910711 
0.014923386210910711 
0.014923386210910711 
0.014923386210910711 
0.014923386210910711 
0.014923386210910711 
0.014923386210910711 
0.014923386210910711 
0.014923386210910711 
0.014923386210910711 
0.014923386210910711 
0.014923386210910711 
0.014923386210910711 
0.014923386210910711 
0.014923386210910711 
0.014923386210910711 
0.014923386210910711 
0.014923386210910711 
0.014923386210910711 
0.014923386210910711 
0.014923386210910711 
0.014923386210910711 
0.014923386210910711 
0.014923386210910711 
0.014923386210910711 
0.014923386210910711 
0.014923386210910711 
0.014923386210910711 
0.014923386210910711 
0.014923386210910711 
0.014923386210910711 
0.014923386210910711 
0.014923386210910711 
0.014923386210910711 
0.014923386210910711 
0.014923386210910711 
0.014923386210910711 
0.014923386210910711 
0.014923386210910711 
0.014923386210910711 
0.014923386210910711 
0.014923386210910711 
0.014923386210910711 
0.014923386210910711 
0.014923386210910711 
0.014923386210910711 
0.014923386210910711 
0.014923386210910711 
0.014923386210910711 
0.014923386210910711 
0.014923386210910711 
0.014923386210910711 
0.014923386210910711 
0.014923386210910711 
0.014923386210910711 
0.014923386210910711 
0.014923386210910711 
0.014923386210910711 
0.014923386210910711 
0.014923386210910711 
0.014923386210910711 
0.014923386210910711 
0.014923386210910711 
0.014923386210910711 
0.014923386210910711 
0.014923386210910711 
0.014923386210910711 
0.014923386210910711 
0.014923386210910711 
0.014923386210910711 
0.014923386210910711 
0.014923386210910711 
0.014923386210910711 
0.014923386210910711 
0.014923386210910711 
0.014923386210910711 
0.014923386210910711 
0.014923386210910711 
0.014923386210910711 
0.014923386210910711 
0.014923386210910711 
0.014923386210910711 
0.014923386210910711 
0.014923386210910711 
0.014923386210910711 
0.014923386210910711 
0.014923386210910711 
0.014923386210910711 
0.014923386210910711 
0.014923386210910711 
0.014923386210910711 
0.014923386210910711 
0.014923386210910711 
0.014923386210910711 
0.014923386210910711 
0.014923386210910711 
0.014923386210910711 
0.014923386210910711 
0.014923386210910711 
0.014923386210910711 
0.014923386210910711 
0.014923386210910711 
0.014923386210910711 
0.014923386210910711 
0.014923386210910711 
0.014923386210910711 
0.014923386210910711 
0.014923386210910711 
0.014923386210910711 
0.014923386210910711 
0.014923386210910711 
0.014923386210910711 
0.014923386210910711 
0.014923386210910711 
0.014923386210910711 
0.014923386210910711 
0.014923386210910711 
0.014923386210910711 
0.014923386210910711 
0.014923386210910711 
0.014923386210910711 
0.014923386210910711 
0.014923386210910711 
0.014923386210910711 
0.014923386210910711 
