0.33191819310393805 
0.3329576367349483 
0.33424377426947005 
0.33514501038722067 
0.33503310787562873 
0.3349638988152899 
0.33532317868138073 
0.33600244891313136 
0.33790834913081585 
0.33860868112133136 
0.3392932467604064 
0.34035417908052656 
0.3411227252277322 
0.3420417798051652 
0.3428809932715515 
0.34217464780737356 
0.3431945188213851 
0.3441297620248646 
0.34532333729036235 
0.34726390486071634 
0.3464596975558163 
0.34621649684495576 
0.34714438298163003 
0.34762192355334426 
0.34844770745457754 
0.3500138804700898 
0.3506277472465902 
0.3513641902911242 
0.3524997636517412 
0.3543777248494826 
0.3548273751220339 
0.3559000093460686 
0.35599039954624845 
0.35666425674143937 
0.3563881797320082 
0.3578567249908361 
0.35768411424782853 
0.3586195879480683 
0.35971035203995905 
0.36003772783292753 
0.36096531708479185 
0.361674807448397 
0.3624689052178493 
0.36241856787623206 
0.3626313649268538 
0.3631361459016357 
0.3635738993245708 
0.3645986634282437 
0.36394258078159897 
0.3640852331252739 
0.365088500094576 
0.36477273685157724 
0.36500218889671227 
0.3657453142924761 
0.3669201917770018 
0.36732296620996646 
0.36813879597616395 
0.368652500533027 
0.36993934459456657 
0.3705352240344687 
0.3705990188229531 
0.3703386489879776 
0.37050048740052843 
0.3707358021253661 
0.3713622719263229 
0.3724086010097296 
0.37373184341881416 
0.37402342508618824 
0.3745110444657129 
0.37400732690406935 
0.3742066558148521 
0.37404704086110496 
0.3739380362926152 
0.37400362686430483 
0.3742303203859485 
0.37500483141479496 
0.3759741632875791 
0.37592856234215355 
0.3761688899512148 
0.37621677864661407 
0.3759176259195511 
0.37700500863414227 
0.37738051483524765 
0.37737795526508416 
0.37753295329818604 
0.3770587329647982 
0.3771108930864095 
0.3786655643139191 
0.37808704013472844 
0.3796274283759938 
0.37933688937460003 
0.3790668909496442 
0.378491511786665 
0.37835992509301025 
0.37856495145570923 
0.3784748043003524 
0.3785751162296066 
0.37872184820673777 
0.37959297030189715 
0.3799757691920273 
0.37991610668482173 
0.37946703380734675 
0.37963717906643674 
0.37938992658412696 
0.37989071315277956 
0.3795553267336624 
0.37998115717804615 
0.3798603781932306 
0.38048587829182084 
0.38034606521560743 
0.3804617980904799 
0.38039834245006104 
0.38010806772709815 
0.38014761362169747 
0.3804164689773951 
0.38059791128983167 
0.38122128415931983 
0.38055658744735565 
0.3805658417360249 
0.3807593066756931 
0.38086089071242213 
0.3813706596883137 
0.38147607608142486 
0.3812673697694352 
0.381036619583016 
0.38046808429641843 
0.38052195417534446 
0.37995298011127315 
0.3796952474947646 
0.37983229523286083 
0.38010372363189693 
0.38013282861696046 
0.38009498183428136 
0.38034262908016836 
0.3795720193038685 
0.38086782186009893 
0.3814091061806645 
0.38116297493637696 
0.381314764858227 
0.3811810238883148 
0.3807968784035108 
0.3803375438005181 
0.3803319301922929 
0.3802065799706316 
0.3801411855774404 
0.38083848340141874 
0.38105178514879195 
0.38163354367683744 
0.3815997466234933 
0.3815997466234933 
0.3816024585384552 
0.3816149632468105 
0.38149406858055124 
0.38149406858055124 
0.3812947026671519 
0.3816834648369826 
0.3816834648369826 
0.38179850104874563 
0.3816133244233815 
0.38169916232801676 
0.381964845346817 
0.38222163364620415 
0.38165638971054033 
0.38145857883050366 
0.38128630297564653 
0.3815493511735143 
0.3816916804454952 
0.3813093612107999 
0.38120204305235966 
0.38124103616547317 
0.38150784511427677 
0.38192741217910436 
0.38178703659625124 
0.38159422490196154 
0.38159422490196154 
0.3814470824635903 
0.3819126093398112 
0.38204115105501724 
0.3821033216219171 
0.3818557353579487 
0.3817477695455958 
0.3822296591071683 
0.38166844950698037 
0.3817100797568026 
0.3817725806655514 
0.38180607179158976 
0.3819287972314312 
0.3819287972314312 
0.38207688327953626 
0.3820626035659568 
0.38211816885209077 
0.3820560191129709 
0.38220915602988786 
0.3821568624159189 
0.3824342383418704 
0.3828564400880703 
0.3828564400880703 
0.38271719794440273 
0.3826930733340361 
0.382898467103588 
0.3832274444929487 
0.38335046640123244 
0.38365232619483575 
0.3837627794812847 
0.3837627794812847 
0.38422367241430405 
0.3840533502535119 
0.3840533502535119 
0.3840533502535119 
0.3840533502535119 
0.3840533502535119 
0.3840533502535119 
0.3840533502535119 
0.3840533502535119 
0.3841537382682824 
0.38405265351914875 
0.38357793743752083 
0.38317716913175265 
0.383307775050538 
0.383307775050538 
0.3829057041661979 
0.3829057041661979 
0.3824454658923331 
0.38247228144795137 
0.38259240915851495 
0.3827757916770177 
0.3827757916770177 
0.3827757916770177 
0.3824959400918579 
0.3824959400918579 
0.3824959400918579 
0.3824959400918579 
0.3824959400918579 
0.382231858242287 
0.38213588228752016 
0.38213588228752016 
0.38213588228752016 
0.3820922080845281 
0.3820922080845281 
0.3817694062187764 
0.3817694062187764 
0.3817694062187764 
0.3817694062187764 
0.3819120335219879 
0.3819120335219879 
0.3819120335219879 
0.3819120335219879 
0.3819120335219879 
0.3818212017385869 
0.3818212017385869 
0.3818212017385869 
0.3818212017385869 
0.3820115834494149 
0.3820115834494149 
0.3820115834494149 
0.3821326635394727 
0.38215346396818106 
0.38217767985751094 
0.38217767985751094 
0.3819602531761559 
0.3819249905175666 
0.3819249905175666 
0.38204987101109844 
0.382044347747833 
0.3822705119740151 
0.3822705119740151 
0.3822705119740151 
0.38191891617153473 
0.38191891617153473 
0.38191891617153473 
0.38191891617153473 
0.38191891617153473 
0.38191891617153473 
0.38191891617153473 
0.38191891617153473 
0.38191891617153473 
0.38191891617153473 
0.38191891617153473 
0.3820797732784031 
0.3820797732784031 
0.3820797732784031 
0.3820797732784031 
0.3820797732784031 
0.3820797732784031 
0.3820797732784031 
0.3820797732784031 
0.3820797732784031 
0.3820797732784031 
0.3819505621223816 
0.3819505621223816 
0.38186336127107345 
0.38186958226392903 
0.38186958226392903 
0.38186958226392903 
0.3820368678717769 
0.3820437280813217 
0.3820437280813217 
0.3820437280813217 
0.3820437280813217 
0.38207061233877637 
0.38207061233877637 
0.38207061233877637 
0.38190172302463166 
0.38190172302463166 
0.3820958305225019 
0.3820072963096406 
0.3820072963096406 
0.3820072963096406 
0.3820072963096406 
0.3821082097398021 
0.3821082097398021 
0.3821082097398021 
0.3821082097398021 
0.3821082097398021 
0.3821082097398021 
0.3821082097398021 
0.3821082097398021 
0.3821082097398021 
0.3821082097398021 
0.3821082097398021 
0.3821082097398021 
0.3821082097398021 
0.382069632650402 
0.382069632650402 
0.38209017646553345 
0.38209017646553345 
0.38209017646553345 
0.38209017646553345 
0.38209017646553345 
0.38209017646553345 
0.3820280396627933 
0.3820280396627933 
0.3820280396627933 
0.3820280396627933 
0.3820280396627933 
0.3820280396627933 
0.3820280396627933 
0.3820280396627933 
0.3820280396627933 
0.3820280396627933 
0.3820280396627933 
0.3820280396627933 
0.3820280396627933 
0.3820280396627933 
0.3820280396627933 
0.3820280396627933 
0.3820280396627933 
0.3820280396627933 
0.3820280396627933 
0.3820280396627933 
0.3820280396627933 
0.3820280396627933 
0.3820280396627933 
0.3820280396627933 
0.3820280396627933 
0.3820280396627933 
0.3820280396627933 
0.3820280396627933 
0.3820280396627933 
0.3820280396627933 
0.3820280396627933 
0.3820280396627933 
0.3820280396627933 
0.3820280396627933 
0.3820280396627933 
0.3820280396627933 
0.3820280396627933 
0.3820280396627933 
0.3820280396627933 
0.3820280396627933 
0.3820280396627933 
0.3820280396627933 
0.3820280396627933 
0.3820280396627933 
0.3820280396627933 
0.3820280396627933 
0.3820280396627933 
0.3820280396627933 
0.3820280396627933 
0.3820280396627933 
0.3820280396627933 
0.3820280396627933 
0.3820280396627933 
0.3820280396627933 
0.3820280396627933 
0.3820280396627933 
0.3820280396627933 
0.3820280396627933 
0.3820280396627933 
0.3820280396627933 
0.3820280396627933 
0.38184787913578844 
0.38184787913578844 
0.38184787913578844 
0.3816850447202324 
0.3816850447202324 
0.3816850447202324 
0.3816850447202324 
0.3816850447202324 
0.3816850447202324 
0.3816850447202324 
0.3816850447202324 
0.3816850447202324 
0.3816850447202324 
0.3818081581668621 
0.3818081581668621 
0.3818081581668621 
0.3818081581668621 
0.3818081581668621 
0.3818081581668621 
0.3818081581668621 
0.3818081581668621 
0.3818081581668621 
0.3818081581668621 
0.3818081581668621 
0.3818081581668621 
0.3818081581668621 
0.3818081581668621 
0.3818081581668621 
0.3818081581668621 
0.3818081581668621 
0.3818081581668621 
0.3818081581668621 
0.3818081581668621 
0.38218199180948575 
0.38218199180948575 
0.38218199180948575 
0.38218199180948575 
0.38218199180948575 
0.38218199180948575 
0.38229051279398846 
0.38229051279398846 
0.38229051279398846 
0.38229051279398846 
0.38229051279398846 
0.38229051279398846 
0.38229051279398846 
0.38229051279398846 
0.38229051279398846 
0.38229051279398846 
0.38229051279398846 
0.38229051279398846 
0.38229051279398846 
0.38229051279398846 
0.38229051279398846 
0.38229051279398846 
0.38229051279398846 
0.38229051279398846 
0.38229051279398846 
0.38229051279398846 
0.38229051279398846 
0.38229051279398846 
0.38229051279398846 
0.38229051279398846 
0.38229051279398846 
0.38229051279398846 
0.38229051279398846 
0.38229051279398846 
0.38229051279398846 
0.38229051279398846 
0.38229051279398846 
0.38229051279398846 
0.38229051279398846 
0.38229051279398846 
0.38229051279398846 
0.38229051279398846 
0.38229051279398846 
0.38229051279398846 
0.38229051279398846 
0.38229051279398846 
0.38229051279398846 
0.38229051279398846 
0.38229051279398846 
0.38229051279398846 
0.38229051279398846 
0.38229051279398846 
0.38229051279398846 
0.38229051279398846 
0.38229051279398846 
0.38229051279398846 
0.38229051279398846 
0.38229051279398846 
0.38229051279398846 
0.38229051279398846 
0.38229051279398846 
0.38229051279398846 
0.38229051279398846 
0.38229051279398846 
0.38229051279398846 
0.38229051279398846 
0.38229051279398846 
0.38229051279398846 
0.38229051279398846 
0.38229051279398846 
0.38229051279398846 
0.38229051279398846 
0.38229051279398846 
0.38229051279398846 
0.38229051279398846 
0.38229051279398846 
0.38229051279398846 
0.38229051279398846 
0.38229051279398846 
0.38229051279398846 
0.38229051279398846 
0.38229051279398846 
0.38229051279398846 
0.38229051279398846 
0.38229051279398846 
0.38229051279398846 
0.38229051279398846 
0.38229051279398846 
0.38229051279398846 
0.38229051279398846 
0.38229051279398846 
0.38229051279398846 
0.38229051279398846 
0.38229051279398846 
0.38229051279398846 
0.38229051279398846 
0.38229051279398846 
0.38229051279398846 
0.38229051279398846 
0.38229051279398846 
0.38229051279398846 
0.38229051279398846 
0.38229051279398846 
0.38229051279398846 
0.38229051279398846 
0.38229051279398846 
0.38229051279398846 
0.38229051279398846 
0.38229051279398846 
0.38229051279398846 
0.38229051279398846 
0.38229051279398846 
0.38229051279398846 
0.38229051279398846 
0.38229051279398846 
0.38229051279398846 
0.38229051279398846 
0.38229051279398846 
0.38229051279398846 
0.38229051279398846 
0.38229051279398846 
0.38229051279398846 
0.38229051279398846 
0.38229051279398846 
0.38229051279398846 
0.38229051279398846 
0.38229051279398846 
0.38229051279398846 
0.38229051279398846 
0.38229051279398846 
0.38229051279398846 
0.38229051279398846 
0.38229051279398846 
0.38229051279398846 
0.38229051279398846 
0.38229051279398846 
0.38229051279398846 
0.38229051279398846 
0.38229051279398846 
0.38229051279398846 
0.38229051279398846 
0.38229051279398846 
0.38229051279398846 
0.38229051279398846 
0.38229051279398846 
0.38229051279398846 
0.38229051279398846 
0.38229051279398846 
0.38229051279398846 
0.38229051279398846 
0.38229051279398846 
0.38229051279398846 
0.38229051279398846 
0.38229051279398846 
0.38229051279398846 
0.38229051279398846 
0.38229051279398846 
0.38229051279398846 
0.38229051279398846 
0.38229051279398846 
0.38229051279398846 
0.38229051279398846 
0.38229051279398846 
0.38229051279398846 
0.38229051279398846 
0.38229051279398846 
0.38229051279398846 
0.38229051279398846 
0.38229051279398846 
0.38229051279398846 
0.38229051279398846 
0.38229051279398846 
0.38229051279398846 
0.38229051279398846 
0.38229051279398846 
0.38229051279398846 
0.38229051279398846 
0.38229051279398846 
0.38229051279398846 
0.38229051279398846 
0.38229051279398846 
0.38229051279398846 
0.38229051279398846 
0.38229051279398846 
0.38229051279398846 
0.38229051279398846 
0.38229051279398846 
0.38229051279398846 
0.38229051279398846 
0.38229051279398846 
0.38229051279398846 
0.38229051279398846 
0.38229051279398846 
0.38229051279398846 
0.38229051279398846 
0.38229051279398846 
0.38229051279398846 
0.38229051279398846 
0.38229051279398846 
0.38229051279398846 
0.38229051279398846 
0.38229051279398846 
0.38229051279398846 
0.38229051279398846 
0.38229051279398846 
0.38229051279398846 
0.38229051279398846 
0.38229051279398846 
0.38229051279398846 
0.38229051279398846 
0.38229051279398846 
0.38229051279398846 
0.38229051279398846 
0.38229051279398846 
0.38229051279398846 
0.38229051279398846 
0.38229051279398846 
0.38229051279398846 
0.38229051279398846 
0.38229051279398846 
0.38229051279398846 
0.38229051279398846 
0.38229051279398846 
0.38229051279398846 
0.38229051279398846 
0.38229051279398846 
0.38229051279398846 
0.38229051279398846 
0.38229051279398846 
0.38229051279398846 
0.38229051279398846 
0.38229051279398846 
0.38229051279398846 
0.38229051279398846 
0.38229051279398846 
0.38229051279398846 
0.38229051279398846 
0.38229051279398846 
0.38229051279398846 
0.38229051279398846 
0.38229051279398846 
0.38229051279398846 
0.38229051279398846 
0.38229051279398846 
0.38229051279398846 
0.38229051279398846 
0.38229051279398846 
0.38229051279398846 
0.38229051279398846 
0.38229051279398846 
0.38229051279398846 
0.38229051279398846 
0.38229051279398846 
0.38229051279398846 
0.38229051279398846 
0.38229051279398846 
0.38229051279398846 
0.38229051279398846 
0.38229051279398846 
0.38229051279398846 
0.38229051279398846 
0.38229051279398846 
0.38229051279398846 
0.38229051279398846 
0.38229051279398846 
0.38229051279398846 
0.38229051279398846 
0.38229051279398846 
0.38229051279398846 
0.38229051279398846 
0.38229051279398846 
0.38229051279398846 
0.38229051279398846 
0.38229051279398846 
0.38229051279398846 
0.38229051279398846 
0.38229051279398846 
0.38229051279398846 
0.38229051279398846 
0.38229051279398846 
0.38229051279398846 
0.38229051279398846 
0.38229051279398846 
0.38229051279398846 
0.38229051279398846 
0.38229051279398846 
0.38229051279398846 
0.38229051279398846 
0.38229051279398846 
0.38229051279398846 
0.38229051279398846 
0.38229051279398846 
0.38229051279398846 
0.38229051279398846 
0.38229051279398846 
0.38229051279398846 
0.38229051279398846 
0.38229051279398846 
0.38229051279398846 
0.38229051279398846 
0.38229051279398846 
0.38229051279398846 
0.38229051279398846 
0.38229051279398846 
0.38229051279398846 
0.38229051279398846 
