0.01621355679670565 
0.0161294681871412 
0.01610465572435499 
0.016049922118191104 
0.015984990960272703 
0.015959877693766954 
0.015909737395695754 
0.015859309442721646 
0.015758164360102352 
0.01574798323595755 
0.01570729053656295 
0.015671612042160818 
0.015651097852866426 
0.015635561518538437 
0.0155893933172526 
0.015574263899138218 
0.01555374475809604 
0.015512171221334557 
0.015465345001001432 
0.015393153802908616 
0.015383005688096198 
0.01536218942729193 
0.015314942246054994 
0.015293606507295786 
0.015267511126572004 
0.015215022050591973 
0.015183728132444943 
0.015136295980192777 
0.01510455083741321 
0.015072849232975164 
0.015051493480714795 
0.015030090352356505 
0.015003383085157827 
0.01500351958708356 
0.01502469646947984 
0.014997813173926391 
0.014997437647811706 
0.014971202222934537 
0.014944197000842836 
0.014939106265101669 
0.014906374475371267 
0.014868167338310393 
0.014847112042414174 
0.014831048513169931 
0.014820463690451795 
0.01480923171538618 
0.014804159415515626 
0.014793546701180214 
0.014804358277210126 
0.014815161963340125 
0.014793347694149557 
0.014793347694149554 
0.014771700511450941 
0.01476124655982685 
0.01475056826024001 
0.014750403384314614 
0.014728693085267275 
0.014685620722325632 
0.014658294580202706 
0.014630913026875665 
0.014636447656449976 
0.014641844692524233 
0.014636447656449976 
0.014630913026875665 
0.014598200437040177 
0.014587446658000158 
0.014554504457383632 
0.014527160768711826 
0.014505116338726826 
0.014510650433388575 
0.014510650433388575 
0.014516195644865082 
0.014516195644865082 
0.014516142738344784 
0.014516142738344784 
0.014494081550757189 
0.014483038355262337 
0.014488536710102922 
0.014488474867976959 
0.014493869600627709 
0.014499222599849966 
0.014499090178352571 
0.014488050800573556 
0.014493763624400668 
0.014493763624400668 
0.014515701843176581 
0.014521275976993207 
0.014488298174733981 
0.014499222599849966 
0.014471544492555038 
0.014487900607058292 
0.014498586965632203 
0.014525363196836078 
0.014519451229299265 
0.014513797022144137 
0.014514079233626914 
0.014503051265164857 
0.014497395076357682 
0.014480687276507287 
0.014480687276507287 
0.014480687276507287 
0.014491732263604652 
0.01448635440682023 
0.014486628317175808 
0.014475579435725534 
0.014470182307075469 
0.014459120858475456 
0.014470182307075473 
0.014459120858475458 
0.014464522114470286 
0.01446424778548819 
0.014469916931344147 
0.014459120858475458 
0.014475835865330886 
0.014476295658765747 
0.014498383909939756 
0.014487547204409723 
0.014498772361824293 
0.014498586965632203 
0.014504375064097037 
0.014487900607058292 
0.01447685269663265 
0.014465628226938506 
0.01446544240595496 
0.01445981134040137 
0.01446544240595496 
0.01446544240595496 
0.014476295658765747 
0.014481924733957154 
0.014476074606052568 
0.014470659971127784 
0.014470182307075473 
0.014459368727575903 
0.014465017663314483 
0.014481924733957154 
0.01445981134040137 
0.01444874195215625 
0.014465238884995988 
0.014465238884995988 
0.014465017663314483 
0.014465017663314483 
0.014481235306423278 
0.014481235306423278 
0.014475305316296441 
0.014480970133247291 
0.014469916931344147 
0.014475305316296438 
0.014469916931344147 
0.014475579435725534 
0.014475579435725534 
0.014486884551206997 
0.014481235306423278 
0.014481235306423278 
0.014481235306423278 
0.014486628317175808 
0.01448097013324729 
0.01448097013324729 
0.014481235306423274 
0.014486884551206997 
0.014492279875851142 
0.014481235306423274 
0.014481235306423274 
0.014492756811593852 
0.014498163194004956 
0.014503563148412873 
0.014498163194004956 
0.014508956681994747 
0.01451972451529298 
0.014530995285939638 
0.014542002062989813 
0.014530995285939638 
0.014525363196836076 
0.014530739829754025 
0.014547376945690244 
0.014547376945690244 
0.01455300051535765 
0.014542239717457555 
0.014531233120420303 
0.01453706105098276 
0.01454806323879574 
0.014559057112327021 
0.01454806323879574 
0.014564447672328668 
0.014570042690397307 
0.014564447672328668 
0.014570042690397307 
0.014575429187505937 
0.014575429187505937 
0.014586604265558176 
0.014591989035083599 
0.01458660426555818 
0.014591989035083599 
0.014591989035083599 
0.01460832420231698 
0.01460273946901745 
0.014591550431671062 
0.014591550431671062 
0.014591304808001238 
0.014596657151553569 
0.014591041635195206 
0.014585419568870822 
0.014585419568870822 
0.014590462638312741 
0.014590462638312741 
0.014590462638312741 
0.014585419568870822 
0.014591041635195206 
0.014591041635195206 
0.014591041635195206 
0.014591041635195206 
0.014591041635195206 
0.014591041635195206 
0.014591041635195206 
0.014591041635195206 
0.014585419568870826 
0.014580071879109513 
0.014585419568870822 
0.014591041635195206 
0.014585691618843448 
0.014585691618843448 
0.014596385305958456 
0.014596385305958456 
0.014607342811065946 
0.014601722638099932 
0.014596095916374351 
0.014590760912303375 
0.014590760912303375 
0.014590760912303375 
0.014596385305958456 
0.014596385305958456 
0.014596385305958456 
0.014596385305958456 
0.014596385305958456 
0.014601722638099932 
0.014607342811065946 
0.014607342811065946 
0.014607342811065946 
0.0146126761409401 
0.0146126761409401 
0.014623901531397152 
0.014623901531397152 
0.014623901531397152 
0.014623901531397152 
0.014629233199317042 
0.014629233199317042 
0.014629233199317042 
0.014629233199317042 
0.014629233199317042 
0.014634558551592871 
0.014634558551592871 
0.014634558551592871 
0.014634558551592871 
0.014634261170281198 
0.014634261170281198 
0.014634261170281198 
0.014628944459529537 
0.014634558551592871 
0.014645487496153893 
0.014645487496153893 
0.01465109088088665 
0.014645767170073407 
0.014645767170073407 
0.01465109088088665 
0.014656408291256083 
0.014650802571872982 
0.014650802571872982 
0.014650802571872982 
0.014656111353288773 
0.014656111353288773 
0.014656111353288773 
0.014656111353288773 
0.014656111353288773 
0.014656111353288773 
0.014656111353288773 
0.014656111353288773 
0.014656111353288773 
0.014656111353288773 
0.014656111353288773 
0.014650802571872982 
0.014650802571872982 
0.014650802571872982 
0.014650802571872982 
0.014650802571872982 
0.014650802571872982 
0.014650802571872982 
0.014650802571872982 
0.014650802571872982 
0.014650802571872982 
0.01465611135328877 
0.01465611135328877 
0.0146617194080367 
0.014667320955102878 
0.014667320955102878 
0.014667320955102878 
0.014662007502385204 
0.014667320955102878 
0.014667320955102878 
0.014667320955102878 
0.014667320955102878 
0.0146617194080367 
0.0146617194080367 
0.0146617194080367 
0.014667320955102878 
0.014667320955102878 
0.0146617194080367 
0.014667320955102878 
0.014667320955102878 
0.014667320955102878 
0.014667320955102878 
0.0146617194080367 
0.0146617194080367 
0.0146617194080367 
0.0146617194080367 
0.0146617194080367 
0.0146617194080367 
0.0146617194080367 
0.0146617194080367 
0.0146617194080367 
0.0146617194080367 
0.0146617194080367 
0.0146617194080367 
0.0146617194080367 
0.01466702423806547 
0.01466702423806547 
0.014672628121778322 
0.014672628121778322 
0.014672628121778322 
0.014672628121778322 
0.014672628121778322 
0.014672628121778322 
0.014678225505830056 
0.014678225505830056 
0.014678225505830056 
0.014678225505830056 
0.014678225505830056 
0.014678225505830056 
0.014678225505830056 
0.014678225505830056 
0.014678225505830056 
0.014678225505830056 
0.014678225505830056 
0.014678225505830056 
0.014678225505830056 
0.014678225505830056 
0.014678225505830056 
0.014678225505830056 
0.014678225505830056 
0.014678225505830056 
0.014678225505830056 
0.014678225505830056 
0.014678225505830056 
0.014678225505830056 
0.014678225505830056 
0.014678225505830056 
0.014678225505830056 
0.014678225505830056 
0.014678225505830056 
0.014678225505830056 
0.014678225505830056 
0.014678225505830056 
0.014678225505830056 
0.014678225505830056 
0.014678225505830056 
0.014678225505830056 
0.014678225505830056 
0.014678225505830056 
0.014678225505830056 
0.014678225505830056 
0.014678225505830056 
0.014678225505830056 
0.014678225505830056 
0.014678225505830056 
0.014678225505830056 
0.014678225505830056 
0.014678225505830056 
0.014678225505830056 
0.014678225505830056 
0.014678225505830056 
0.014678225505830056 
0.014678225505830056 
0.014678225505830056 
0.014678225505830056 
0.014678225505830056 
0.014678225505830056 
0.014678225505830056 
0.014678225505830056 
0.014678225505830056 
0.014678225505830056 
0.014678225505830056 
0.014678225505830056 
0.014678225505830056 
0.014683816397653572 
0.014683816397653572 
0.014683816397653572 
0.014689121961506074 
0.014689121961506074 
0.014689121961506074 
0.014689121961506074 
0.014689121961506074 
0.014689121961506074 
0.014689121961506074 
0.014689121961506074 
0.014689121961506074 
0.014689121961506074 
0.014683528731200822 
0.014683528731200822 
0.014683528731200822 
0.014683528731200822 
0.014683528731200822 
0.014683528731200822 
0.014683528731200822 
0.014683528731200822 
0.014683528731200822 
0.014683528731200822 
0.014683528731200822 
0.014683528731200822 
0.014683528731200822 
0.014683528731200822 
0.014683528731200822 
0.014683528731200822 
0.014683528731200822 
0.014683528731200822 
0.014683528731200822 
0.014683528731200822 
0.01467792900923015 
0.01467792900923015 
0.01467792900923015 
0.01467792900923015 
0.01467792900923015 
0.01467792900923015 
0.01467232278816139 
0.01467232278816139 
0.01467232278816139 
0.01467232278816139 
0.01467232278816139 
0.01467232278816139 
0.01467232278816139 
0.01467232278816139 
0.01467232278816139 
0.01467232278816139 
0.01467232278816139 
0.01467232278816139 
0.01467232278816139 
0.01467232278816139 
0.01467232278816139 
0.01467232278816139 
0.01467232278816139 
0.01467232278816139 
0.01467232278816139 
0.01467232278816139 
0.01467232278816139 
0.01467232278816139 
0.01467232278816139 
0.01467232278816139 
0.01467232278816139 
0.01467232278816139 
0.01467232278816139 
0.01467232278816139 
0.01467232278816139 
0.01467232278816139 
0.01467232278816139 
0.01467232278816139 
0.01467232278816139 
0.01467232278816139 
0.01467232278816139 
0.01467232278816139 
0.01467232278816139 
0.01467232278816139 
0.01467232278816139 
0.01467232278816139 
0.01467232278816139 
0.01467232278816139 
0.01467232278816139 
0.01467232278816139 
0.01467232278816139 
0.01467232278816139 
0.01467232278816139 
0.01467232278816139 
0.01467232278816139 
0.01467232278816139 
0.01467232278816139 
0.01467232278816139 
0.01467232278816139 
0.01467232278816139 
0.01467232278816139 
0.01467232278816139 
0.01467232278816139 
0.01467232278816139 
0.01467232278816139 
0.01467232278816139 
0.01467232278816139 
0.01467232278816139 
0.01467232278816139 
0.01467232278816139 
0.01467232278816139 
0.01467232278816139 
0.01467232278816139 
0.01467232278816139 
0.01467232278816139 
0.01467232278816139 
0.01467232278816139 
0.01467232278816139 
0.01467232278816139 
0.01467232278816139 
0.01467232278816139 
0.01467232278816139 
0.01467232278816139 
0.01467232278816139 
0.01467232278816139 
0.01467232278816139 
0.01467232278816139 
0.01467232278816139 
0.01467232278816139 
0.01467232278816139 
0.01467232278816139 
0.01467232278816139 
0.01467232278816139 
0.01467232278816139 
0.01467232278816139 
0.01467232278816139 
0.01467232278816139 
0.01467232278816139 
0.01467232278816139 
0.01467232278816139 
0.01467232278816139 
0.01467232278816139 
0.01467232278816139 
0.01467232278816139 
0.01467232278816139 
0.01467232278816139 
0.01467232278816139 
0.01467232278816139 
0.01467232278816139 
0.01467232278816139 
0.01467232278816139 
0.01467232278816139 
0.01467232278816139 
0.01467232278816139 
0.01467232278816139 
0.01467232278816139 
0.01467232278816139 
0.01467232278816139 
0.01467232278816139 
0.01467232278816139 
0.01467232278816139 
0.01467232278816139 
0.01467232278816139 
0.01467232278816139 
0.01467232278816139 
0.01467232278816139 
0.01467232278816139 
0.01467232278816139 
0.01467232278816139 
0.01467232278816139 
0.01467232278816139 
0.01467232278816139 
0.01467232278816139 
0.01467232278816139 
0.01467232278816139 
0.01467232278816139 
0.01467232278816139 
0.01467232278816139 
0.01467232278816139 
0.01467232278816139 
0.01467232278816139 
0.01467232278816139 
0.01467232278816139 
0.01467232278816139 
0.01467232278816139 
0.01467232278816139 
0.01467232278816139 
0.01467232278816139 
0.01467232278816139 
0.01467232278816139 
0.01467232278816139 
0.01467232278816139 
0.01467232278816139 
0.01467232278816139 
0.01467232278816139 
0.01467232278816139 
0.01467232278816139 
0.01467232278816139 
0.01467232278816139 
0.01467232278816139 
0.01467232278816139 
0.01467232278816139 
0.01467232278816139 
0.01467232278816139 
0.01467232278816139 
0.01467232278816139 
0.01467232278816139 
0.01467232278816139 
0.01467232278816139 
0.01467232278816139 
0.01467232278816139 
0.01467232278816139 
0.01467232278816139 
0.01467232278816139 
0.01467232278816139 
0.01467232278816139 
0.01467232278816139 
0.01467232278816139 
0.01467232278816139 
0.01467232278816139 
0.01467232278816139 
0.01467232278816139 
0.01467232278816139 
0.01467232278816139 
0.01467232278816139 
0.01467232278816139 
0.01467232278816139 
0.01467232278816139 
0.01467232278816139 
0.01467232278816139 
0.01467232278816139 
0.01467232278816139 
0.01467232278816139 
0.01467232278816139 
0.01467232278816139 
0.01467232278816139 
0.01467232278816139 
0.01467232278816139 
0.01467232278816139 
0.01467232278816139 
0.01467232278816139 
0.01467232278816139 
0.01467232278816139 
0.01467232278816139 
0.01467232278816139 
0.01467232278816139 
0.01467232278816139 
0.01467232278816139 
0.01467232278816139 
0.01467232278816139 
0.01467232278816139 
0.01467232278816139 
0.01467232278816139 
0.01467232278816139 
0.01467232278816139 
0.01467232278816139 
0.01467232278816139 
0.01467232278816139 
0.01467232278816139 
0.01467232278816139 
0.01467232278816139 
0.01467232278816139 
0.01467232278816139 
0.01467232278816139 
0.01467232278816139 
0.01467232278816139 
0.01467232278816139 
0.01467232278816139 
0.01467232278816139 
0.01467232278816139 
0.01467232278816139 
0.01467232278816139 
0.01467232278816139 
0.01467232278816139 
0.01467232278816139 
0.01467232278816139 
0.01467232278816139 
0.01467232278816139 
0.01467232278816139 
0.01467232278816139 
0.01467232278816139 
0.01467232278816139 
0.01467232278816139 
0.01467232278816139 
0.01467232278816139 
0.01467232278816139 
0.01467232278816139 
0.01467232278816139 
0.01467232278816139 
0.01467232278816139 
0.01467232278816139 
0.01467232278816139 
0.01467232278816139 
0.01467232278816139 
0.01467232278816139 
0.01467232278816139 
0.01467232278816139 
0.01467232278816139 
0.01467232278816139 
0.01467232278816139 
0.01467232278816139 
0.01467232278816139 
0.01467232278816139 
0.01467232278816139 
0.01467232278816139 
0.01467232278816139 
0.01467232278816139 
0.01467232278816139 
0.01467232278816139 
0.01467232278816139 
0.01467232278816139 
0.01467232278816139 
0.01467232278816139 
0.01467232278816139 
0.01467232278816139 
0.01467232278816139 
0.01467232278816139 
0.01467232278816139 
0.01467232278816139 
0.01467232278816139 
0.01467232278816139 
0.01467232278816139 
0.01467232278816139 
0.01467232278816139 
0.01467232278816139 
0.01467232278816139 
0.01467232278816139 
0.01467232278816139 
0.01467232278816139 
0.01467232278816139 
0.01467232278816139 
0.01467232278816139 
0.01467232278816139 
0.01467232278816139 
0.01467232278816139 
0.01467232278816139 
0.01467232278816139 
0.01467232278816139 
0.01467232278816139 
0.01467232278816139 
0.01467232278816139 
0.01467232278816139 
0.01467232278816139 
0.01467232278816139 
0.01467232278816139 
0.01467232278816139 
