0.016269984142586003 
0.01620578859543713 
0.016186030520173873 
0.016117258327643696 
0.016077763028481292 
0.01597739202748684 
0.01595219057057682 
0.015921107499166004 
0.015864820957073547 
0.015794812312908312 
0.01574967986976243 
0.015713914343663708 
0.015678406041431635 
0.015626592718823894 
0.015585583081809932 
0.01559620671830173 
0.015555462577499906 
0.015488628086438128 
0.015472957571194976 
0.015472610122406628 
0.015430444711673088 
0.015388912372224362 
0.015348018243408496 
0.015306947964894896 
0.015244421405878282 
0.015212901892801384 
0.015213204790575852 
0.015223415648270264 
0.015176495511151446 
0.015150257555566506 
0.015113649460007993 
0.015087743370033838 
0.015070980857263404 
0.0150400510637431 
0.015018759469410248 
0.015002871191875242 
0.014965397956619797 
0.014965397956619797 
0.01494378586570351 
0.014895636945092345 
0.014853177976446657 
0.014842815905346265 
0.014842815905346265 
0.014826924697994523 
0.014821586419813501 
0.014778360396200925 
0.014783766231918037 
0.014783696966591273 
0.014783636359164142 
0.014734816456271182 
0.014718660808646962 
0.01470227410981036 
0.014669589769315296 
0.01466402400434478 
0.01464760239766222 
0.014636675032260573 
0.014603843877554978 
0.014592778488005633 
0.014576263444381074 
0.014603475750656075 
0.014586788543061835 
0.01458710444193775 
0.014575982436871965 
0.014548432767827605 
0.014531453334061258 
0.014520641308151647 
0.014509415425853656 
0.014520218180178977 
0.014514590727953715 
0.014520438560869986 
0.014536620790266215 
0.014526050529996101 
0.014503563148412875 
0.014508956681994747 
0.014492527177825126 
0.014481482797006664 
0.014453181795023544 
0.01443129931780226 
0.014419932870856229 
0.014425619432107583 
0.014414239626147471 
0.014425335490032807 
0.014375481348462733 
0.01436977049225213 
0.014364052909955462 
0.014364346974366775 
0.014375187511820497 
0.014375481348462735 
0.014375481348462733 
0.014381185486600192 
0.01438660710522116 
0.014380598040415426 
0.014386002085360616 
0.014363411293978879 
0.014346520693185509 
0.01435191973221701 
0.014356937835067756 
0.014339615615489838 
0.014355707436417058 
0.014361495186783304 
0.014378408256827317 
0.014378817753904528 
0.014384961035748411 
0.014373834004885405 
0.014362698353721696 
0.014340767064561086 
0.014340401110150301 
0.0143457890685734 
0.01435117054459322 
0.014345396474130648 
0.014339615615489838 
0.01432845337082827 
0.014323465502454356 
0.014323465502454356 
0.014312666278510093 
0.01432307229612418 
0.014317282423700386 
0.014317282423700386 
0.014317684729033532 
0.014312666278510093 
0.014306890088345544 
0.014318069143568207 
0.014312666278510093 
0.014301483000024859 
0.014301107090012297 
0.01431229066222455 
0.01431229066222455 
0.014323465502454356 
0.014335006662014498 
0.014335006662014498 
0.014335363825170255 
0.014324198267267876 
0.014335703121926037 
0.014329954082271166 
0.014323840825700344 
0.014323840825700344 
0.01432923947737632 
0.014340017294271302 
0.014339615615489838 
0.014339615615489838 
0.01434498602299772 
0.014350349960889457 
0.014355707436417058 
0.014361058456812991 
0.014366848506196482 
0.01437263177013869 
0.014377980943094898 
0.014361058456812991 
0.014366848506196479 
0.014366848506196479 
0.014345396474130648 
0.014339615615489838 
0.01435117054459322 
0.014361914078562093 
0.014356545545499448 
0.014361914078562093 
0.014356135413125635 
0.014356135413125635 
0.014349912891721679 
0.014349912891721679 
0.014355707436417058 
0.014356135413125635 
0.014356135413125635 
0.014356135413125635 
0.014350349960889458 
0.014350349960889458 
0.014339196072304754 
0.014333827960457736 
0.014344557713641785 
0.014349912891721679 
0.014361058456812991 
0.014355707436417058 
0.014355261613777717 
0.014355261613777717 
0.014361058456812991 
0.014366848506196482 
0.014366848506196482 
0.01437263177013869 
0.01437263177013869 
0.014383323677092162 
0.014389104767149347 
0.014406407463347688 
0.014405989865330324 
0.014405989865330324 
0.014405989865330324 
0.014395297009787606 
0.014395297009787606 
0.014395297009787606 
0.014400646652147258 
0.014405989865330326 
0.014400646652147258 
0.014400646652147258 
0.014400646652147258 
0.014400646652147258 
0.014400646652147258 
0.014395297009787606 
0.014389531750546993 
0.014389531750546993 
0.01438417797442732 
0.014401446594005756 
0.014401446594005756 
0.014401819885000645 
0.014407189316448923 
0.014407189316448923 
0.014407189316448923 
0.014401819885000644 
0.01439644400537855 
0.01439644400537855 
0.014391061670356359 
0.014391061670356359 
0.01438532585658038 
0.01438532585658038 
0.014390705889566362 
0.01439644400537855 
0.01439644400537855 
0.01439679075349781 
0.01439679075349781 
0.01439679075349781 
0.014402175391238645 
0.014402175391238645 
0.014407900055178063 
0.014407900055178063 
0.01440251311403673 
0.01440251311403673 
0.01440251311403673 
0.01440251311403673 
0.014397119711942385 
0.014397119711942385 
0.014402833054645882 
0.014402833054645882 
0.014402833054645882 
0.014402833054645882 
0.014413618005206049 
0.014419329249309762 
0.014424714347258318 
0.014424714347258318 
0.014425033795454347 
0.014425033795454347 
0.014430421199673972 
0.014430421199673972 
0.014430421199673972 
0.014425033795454347 
0.014425033795454347 
0.014425033795454347 
0.014425033795454347 
0.014425033795454347 
0.014413937699324222 
0.014413937699324222 
0.01440853969005881 
0.01440853969005881 
0.01440853969005881 
0.014402833054645882 
0.014397430881931678 
0.014397430881931678 
0.014397430881931678 
0.014391719841631161 
0.014391719841631161 
0.014397119711942385 
0.014402513114036728 
0.014402513114036728 
0.014402513114036728 
0.014402513114036728 
0.014402513114036728 
0.01439679075349781 
0.01439679075349781 
0.014402513114036728 
0.014402513114036728 
0.01439679075349781 
0.014402513114036728 
0.014402513114036728 
0.01441963994002624 
0.01441963994002624 
0.014414239626147471 
0.014414239626147471 
0.014414239626147471 
0.014414239626147471 
0.014414239626147471 
0.014414239626147471 
0.014408832846556308 
0.014408832846556308 
0.014408832846556308 
0.014408832846556308 
0.014408832846556308 
0.014408832846556308 
0.014408832846556308 
0.014408832846556308 
0.014408832846556308 
0.014408832846556308 
0.014408832846556308 
0.014408832846556308 
0.014408832846556308 
0.014414523786792262 
0.014414523786792262 
0.014397724264619043 
0.014392306833860929 
0.014392306833860929 
0.014392306833860929 
0.014392306833860929 
0.014392306833860929 
0.014392306833860929 
0.014392306833860929 
0.014392306833860929 
0.014392306833860929 
0.014392306833860929 
0.014392306833860929 
0.014397999861091818 
0.014397999861091818 
0.014397999861091818 
0.014397999861091818 
0.014397999861091818 
0.014397999861091818 
0.014397999861091818 
0.014397999861091818 
0.014397999861091818 
0.014397999861091818 
0.014397999861091818 
0.014397999861091818 
0.014397999861091818 
0.014397999861091818 
0.014397999861091818 
0.014397999861091818 
0.014392573640596738 
0.014398257672371335 
0.014398257672371335 
0.014398257672371335 
0.014398257672371335 
0.014398257672371335 
0.014398257672371335 
0.014398257672371335 
0.014398257672371335 
0.014398257672371335 
0.014398257672371335 
0.014398257672371335 
0.014398257672371335 
0.014398257672371335 
0.014398257672371335 
0.014398257672371335 
0.014398257672371335 
0.014398257672371335 
0.014398257672371335 
0.014403686194859983 
0.014403686194859983 
0.014403686194859983 
0.014403686194859983 
0.014403686194859983 
0.014403686194859983 
0.014403686194859983 
0.014403686194859983 
0.014403686194859983 
0.014403686194859983 
0.01440910823056028 
0.014403686194859983 
0.014403686194859983 
0.014403686194859983 
0.014403686194859983 
0.014403686194859983 
0.014403686194859983 
0.014403686194859983 
0.014403686194859983 
0.014403686194859983 
0.014403686194859983 
0.014398257672371335 
0.014398257672371335 
0.014398257672371335 
0.014398257672371335 
0.014398257672371335 
0.014398257672371335 
0.014398257672371335 
0.014398257672371335 
0.014398257672371335 
0.014398257672371335 
0.014398257672371335 
0.014398257672371335 
0.014398257672371335 
0.014398257672371335 
0.014398257672371335 
0.014398257672371335 
0.014398257672371335 
0.014398257672371335 
0.014398257672371335 
0.014398257672371335 
0.014398257672371335 
0.014398257672371335 
0.014398257672371335 
0.014398257672371335 
0.014398257672371335 
0.014398257672371335 
0.014398257672371335 
0.014398257672371335 
0.014398257672371335 
0.014398257672371335 
0.014398257672371335 
0.014403686194859981 
0.014403686194859981 
0.014403686194859981 
0.014403686194859981 
0.014403686194859981 
0.014403686194859981 
0.014403686194859981 
0.014403686194859981 
0.014403686194859981 
0.014403686194859981 
0.014403686194859981 
0.014403686194859981 
0.014403686194859981 
0.014403686194859981 
0.014403686194859981 
0.014403686194859981 
0.01440910823056028 
0.01440910823056028 
0.01440910823056028 
0.01440910823056028 
0.01440910823056028 
0.01440910823056028 
0.01440910823056028 
0.01440910823056028 
0.01440910823056028 
0.01440910823056028 
0.01440910823056028 
0.014414523786792264 
0.014414523786792264 
0.014414523786792264 
0.014414523786792264 
0.014414523786792264 
0.014414523786792264 
0.014414523786792264 
0.014414523786792264 
0.014414523786792264 
0.014414523786792264 
0.014414523786792264 
0.014414523786792264 
0.014414523786792264 
0.014414523786792264 
0.014414523786792264 
0.014414523786792264 
0.014414523786792264 
0.014414523786792264 
0.014414523786792264 
0.014414523786792264 
0.014414523786792264 
0.014414523786792264 
0.014414523786792264 
0.014414523786792264 
0.014414523786792264 
0.014414523786792264 
0.014414523786792264 
0.014414523786792264 
0.014414523786792264 
0.014414523786792264 
0.014414523786792264 
0.014414523786792264 
0.014414523786792264 
0.014414523786792264 
0.014414523786792264 
0.014414523786792264 
0.014414523786792264 
0.014414523786792264 
0.014414523786792264 
0.014414523786792264 
0.014414523786792264 
0.014414523786792264 
0.014414523786792264 
0.014414523786792264 
0.014414523786792264 
0.014414523786792264 
0.014414523786792264 
0.014414523786792264 
0.014414523786792264 
0.014414523786792264 
0.014414523786792264 
0.014414523786792264 
0.014414523786792264 
0.014414523786792264 
0.014414523786792264 
0.014414523786792264 
0.014414523786792264 
0.014414523786792264 
0.014414523786792264 
0.014414523786792264 
0.014414523786792264 
0.014414523786792264 
0.014414523786792264 
0.014414523786792264 
0.014414523786792264 
0.014414523786792264 
0.014414523786792264 
0.014414523786792264 
0.014414523786792264 
0.014414523786792264 
0.014414523786792264 
0.014414523786792264 
0.014414523786792264 
0.014414523786792264 
0.014414523786792264 
0.014414523786792264 
0.014414523786792264 
0.014414523786792264 
0.014414523786792264 
0.014414523786792264 
0.014414523786792264 
0.014414523786792264 
0.014414523786792264 
0.014414523786792264 
0.014414523786792264 
0.014414523786792264 
0.014414523786792264 
0.014414523786792264 
0.014414523786792264 
0.014414523786792264 
0.014414523786792264 
0.014414523786792264 
0.014414523786792264 
0.014414523786792264 
0.014414523786792264 
0.014414523786792264 
0.014414523786792264 
0.014414523786792264 
0.014414523786792264 
0.014414523786792264 
0.014414523786792264 
0.014414523786792264 
0.014414523786792264 
0.014414523786792264 
0.014414523786792264 
0.014414523786792264 
0.014414523786792264 
0.014414523786792264 
0.014414523786792264 
0.014414523786792264 
0.014414523786792264 
0.014414523786792264 
0.014414523786792264 
0.014414523786792264 
0.014414523786792264 
0.014414523786792264 
0.014414523786792264 
0.014414523786792264 
0.014414523786792264 
0.014414523786792264 
0.014414523786792264 
0.014414523786792264 
0.014414523786792264 
0.014414523786792264 
0.014414523786792264 
0.014414523786792264 
0.014414523786792264 
0.014414523786792264 
0.014414523786792264 
0.014414523786792264 
0.014414523786792264 
0.014414523786792264 
0.014414523786792264 
0.014414523786792264 
0.014414523786792264 
0.014414523786792264 
0.014414523786792264 
0.014414523786792264 
0.014414523786792264 
0.014414523786792264 
0.014414523786792264 
0.014414523786792264 
0.014414523786792264 
0.014414523786792264 
0.014414523786792264 
0.014414523786792264 
0.014414523786792264 
0.014414523786792264 
0.014414523786792264 
0.014414523786792264 
0.014414523786792264 
0.014414523786792264 
0.014414523786792264 
0.014414523786792264 
0.014414523786792264 
0.014414523786792264 
0.014414523786792264 
0.014414523786792264 
0.014414523786792264 
0.014414523786792264 
0.014414523786792264 
0.014414523786792264 
0.014414523786792264 
0.014414523786792264 
0.014414523786792264 
0.014414523786792264 
0.014414523786792264 
0.014414523786792264 
0.014414523786792264 
0.014414523786792264 
0.014414523786792264 
0.014414523786792264 
0.014414523786792264 
0.014414523786792264 
0.014414523786792264 
0.014414523786792264 
0.014414523786792264 
0.014414523786792264 
0.014414523786792264 
0.014414523786792264 
0.014414523786792264 
0.014414523786792264 
0.014414523786792264 
0.014414523786792264 
0.014414523786792264 
0.014414523786792264 
0.014414523786792264 
0.014414523786792264 
0.014414523786792264 
0.014414523786792264 
0.014414523786792264 
0.014414523786792264 
0.014414523786792264 
0.014414523786792264 
0.014414523786792264 
0.014414523786792264 
0.014414523786792264 
0.014414523786792264 
0.014414523786792264 
0.014414523786792264 
0.014414523786792264 
0.014414523786792264 
0.014414523786792264 
0.014414523786792264 
0.014414523786792264 
0.014414523786792264 
0.014414523786792264 
0.014414523786792264 
0.014414523786792264 
0.014414523786792264 
0.014414523786792264 
0.014414523786792264 
0.014414523786792264 
0.014414523786792264 
0.014414523786792264 
0.014414523786792264 
0.014414523786792264 
0.014414523786792264 
0.014414523786792264 
0.014414523786792264 
0.014414523786792264 
0.014414523786792264 
0.014414523786792264 
0.014414523786792264 
0.014414523786792264 
0.014414523786792264 
0.014414523786792264 
0.014414523786792264 
0.014414523786792264 
0.014414523786792264 
0.014414523786792264 
0.014414523786792264 
0.014414523786792264 
0.014414523786792264 
0.014414523786792264 
0.014414523786792264 
0.014414523786792264 
0.014414523786792264 
0.014414523786792264 
0.014414523786792264 
0.014414523786792264 
0.014414523786792264 
0.014414523786792264 
0.014414523786792264 
0.014414523786792264 
0.014414523786792264 
0.014414523786792264 
0.014414523786792264 
0.014414523786792264 
0.014414523786792264 
0.014414523786792264 
0.014414523786792264 
0.014414523786792264 
0.014414523786792264 
0.014414523786792264 
0.014414523786792264 
0.014414523786792264 
0.014414523786792264 
0.014414523786792264 
0.014414523786792264 
0.014414523786792264 
0.014414523786792264 
0.014414523786792264 
0.014414523786792264 
0.014414523786792264 
0.014414523786792264 
0.014414523786792264 
0.014414523786792264 
0.014414523786792264 
0.014414523786792264 
0.014414523786792264 
0.014414523786792264 
0.014414523786792264 
0.014414523786792264 
0.014414523786792264 
0.014414523786792264 
0.014414523786792264 
0.014414523786792264 
0.014414523786792264 
0.014414523786792264 
0.014414523786792264 
0.014414523786792264 
0.014414523786792264 
0.014414523786792264 
0.014414523786792264 
0.014414523786792264 
0.014414523786792264 
0.014414523786792264 
0.014414523786792264 
0.014414523786792264 
0.014414523786792264 
0.014414523786792264 
0.014414523786792264 
0.014414523786792264 
0.014414523786792264 
0.014414523786792264 
0.014414523786792264 
0.014414523786792264 
0.014414523786792264 
0.014414523786792264 
0.014414523786792264 
0.014414523786792264 
0.014414523786792264 
0.014414523786792264 
0.014414523786792264 
0.014414523786792264 
0.014414523786792264 
0.014414523786792264 
0.014414523786792264 
0.014414523786792264 
0.014414523786792264 
