0.33559931360392614 
0.3364005913363626 
0.33653086293851653 
0.3375985889812193 
0.33788823279742447 
0.3387715068321455 
0.3385887492232868 
0.339212820130597 
0.33950974516478083 
0.3410566446755666 
0.34200922061050687 
0.3422649757181545 
0.34248869725240705 
0.3433390658624534 
0.3439520130638991 
0.34380799754004737 
0.3445666045067553 
0.34620470803031733 
0.3468180335512179 
0.3473175112757132 
0.34775694379808236 
0.3491326036055329 
0.35024110824296933 
0.34999188838679535 
0.35134654910720003 
0.3530824880530604 
0.3537997413432261 
0.3541103373568331 
0.35561408429343805 
0.3561940177541967 
0.3573451354728701 
0.3581825110401327 
0.35917993405367077 
0.35997313213713056 
0.3602619430308188 
0.36101990655450505 
0.36146977950074427 
0.36126006044346015 
0.3628351634595142 
0.3643773438389592 
0.36594784508990585 
0.3666996930555097 
0.36726284598063214 
0.36812017690713267 
0.3686188344108943 
0.3689407425879955 
0.36911798676053403 
0.3693238088839266 
0.3691679570183726 
0.3709918285959899 
0.3710353306838057 
0.3713135094166594 
0.3717734045590379 
0.3718010008937744 
0.37212907797266864 
0.3723530769456628 
0.37280982925007217 
0.372921764858548 
0.3730858408853059 
0.3723163699362349 
0.3725635753887227 
0.3723681393299567 
0.3727316475941355 
0.37298676490464894 
0.3735726153713306 
0.373799003004451 
0.3742757913454468 
0.37403121688924457 
0.37423240959710996 
0.3743182840916387 
0.3742790573255112 
0.3755480737302529 
0.3767036090537818 
0.3762844641376472 
0.3768638905892752 
0.377087187526551 
0.3774755717245395 
0.37835993708748333 
0.3787415365779895 
0.37893216521976275 
0.378836145957303 
0.3789334661610612 
0.38098645017224847 
0.38145840940574555 
0.3814067474825384 
0.38154579619778367 
0.3809202453470362 
0.38083462904771664 
0.38069093826399675 
0.38061418373575523 
0.38131756243116116 
0.38167416444285784 
0.3821879187951503 
0.382782821590921 
0.3835605532400666 
0.38375347848090774 
0.3836661634220002 
0.3844486072413538 
0.3841491360133242 
0.3841363049157627 
0.3836643916004413 
0.38392949212456023 
0.38471836300772466 
0.38507688251116345 
0.38584378741134323 
0.38610770811918066 
0.38625676171576406 
0.3864595998100496 
0.38612213760666364 
0.38621883496088666 
0.3863824102799171 
0.3869693925512497 
0.3872199092285467 
0.3870504801642153 
0.3872288217579798 
0.38743407267792823 
0.3876849708746174 
0.3879891377115345 
0.38838830888535897 
0.38879215844246884 
0.3893795452059137 
0.3889385576763798 
0.3892122291601422 
0.3899758514861573 
0.39024731687355885 
0.389819861119299 
0.3897409222790615 
0.3893625713888963 
0.3893152402352271 
0.3893795040620567 
0.38965106214415496 
0.39001866517932665 
0.38941973070666336 
0.38964432533889737 
0.39024184491578795 
0.39048781856621356 
0.3904473954303844 
0.38976243506142194 
0.38995111983202035 
0.38995111983202035 
0.3900257010146518 
0.3900024299472097 
0.3897068539559691 
0.38961403802975275 
0.38929684424114386 
0.3890488160407849 
0.38932123354837045 
0.3890461601686588 
0.3889191488961407 
0.3889191488961407 
0.3892179664081923 
0.3896664447282274 
0.3893011001985075 
0.38885129278329017 
0.3887899960045492 
0.38860811296416853 
0.3886307527888174 
0.3886307527888174 
0.38899586998184943 
0.38899586998184943 
0.3892039146324104 
0.38922472758181886 
0.3891187776956554 
0.3892329908672058 
0.3897134103975322 
0.3897134103975322 
0.39010591354860646 
0.3900538669207782 
0.38979583495317804 
0.38965004400007436 
0.38987255134057497 
0.3901397699990725 
0.39018704633060664 
0.39018704633060664 
0.39020073410707495 
0.3899622328048615 
0.3899622328048615 
0.389940978442646 
0.389940978442646 
0.3897919915389608 
0.38948533769697197 
0.38850316695602805 
0.3884090338437962 
0.3884090338437962 
0.3884090338437962 
0.3888723914389026 
0.3892086756576694 
0.389352441775359 
0.3892553900422489 
0.38906032034954824 
0.38916494523157263 
0.38916494523157263 
0.38916494523157263 
0.38916494523157263 
0.38916494523157263 
0.38966813824124036 
0.38988800261150414 
0.38988800261150414 
0.38999437159801176 
0.38934195129731447 
0.38934195129731447 
0.38928751815588986 
0.3894253570530464 
0.3894253570530464 
0.3894253570530464 
0.3894804320110113 
0.389512502281768 
0.389512502281768 
0.38987584828936667 
0.38987584828936667 
0.3899547079958848 
0.3899547079958848 
0.38979595166537934 
0.38962667255204464 
0.38962667255204464 
0.3897672601626814 
0.3897672601626814 
0.3897672601626814 
0.3896946033389307 
0.3896946033389307 
0.38936421442610436 
0.38936421442610436 
0.38958169317716845 
0.38958169317716845 
0.38958169317716845 
0.38958169317716845 
0.3900900022505825 
0.3900900022505825 
0.38989974459347543 
0.38989974459347543 
0.38989974459347543 
0.38989974459347543 
0.3895586486714306 
0.3896015572769138 
0.38917721325257637 
0.38917721325257637 
0.38924636431707127 
0.38924636431707127 
0.38917556076216725 
0.38917556076216725 
0.38917556076216725 
0.3893566306463388 
0.3893566306463388 
0.3893566306463388 
0.3893566306463388 
0.3893566306463388 
0.3897354018686951 
0.3897354018686951 
0.38994352447129166 
0.38994352447129166 
0.38994352447129166 
0.3902125451643919 
0.3902607904763267 
0.3902607904763267 
0.3902607904763267 
0.390286934050986 
0.390286934050986 
0.39003634502931744 
0.389931345381263 
0.389931345381263 
0.389931345381263 
0.389931345381263 
0.389931345381263 
0.3901143799956813 
0.3901143799956813 
0.38986230600687777 
0.38986230600687777 
0.3901228711109546 
0.39020798971893855 
0.39020798971893855 
0.3898299544694509 
0.3898299544694509 
0.3901080822144185 
0.3901080822144185 
0.3901080822144185 
0.3901080822144185 
0.3901080822144185 
0.3901080822144185 
0.39020182036401724 
0.39020182036401724 
0.39020182036401724 
0.39020182036401724 
0.39020182036401724 
0.39020182036401724 
0.39020182036401724 
0.39020182036401724 
0.39020182036401724 
0.39031092570736425 
0.39031092570736425 
0.39031092570736425 
0.39031092570736425 
0.3901092305634454 
0.3901092305634454 
0.3905423283943072 
0.39086473508899683 
0.39086473508899683 
0.39086473508899683 
0.39086473508899683 
0.39086473508899683 
0.39086473508899683 
0.39086473508899683 
0.39086473508899683 
0.39086473508899683 
0.39086473508899683 
0.39086473508899683 
0.3907044009016146 
0.3907044009016146 
0.3907044009016146 
0.3907044009016146 
0.3907044009016146 
0.3907044009016146 
0.3907044009016146 
0.3907044009016146 
0.3907044009016146 
0.3907044009016146 
0.3907044009016146 
0.3907044009016146 
0.3907044009016146 
0.3907044009016146 
0.3907044009016146 
0.3907044009016146 
0.3909608041479102 
0.39075267560483673 
0.39075267560483673 
0.39075267560483673 
0.39075267560483673 
0.39075267560483673 
0.39075267560483673 
0.39075267560483673 
0.39075267560483673 
0.39075267560483673 
0.39075267560483673 
0.39075267560483673 
0.39075267560483673 
0.39075267560483673 
0.39075267560483673 
0.39075267560483673 
0.39075267560483673 
0.39075267560483673 
0.39075267560483673 
0.3905876303097598 
0.3905876303097598 
0.3905876303097598 
0.3905876303097598 
0.3905876303097598 
0.3905876303097598 
0.3905876303097598 
0.3905876303097598 
0.3905876303097598 
0.3905876303097598 
0.3906173778588408 
0.3905572572069919 
0.3905572572069919 
0.3905572572069919 
0.3905572572069919 
0.3905572572069919 
0.3905572572069919 
0.3905572572069919 
0.3905572572069919 
0.3905572572069919 
0.3905572572069919 
0.39086479716209976 
0.39086479716209976 
0.39086479716209976 
0.39086479716209976 
0.39086479716209976 
0.39086479716209976 
0.39086479716209976 
0.39086479716209976 
0.39086479716209976 
0.39086479716209976 
0.39086479716209976 
0.39086479716209976 
0.39086479716209976 
0.39086479716209976 
0.39086479716209976 
0.39086479716209976 
0.39086479716209976 
0.39086479716209976 
0.39086479716209976 
0.39086479716209976 
0.39086479716209976 
0.39086479716209976 
0.39086479716209976 
0.39086479716209976 
0.39086479716209976 
0.39086479716209976 
0.39086479716209976 
0.39086479716209976 
0.39086479716209976 
0.39086479716209976 
0.39086479716209976 
0.3906531440386347 
0.3906531440386347 
0.3906531440386347 
0.3906531440386347 
0.3906531440386347 
0.3906531440386347 
0.3906531440386347 
0.3906531440386347 
0.3906531440386347 
0.3906531440386347 
0.3906531440386347 
0.3906531440386347 
0.3906531440386347 
0.3906531440386347 
0.3906531440386347 
0.3906531440386347 
0.3906660434972109 
0.3906660434972109 
0.3906660434972109 
0.3906660434972109 
0.3906660434972109 
0.3906660434972109 
0.3906660434972109 
0.3906660434972109 
0.3906660434972109 
0.3906660434972109 
0.3906660434972109 
0.39053033304017065 
0.39053033304017065 
0.39053033304017065 
0.39053033304017065 
0.39053033304017065 
0.39053033304017065 
0.39053033304017065 
0.39053033304017065 
0.39053033304017065 
0.39053033304017065 
0.39053033304017065 
0.39053033304017065 
0.39053033304017065 
0.39053033304017065 
0.39053033304017065 
0.39053033304017065 
0.39053033304017065 
0.39053033304017065 
0.39053033304017065 
0.39053033304017065 
0.39053033304017065 
0.39053033304017065 
0.39053033304017065 
0.39053033304017065 
0.39053033304017065 
0.39053033304017065 
0.39053033304017065 
0.39053033304017065 
0.39053033304017065 
0.39053033304017065 
0.39053033304017065 
0.39053033304017065 
0.39053033304017065 
0.39053033304017065 
0.39053033304017065 
0.39053033304017065 
0.39053033304017065 
0.39053033304017065 
0.39053033304017065 
0.39053033304017065 
0.39053033304017065 
0.39053033304017065 
0.39053033304017065 
0.39053033304017065 
0.39053033304017065 
0.39053033304017065 
0.39053033304017065 
0.39053033304017065 
0.39053033304017065 
0.39053033304017065 
0.39053033304017065 
0.39053033304017065 
0.39053033304017065 
0.39053033304017065 
0.39053033304017065 
0.39053033304017065 
0.39053033304017065 
0.39053033304017065 
0.39053033304017065 
0.39053033304017065 
0.39053033304017065 
0.39053033304017065 
0.39053033304017065 
0.39053033304017065 
0.39053033304017065 
0.39053033304017065 
0.39053033304017065 
0.39053033304017065 
0.39053033304017065 
0.39053033304017065 
0.39053033304017065 
0.39053033304017065 
0.39053033304017065 
0.39053033304017065 
0.39053033304017065 
0.39053033304017065 
0.39053033304017065 
0.39053033304017065 
0.39053033304017065 
0.39053033304017065 
0.39053033304017065 
0.39053033304017065 
0.39053033304017065 
0.39053033304017065 
0.39053033304017065 
0.39053033304017065 
0.39053033304017065 
0.39053033304017065 
0.39053033304017065 
0.39053033304017065 
0.39053033304017065 
0.39053033304017065 
0.39053033304017065 
0.39053033304017065 
0.39053033304017065 
0.39053033304017065 
0.39053033304017065 
0.39053033304017065 
0.39053033304017065 
0.39053033304017065 
0.39053033304017065 
0.39053033304017065 
0.39053033304017065 
0.39053033304017065 
0.39053033304017065 
0.39053033304017065 
0.39053033304017065 
0.39053033304017065 
0.39053033304017065 
0.39053033304017065 
0.39053033304017065 
0.39053033304017065 
0.39053033304017065 
0.39053033304017065 
0.39053033304017065 
0.39053033304017065 
0.39053033304017065 
0.39053033304017065 
0.39053033304017065 
0.39053033304017065 
0.39053033304017065 
0.39053033304017065 
0.39053033304017065 
0.39053033304017065 
0.39053033304017065 
0.39053033304017065 
0.39053033304017065 
0.39053033304017065 
0.39053033304017065 
0.39053033304017065 
0.39053033304017065 
0.39053033304017065 
0.39053033304017065 
0.39053033304017065 
0.39053033304017065 
0.39053033304017065 
0.39053033304017065 
0.39053033304017065 
0.39053033304017065 
0.39053033304017065 
0.39053033304017065 
0.39053033304017065 
0.39053033304017065 
0.39053033304017065 
0.39053033304017065 
0.39053033304017065 
0.39053033304017065 
0.39053033304017065 
0.39053033304017065 
0.39053033304017065 
0.39053033304017065 
0.39053033304017065 
0.39053033304017065 
0.39053033304017065 
0.39053033304017065 
0.39053033304017065 
0.39053033304017065 
0.39053033304017065 
0.39053033304017065 
0.39053033304017065 
0.39053033304017065 
0.39053033304017065 
0.39053033304017065 
0.39053033304017065 
0.39053033304017065 
0.39053033304017065 
0.39053033304017065 
0.39053033304017065 
0.39053033304017065 
0.39053033304017065 
0.39053033304017065 
0.39053033304017065 
0.39053033304017065 
0.39053033304017065 
0.39053033304017065 
0.39053033304017065 
0.39053033304017065 
0.39053033304017065 
0.39053033304017065 
0.39053033304017065 
0.39053033304017065 
0.39053033304017065 
0.39053033304017065 
0.39053033304017065 
0.39053033304017065 
0.39053033304017065 
0.39053033304017065 
0.39053033304017065 
0.39053033304017065 
0.39053033304017065 
0.39053033304017065 
0.39053033304017065 
0.39053033304017065 
0.39053033304017065 
0.39053033304017065 
0.39053033304017065 
0.39053033304017065 
0.39053033304017065 
0.39053033304017065 
0.39053033304017065 
0.39053033304017065 
0.39053033304017065 
0.39053033304017065 
0.39053033304017065 
0.39053033304017065 
0.39053033304017065 
0.39053033304017065 
0.39053033304017065 
0.39053033304017065 
0.39053033304017065 
0.39053033304017065 
0.39053033304017065 
0.39053033304017065 
0.39053033304017065 
0.39053033304017065 
0.39053033304017065 
0.39053033304017065 
0.39053033304017065 
0.39053033304017065 
0.39053033304017065 
0.39053033304017065 
0.39053033304017065 
0.39053033304017065 
0.39053033304017065 
0.39053033304017065 
0.39053033304017065 
0.39053033304017065 
0.39053033304017065 
0.39053033304017065 
0.39053033304017065 
0.39053033304017065 
0.39053033304017065 
0.39053033304017065 
0.39053033304017065 
0.39053033304017065 
0.39053033304017065 
0.39053033304017065 
0.39053033304017065 
0.39053033304017065 
0.39053033304017065 
0.39053033304017065 
0.39053033304017065 
0.39053033304017065 
0.39053033304017065 
0.39053033304017065 
0.39053033304017065 
0.39053033304017065 
0.39053033304017065 
0.39053033304017065 
0.39053033304017065 
0.39053033304017065 
0.39053033304017065 
0.39053033304017065 
0.39053033304017065 
0.39053033304017065 
0.39053033304017065 
0.39053033304017065 
0.39053033304017065 
0.39053033304017065 
0.39053033304017065 
0.39053033304017065 
0.39053033304017065 
0.39053033304017065 
0.39053033304017065 
0.39053033304017065 
0.39053033304017065 
0.39053033304017065 
0.39053033304017065 
0.39053033304017065 
0.39053033304017065 
0.39053033304017065 
0.39053033304017065 
0.39053033304017065 
0.39053033304017065 
0.39053033304017065 
0.39053033304017065 
0.39053033304017065 
0.39053033304017065 
0.39053033304017065 
0.39053033304017065 
0.39053033304017065 
0.39053033304017065 
0.39053033304017065 
0.39053033304017065 
0.39053033304017065 
0.39053033304017065 
0.39053033304017065 
0.39053033304017065 
0.39053033304017065 
0.39053033304017065 
0.39053033304017065 
0.39053033304017065 
0.39053033304017065 
0.39053033304017065 
0.39053033304017065 
0.39053033304017065 
0.39053033304017065 
0.39053033304017065 
0.39053033304017065 
0.39053033304017065 
0.39053033304017065 
0.39053033304017065 
0.39053033304017065 
0.39053033304017065 
0.39053033304017065 
0.39053033304017065 
0.39053033304017065 
0.39053033304017065 
0.39053033304017065 
0.39053033304017065 
0.39053033304017065 
