0.016320335290673407 
0.016281073183300906 
0.0162414954976443 
0.016197429919589095 
0.01618270681931796 
0.016168148440684232 
0.016103940387371035 
0.01607448860772871 
0.016039662839349208 
0.01600979700058686 
0.015959749371465704 
0.015934528044469973 
0.015934415583886346 
0.01592933193828291 
0.015888966737960024 
0.015873780142108558 
0.015863536049695856 
0.01583712297104496 
0.015832440620447627 
0.015806785378437955 
0.01578652792731828 
0.01573577020676141 
0.015700009681525677 
0.015679875509709888 
0.0156646863996698 
0.01562901711560903 
0.015593877773023616 
0.015573343378992193 
0.015547347040572548 
0.015521888544890408 
0.015490933606468011 
0.015470262570493108 
0.015449895274725976 
0.015434110793952467 
0.015397296386054273 
0.015365865546724011 
0.015335221680823527 
0.01534545978457472 
0.015329910110630134 
0.01527743433957417 
0.015287686025033347 
0.015271863802430927 
0.0152820940973415 
0.015271863802430927 
0.015261609875763433 
0.015235686528673398 
0.01521446679972716 
0.015198981018476205 
0.015188256516137724 
0.015177912372918746 
0.015167172973234002 
0.015156620203726158 
0.015167367075402373 
0.015167704638474474 
0.015141062578300113 
0.015130660791915202 
0.015109649367209021 
0.015093827082618907 
0.015083078730816199 
0.01506184796099071 
0.015045979662354991 
0.01504623487786895 
0.015030328805451996 
0.015003741400064186 
0.014982398205894809 
0.014961024563845888 
0.014934215212055839 
0.014944813682344788 
0.014961024563845888 
0.014955627168393841 
0.014923386210910715 
0.014934103789648712 
0.014934103789648712 
0.014907233143678944 
0.014891058256551144 
0.014880438703210333 
0.014842815905346265 
0.014826691606693651 
0.014826691606693651 
0.014805093177687197 
0.014799738376065978 
0.014815991360688625 
0.014799824863828626 
0.014805188279788948 
0.014794282138718322 
0.014794282138718322 
0.014778100554536768 
0.01475095874850174 
0.014756517746406163 
0.014734816456271182 
0.014729483901345628 
0.01472402336319798 
0.014707742722797406 
0.014696860072818275 
0.014680544949013304 
0.014664163665207777 
0.014669694475346102 
0.014658783578455615 
0.014636937384576049 
0.014615058535633718 
0.014598621304767103 
0.01459859500088964 
0.014587630924862338 
0.014565704377063267 
0.014560217580791847 
0.014543727170158274 
0.01453822327521489 
0.014516195644865082 
0.014505169285465094 
0.014505169285465094 
0.014494134537805283 
0.014499646340514654 
0.014488616221019868 
0.014483091382712462 
0.014472039800940296 
0.014449911280004455 
0.014438834301978813 
0.01442773107595231 
0.014422169600999705 
0.014394334441022272 
0.014371925966967682 
0.014371819091541616 
0.014338256518837987 
0.014338381498621105 
0.014343899609241553 
0.014343899609241555 
0.014338256518837987 
0.01433260674127355 
0.01431592120682424 
0.014316046381595724 
0.014327093215303654 
0.01431592120682424 
0.014287731240473415 
0.014276680846751459 
0.014265316820877132 
0.014254249050721686 
0.014265316820877132 
0.014254249050721684 
0.014254096393668736 
0.014254096393668736 
0.014254096393668736 
0.014265316820877132 
0.014265469357858506 
0.014265469357858506 
0.014276680846751459 
0.014265469357858506 
0.014271145714342631 
0.014276815331158417 
0.014276680846751462 
0.01425978625365752 
0.014259624679492796 
0.014231458112224482 
0.014231269233627757 
0.014236788401883343 
0.014231458112224482 
0.014237166010129965 
0.014237166010129965 
0.014237166010129965 
0.014237166010129965 
0.014220381992056332 
0.014208765745130714 
0.01421449176017208 
0.014208765745130714 
0.014203032915543074 
0.014225095570856454 
0.014197293263154071 
0.01418622655958941 
0.014191763244924856 
0.014197500625110042 
0.014197293263154071 
0.014197067866288446 
0.014191312271950045 
0.014197067866288446 
0.014185549830725633 
0.01417451007971704 
0.014168980203246811 
0.01418579345683561 
0.01417451007971704 
0.014168745322010694 
0.014157683426323673 
0.014135062787267696 
0.014111643986438998 
0.014111916099523834 
0.014111643986438998 
0.014106112150411963 
0.014095028343355681 
0.01410057360535379 
0.014095028343355681 
0.014106112150411963 
0.014094764985624982 
0.014088949428541504 
0.014094764985624982 
0.014100301273377103 
0.014094483459850524 
0.014088658701239093 
0.014082826988925202 
0.01407666096771532 
0.014071142668596605 
0.014065617654408214 
0.014065617654408214 
0.014065927057965288 
0.014065617654408214 
0.014076988314266656 
0.014076988314266656 
0.014065927057965288 
0.014060386338931087 
0.014060085917233935 
0.014049002242152286 
0.01405483888203632 
0.014055112094892732 
0.014049284679299511 
0.01404372372271685 
0.01404954888955514 
0.014049548889555136 
0.0140328186762318 
0.014032581515886518 
0.014038402188283394 
0.0140328186762318 
0.0140328186762318 
0.014027228379120375 
0.014033037589916163 
0.014027228379120375 
0.014015589035070915 
0.014003921736427978 
0.013992491700908742 
0.013998333615112905 
0.014009758884434804 
0.014009758884434804 
0.014003656665314241 
0.01400950306042295 
0.014014794468703417 
0.014026489225747119 
0.01404372372271685 
0.014055367088767192 
0.014055367088767192 
0.014049548889555136 
0.01404372372271685 
0.014032581515886518 
0.0140328186762318 
0.0140328186762318 
0.014038402188283394 
0.014038402188283394 
0.0140328186762318 
0.014027228379120373 
0.014015817350408072 
0.014004397023792206 
0.013992738688334031 
0.013992738688334031 
0.013992491700908742 
0.013998333615112905 
0.013998333615112905 
0.013998333615112905 
0.013998333615112905 
0.013998333615112905 
0.013992738688334031 
0.013992738688334031 
0.013992738688334031 
0.013987136947924689 
0.013981528385695179 
0.013981528385695179 
0.013987136947924689 
0.013981299510417478 
0.013981299510417478 
0.013981299510417478 
0.01398689901300499 
0.013992738688334031 
0.01398689901300499 
0.013981299510417478 
0.013981299510417478 
0.013975693184955085 
0.013975693184955085 
0.013975693184955085 
0.013970080028403558 
0.013981528385695179 
0.013970080028403558 
0.013970080028403558 
0.013964460032525425 
0.013964460032525425 
0.013964460032525425 
0.013970290762901107 
0.013970290762901107 
0.013975912993432666 
0.013970080028403558 
0.013970080028403558 
0.013970080028403558 
0.013964460032525425 
0.013964460032525425 
0.013964460032525425 
0.01397008002840356 
0.013975693184955085 
0.013975693184955085 
0.013981299510417478 
0.013987136947924689 
0.013987136947924689 
0.013975455055203033 
0.013975455055203033 
0.013986899013004988 
0.013981052320909182 
0.013992491700908742 
0.013992491700908742 
0.01398689901300499 
0.013981052320909182 
0.013975198603239956 
0.013980786816198864 
0.013992491700908742 
0.01398689901300499 
0.01398689901300499 
0.013992491700908742 
0.013992491700908742 
0.013986642770872502 
0.013992491700908742 
0.013992491700908742 
0.013998333615112905 
0.013998333615112905 
0.013992738688334031 
0.013992738688334031 
0.013992738688334031 
0.013998571355677693 
0.013998571355677693 
0.014004168522265074 
0.014004168522265074 
0.014009996431120173 
0.014004397023792208 
0.014004397023792208 
0.014004397023792208 
0.014004397023792208 
0.014004397023792208 
0.013998790804923118 
0.013998790804923118 
0.014004607241904358 
0.014004607241904358 
0.013998991963709389 
0.013998991963709389 
0.013998991963709389 
0.013998991963709389 
0.013993177766325988 
0.013993177766325988 
0.013987356576565855 
0.013987356576565855 
0.013987356576565852 
0.013987356576565852 
0.013987356576565852 
0.013981528385695177 
0.013987136947924689 
0.013987136947924689 
0.013981528385695177 
0.013975912993432664 
0.013975912993432664 
0.013975912993432664 
0.013975912993432664 
0.013975912993432664 
0.013975912993432664 
0.013975912993432664 
0.013975912993432664 
0.01398173894764167 
0.01398173894764167 
0.01398173894764167 
0.013987356576565852 
0.013987356576565852 
0.013987136947924689 
0.013981528385695179 
0.013987356576565852 
0.01398173894764167 
0.013987557899790802 
0.013987557899790802 
