0.3355104365663619 
0.33563285077676386 
0.3353836892560793 
0.3357047771278411 
0.3357883083193202 
0.33584780962445326 
0.3368402343982667 
0.33680297377728763 
0.33755828820103695 
0.3373785844714911 
0.3380969157841261 
0.3381239014928626 
0.33835492915873444 
0.3387842189878395 
0.33955276597387696 
0.33989052047175744 
0.3399232296885842 
0.3408874204789344 
0.3409382091840657 
0.34104257705165025 
0.34107099618141934 
0.3418588103364316 
0.34268623846388796 
0.343049091609988 
0.3434873208069216 
0.3448038135596318 
0.345643530934041 
0.34586474568511405 
0.346344468156487 
0.34678865512030355 
0.34743410427367655 
0.34768211031624524 
0.3483241155455382 
0.34853566189646573 
0.3492906762461398 
0.3498017533578753 
0.34986306274747675 
0.350076426130689 
0.3502796514701761 
0.35134205416524367 
0.35127604059142753 
0.351795155555997 
0.3520983229447045 
0.3521551861811746 
0.3525015650873688 
0.353215813354381 
0.35338782305507305 
0.35307604144479654 
0.3535855345606318 
0.35367153247083594 
0.3540485435437879 
0.35512361681001714 
0.35502272206506347 
0.35510723144128326 
0.35626294842486533 
0.356729890655655 
0.35683715661305404 
0.35706970444865077 
0.35700537765234003 
0.35742187060699265 
0.35810985472268475 
0.35814382520740895 
0.3587131203270083 
0.35938679647002364 
0.3595106328699948 
0.3599542504936108 
0.360619082900218 
0.36088087080255693 
0.36020494117934565 
0.35979010137991274 
0.3607637584581515 
0.36083991961711415 
0.36096171112061554 
0.36131703703790324 
0.3621154544745536 
0.36196408439363165 
0.3629155439199289 
0.36293219289755596 
0.3629715781159976 
0.3629964430712269 
0.3634305352875748 
0.36281073484330023 
0.36357095954366403 
0.3634063553204261 
0.36405321756356496 
0.36409250031039364 
0.3639372627958416 
0.3644483625499379 
0.3647013790811434 
0.36464722818132345 
0.364831821419672 
0.3656195498349309 
0.3660051048327122 
0.365960101168017 
0.3666684225470062 
0.3672163882279434 
0.3675514291252698 
0.36803952114270755 
0.3686056804383375 
0.3694276556734604 
0.36977629072465823 
0.37033694592334326 
0.3706532724592047 
0.371149142780892 
0.37163121353321804 
0.37226376398615724 
0.3724153401959385 
0.37354181119074914 
0.3737147882420235 
0.3742670285764409 
0.3747516362029734 
0.37456553707558077 
0.37542554746525075 
0.3752011533456129 
0.3757068397370013 
0.37655347708631537 
0.37658973266060036 
0.3770149438448028 
0.37727582194115455 
0.37841548944351877 
0.3791605094172754 
0.37931317705571543 
0.3806676815538555 
0.3811541369898578 
0.38102498835669096 
0.3807403916547857 
0.3806465408182886 
0.38067352929320386 
0.38153736900197244 
0.38154611760872864 
0.38127480642608386 
0.3817182192448184 
0.38277613129418336 
0.3830618333134142 
0.3833309398422999 
0.3838893304773094 
0.38393980285794505 
0.38425490005329993 
0.3841048138059718 
0.3841048138059718 
0.38394904041143574 
0.38353208465455113 
0.3833666237220756 
0.3828630171359046 
0.38221726598332795 
0.3826295154226179 
0.3828653711043628 
0.38277188743878504 
0.38282657761702205 
0.38328773333463384 
0.3836504261542698 
0.38443817865757607 
0.3841370602629082 
0.3840924440904269 
0.3840725491546563 
0.38380543102616355 
0.3837812220558683 
0.3836431725212056 
0.3836431725212056 
0.3843747321032144 
0.3844883235790553 
0.38408621610266247 
0.3842602616043979 
0.3844486614912273 
0.38386997129384837 
0.3852895355521004 
0.3858216073526751 
0.38598891447149375 
0.3856871297650398 
0.38572912861131947 
0.38616636865229614 
0.38653037050445316 
0.3864905648098843 
0.38718400243792295 
0.3877644365320743 
0.3882420226632895 
0.38792698812818394 
0.3883582295524571 
0.38856795413606887 
0.3884236859983782 
0.3891930333969775 
0.3904241421957475 
0.3905453121999058 
0.39047951096861294 
0.3909053142242426 
0.3915196094319148 
0.39107564288641206 
0.39166851012822174 
0.3909386481270971 
0.39130799709965974 
0.39153444189822667 
0.39145685136664554 
0.39123072091221206 
0.3914175306200106 
0.39175093928581556 
0.39196857039088534 
0.39215908860477655 
0.3924179566375138 
0.392773840219704 
0.392773840219704 
0.3923681468176558 
0.392159382905593 
0.39172756820611676 
0.3917936905619888 
0.3920930556400851 
0.39254669928202623 
0.3925068875119067 
0.39294326032122434 
0.3926918841455332 
0.3925861998895115 
0.39265153845790973 
0.3931443849691394 
0.3928913948969146 
0.39323031225433286 
0.3938967747157479 
0.39386253894663076 
0.3935766020486422 
0.393791397076168 
0.393791397076168 
0.3940418849184487 
0.39360187166124644 
0.3937049883936613 
0.3940372183462118 
0.39468996430142006 
0.39544083714026723 
0.39561653793282064 
0.39517487088553305 
0.3954742678523932 
0.3956364118234534 
0.39540175015446555 
0.39499785212044003 
0.3945030478452021 
0.3937201062200813 
0.3933072086715574 
0.3933072086715574 
0.3933857818840376 
0.3937211098938348 
0.3941534768106288 
0.3942101803226019 
0.3942101803226019 
0.3938723664126187 
0.3938723664126187 
0.3940234057842105 
0.39434234341678687 
0.39475981361928664 
0.39508479322082624 
0.39535235062175234 
0.39535235062175234 
0.39575264698216034 
0.3954616737043616 
0.3954616737043616 
0.3954616737043616 
0.3954616737043616 
0.3954616737043616 
0.3956970372309927 
0.3957659225392201 
0.3957659225392201 
0.3959178757437282 
0.39606974328544176 
0.39606974328544176 
0.3957259734609914 
0.39603073767428737 
0.39603073767428737 
0.39603073767428737 
0.39589517406017444 
0.39559951486740164 
0.3958507824322355 
0.3961584026000758 
0.3961584026000758 
0.39628078008339906 
0.39628078008339906 
0.39628078008339906 
0.3965047075476655 
0.39573862862657344 
0.3963175300331925 
0.3963175300331925 
0.3964383455250073 
0.3964383455250073 
0.39687492879306757 
0.3967820011747401 
0.3967820011747401 
0.39647630599470773 
0.39687582448972947 
0.39687582448972947 
0.39687582448972947 
0.3971482899001667 
0.3971482899001667 
0.3971482899001667 
0.3971911695336227 
0.3969749521884502 
0.3969749521884502 
0.39662594967236886 
0.39636986786887246 
0.39636986786887246 
0.39673636166574844 
0.39673636166574844 
0.39634759982788886 
0.39661714165871353 
0.3964137622495738 
0.3964137622495738 
0.39648230622825514 
0.39680126325589654 
0.3969781800790562 
0.3967864418523706 
0.39627263388088124 
0.39642746715766386 
0.39642746715766386 
0.39633890680175315 
0.39633890680175315 
0.39647840795781597 
0.3962057466187778 
0.3962057466187778 
0.39585467536671715 
0.39585467536671715 
0.3959165162329861 
0.3959165162329861 
0.3959165162329861 
0.3958892700682868 
0.3958892700682868 
0.3959655242738335 
0.3959655242738335 
0.3956071026952063 
0.39561690949413014 
0.39561690949413014 
0.39561690949413014 
0.39561690949413014 
0.39561690949413014 
0.39565045052954434 
0.39565045052954434 
0.39536276039645674 
0.39536276039645674 
0.39568165985210235 
0.39568165985210235 
0.39568165985210235 
0.39568165985210235 
0.3958830832734689 
0.3958830832734689 
0.3961118002251279 
0.3961118002251279 
0.39601647475292645 
0.39601647475292645 
0.39601647475292645 
0.396083603911803 
0.39593486466063743 
0.39593486466063743 
0.39599327980614746 
0.396182009689459 
0.396182009689459 
0.396182009689459 
0.396182009689459 
0.396182009689459 
0.396182009689459 
0.396182009689459 
0.396182009689459 
0.3960392976449095 
0.3960392976449095 
0.3960392976449095 
0.3958990273000131 
0.3958990273000131 
0.39599031454004663 
0.3959595845708748 
0.3958159064115244 
0.39592880522285256 
0.3960583926029443 
0.3960583926029443 
