0.01651103873170916 
0.016491793838148718 
0.016448270425792496 
0.016409189620453533 
0.01639473866824354 
0.016385078089530117 
0.01638023980288445 
0.016350816004102056 
0.016345869692371832 
0.01632638306545574 
0.016316580033818362 
0.016292091823949435 
0.016242992827678035 
0.016208608083361137 
0.016183893227527175 
0.016149105238371566 
0.016114428813954283 
0.01607437712634614 
0.016054457324992336 
0.016004757292755176 
0.015989868792457305 
0.015974882284386323 
0.01596989968659791 
0.015944806803470525 
0.015904698173810152 
0.01588958703050523 
0.015854238045393414 
0.015839062598525203 
0.01583389579351841 
0.015813575939679175 
0.015793213732486492 
0.015747202926234233 
0.01573719365071168 
0.015726868728389642 
0.015691300009878083 
0.01568093670671494 
0.01565045992934393 
0.015619218930535549 
0.01561941561006685 
0.015604134836638653 
0.015573343378992193 
0.015552954703206721 
0.015537596210482493 
0.015496351054361151 
0.015475339867027154 
0.015454830183473387 
0.015444291631538175 
0.015423740661720167 
0.015418936928335885 
0.015372101482881251 
0.015340694117281655 
0.01533009380271367 
0.01532496003257431 
0.015314674792498862 
0.015293907806705259 
0.015241635607768611 
0.015252003671649179 
0.015215173479129311 
0.015199317879431302 
0.01517254573234169 
0.015161996702281662 
0.015151440327572823 
0.015146431923063596 
0.015167544296951965 
0.015141062578300113 
0.01512447764387253 
0.015119523802024984 
0.015119523802024984 
0.0150985477447336 
0.01508813361552714 
0.015072127387996691 
0.015067232791723902 
0.0150568650123457 
0.015019569101675321 
0.01504085954990605 
0.015040970181474331 
0.015024952046512495 
0.015035597227912168 
0.015019441267903411 
0.014981885595611788 
0.014965594675788865 
0.014949247472699085 
0.014933075235864847 
0.014890370579673294 
0.014895636945092345 
0.014895172909368995 
0.014900416101572467 
0.014916881175366381 
0.014911399129525035 
0.014900665220049741 
0.014873673924084795 
0.014868416997111698 
0.014836098678561019 
0.014835581013226275 
0.014841108314408326 
0.014857135120877106 
0.014862654406262697 
0.014862378813635455 
0.014846077461740525 
0.01486208599086952 
0.014861448650787715 
0.014866996468688625 
0.014872537913886787 
0.014846077461740525 
0.01484083232167253 
0.014835581013226275 
0.014846361978612806 
0.014878658004000225 
0.014889407778686161 
0.014905653155766101 
0.014889674274476255 
0.014884668084979253 
0.014873914884790755 
0.014873914884790755 
0.014857652035230871 
0.014825059864971877 
0.014813710406241916 
0.014824507276803504 
0.014802905660714048 
0.014807520251547858 
0.014807174477259327 
0.014795620973788157 
0.014790016091945269 
0.014789609325469015 
0.01478440475636405 
0.01478440475636405 
0.01478440475636405 
0.014762328271651463 
0.014772729470209627 
0.014771810992562829 
0.014771325736033307 
0.014761443831820788 
0.014761443831820788 
0.014761894729336068 
0.014740635535824094 
0.014740635535824094 
0.014740635535824094 
0.014729342687302784 
0.014724129855444768 
0.014719328245541643 
0.014724555816730094 
0.014718910829269944 
0.014708036442707097 
0.014701475300118692 
0.014701475300118692 
0.014696265648116191 
0.014685827726076595 
0.014685374493011747 
0.01469104979230552 
0.01469104979230552 
0.014696718545307998 
0.014707148737943735 
0.014707601300008102 
0.014691049792305517 
0.014696265648116191 
0.014685827726076595 
0.014684903813100036 
0.014685374493011747 
0.014685827726076595 
0.014680599442802054 
0.014680154767576533 
0.014679692639834119 
0.014685374493011747 
0.014696265648116191 
0.01471755414462607 
0.014728421504017326 
0.014728421504017326 
0.014739280850842078 
0.014744466623109838 
0.014733611098437476 
0.014734088909735816 
0.014750600801323314 
0.014744944082633884 
0.014750600801323314 
0.014755314161345396 
0.014760975577515194 
0.014744466623109838 
0.014759986991864187 
0.014759986991864187 
0.014770823132107432 
0.014775452074302158 
0.014781131756398088 
0.014781651328589782 
0.014781131756398084 
0.014780594845945814 
0.014780594845945814 
0.014764619331361035 
0.014770303179014302 
0.014765659619536136 
0.01474914289035129 
0.014743971785105938 
0.01473776970915206 
0.01473776970915206 
0.014711876019053449 
0.014706678754905882 
0.014695795317028608 
0.014700996428813933 
0.014700996428813933 
0.014696265648116191 
0.014695795317028608 
0.014690108781081235 
0.014674475254672652 
0.014663096535179736 
0.014651691506443887 
0.014640767193012803 
0.014640767193012803 
0.014629327257259645 
0.014624113785115325 
0.014624113785115325 
0.014629327257259645 
0.014629327257259645 
0.01462359736863676 
0.014618386231044793 
0.014607945235384747 
0.014618386231044795 
0.014612117710995895 
0.014606367926353217 
0.014617317948242076 
0.014623063427339704 
0.014628259773465878 
0.014623063427339702 
0.014622511959304394 
0.014623063427339704 
0.014633449900826531 
0.01462769975081523 
0.01462712220499986 
0.014632881329389643 
0.01463805670162539 
0.014637462075100315 
0.014632295240323712 
0.01461099640681634 
0.014605807064315206 
0.014600611494043667 
0.014605807064315206 
0.014589648933404807 
0.014594848406201415 
0.014594848406201415 
0.014606367926353217 
0.014606367926353217 
0.014617860855816081 
0.01462359736863676 
0.01462359736863676 
0.014628802274964277 
0.014634000956676201 
0.014628259773465878 
0.014633449900826531 
0.014633449900826531 
0.014638633816036249 
0.014649559720346548 
0.014643811525692345 
0.014649559720346548 
0.014638633816036249 
0.014649559720346548 
0.014661036252598243 
0.014661036252598243 
0.014655301293388686 
0.014655301293388686 
0.014655301293388686 
0.014655851527632229 
0.014655851527632229 
0.014655301293388686 
0.014655301293388686 
0.014649559720346548 
0.014643811525692345 
0.014644379672761837 
0.014638633816036249 
0.014633449900826531 
0.01462769975081523 
0.01462194296254776 
0.014632295240323714 
0.01463805670162539 
0.014643811525692345 
0.014648983036374914 
0.014654148354646885 
0.014659307487054088 
0.014669607220372331 
0.014679882288356401 
0.014685646870328866 
0.014696537823582802 
0.014696537823582802 
0.014696537823582802 
0.014685646870328866 
0.014668978969239814 
0.014679882288356401 
0.014690777515162361 
0.014690777515162361 
0.014696537823582802 
0.014696537823582802 
0.01469715618750784 
0.014708038618388243 
0.014708639094083452 
0.014714370662722888 
0.014720095651863134 
0.014721208646031752 
0.014721208646031752 
0.014715501486527734 
0.014716040771892418 
0.014721208646031748 
0.014721208646031748 
0.014721208646031748 
0.014721208646031748 
0.014726909248039795 
0.014721208646031748 
0.014726370360682906 
0.014731525922320472 
0.014726370360682906 
0.014726370360682906 
0.014736675337402258 
0.014730961136327799 
0.014730961136327799 
0.01474695575364624 
0.014752668097669654 
0.014764073150726396 
0.014758928958430553 
0.014758928958430553 
0.014753232052672392 
0.014748084078957509 
0.014753232052672392 
0.014753232052672392 
0.014752668097669654 
0.01474695575364624 
0.01474695575364624 
0.014752668097669654 
0.014752668097669654 
0.014742382982408238 
0.014737231218923041 
0.014737231218923041 
0.014737231218923041 
0.014742382982408238 
0.01474181861236937 
0.01474181861236937 
0.01474181861236937 
0.01473610206262158 
0.01473610206262158 
0.01473610206262158 
0.01474181861236937 
0.014746955753646242 
0.01474123685448409 
0.014735511392550991 
0.014751488060531384 
0.014757211660744047 
0.014757211660744047 
0.014751488060531384 
0.014740637706693697 
0.014740637706693697 
0.014734903325098539 
0.014729779360194097 
0.01474002116687761 
0.014745132891907077 
0.014750871974225794 
0.014756604487482885 
0.014756604487482885 
0.01476171480553665 
0.01476171480553665 
0.014767443109760066 
0.014767443109760066 
0.014772549678373059 
0.014772549678373059 
0.014772549678373059 
0.014772549678373059 
0.014772549678373059 
0.014767443109760066 
0.014767443109760066 
0.014767443109760066 
0.014767443109760066 
0.01476171480553665 
0.01476171480553665 
0.01476171480553665 
0.014766819021034962 
0.014771917140303759 
0.014766177569025778 
0.014766177569025778 
0.014766177569025778 
0.014766177569025778 
0.014771917140303759 
0.014771917140303759 
0.014766177569025778 
0.014766177569025778 
0.014766177569025778 
0.014771267244214356 
0.014771267244214356 
0.014771267244214356 
0.014771267244214356 
0.014776350835033661 
0.014771267244214356 
0.01477765015149567 
0.01477765015149567 
0.014783376610233536 
0.014788473349200044 
0.014783376610233536 
0.014783376610233536 
0.014783376610233536 
0.014783376610233536 
0.014783376610233536 
0.014783376610233536 
0.014789096524128848 
0.01477827378282051 
0.01477827378282051 
0.01477827378282051 
0.01477827378282051 
0.01477827378282051 
0.014783376610233536 
0.014783376610233536 
0.014783376610233536 
0.014783376610233536 
0.014783376610233536 
0.014783376610233536 
0.014788473349200044 
0.014788473349200044 
0.014788473349200044 
0.014788473349200044 
0.014788473349200044 
0.014788473349200044 
0.014788473349200044 
0.014788473349200044 
0.014788473349200044 
0.014788473349200044 
0.014788473349200044 
0.014794195618552568 
0.01477765015149567 
0.014771917140303759 
0.014771917140303759 
0.014771917140303759 
0.014771917140303759 
0.014777009169652702 
0.014777009169652702 
0.014771917140303759 
0.014771917140303759 
0.01477765015149567 
0.01477765015149567 
0.01477765015149567 
0.01477765015149567 
0.014766819021034962 
0.014766819021034962 
0.014755979940349606 
0.014755979940349606 
0.01476171480553665 
0.014766819021034962 
0.014766819021034962 
0.014771917140303759 
0.014771917140303759 
0.014777009169652702 
0.014777009169652702 
0.014777009169652702 
0.014777009169652702 
0.014777009169652702 
0.014777009169652702 
0.014782744535437254 
0.014782744535437254 
0.014782744535437254 
0.014782744535437254 
0.014782744535437254 
0.014782744535437254 
0.014782744535437254 
0.014782744535437254 
0.014782744535437254 
0.014782744535437254 
0.014782744535437254 
0.014782744535437254 
0.01478783283649095 
0.01478783283649095 
0.01478783283649095 
0.01478783283649095 
0.01479291506093373 
0.01479291506093373 
0.01479291506093373 
0.014798648586948742 
0.014798648586948742 
0.014798648586948742 
0.014798648586948742 
0.014793564006012885 
0.014793564006012885 
0.014793564006012885 
0.014793564006012885 
0.01479928863155253 
0.01479928863155253 
0.01479928863155253 
0.014793564006012885 
0.014793564006012885 
0.014793564006012885 
0.014793564006012885 
0.014793564006012885 
0.014793564006012885 
0.014793564006012885 
0.014793564006012885 
0.014805006720700939 
0.014810718281028777 
0.014810718281028777 
0.014810718281028777 
0.01480562055437056 
0.014816423320086395 
0.014816423320086395 
0.014821517331231644 
0.014821517331231644 
0.014821517331231644 
0.014821517331231644 
0.014821517331231644 
0.014815809933986058 
0.014815809933986058 
0.014826605275652278 
0.014832308518905612 
0.014832308518905612 
0.014832308518905612 
0.014832308518905612 
0.014827218215160927 
0.014827218215160927 
0.014827218215160927 
0.014827218215160927 
0.014832912593283896 
0.014832912593283896 
0.014832912593283896 
0.014832912593283896 
0.014832912593283896 
0.014832912593283896 
0.014832912593283896 
0.014832912593283896 
0.014832912593283896 
0.014832912593283896 
0.014838600473090446 
0.014838600473090446 
0.014838600473090446 
0.014844281862050451 
0.014844281862050451 
0.014849956767613836 
0.014849956767613836 
0.014849956767613836 
0.014849956767613836 
0.014849956767613836 
0.014849956767613836 
0.014849956767613836 
0.014849956767613836 
0.014849956767613836 
0.014849956767613836 
0.014849956767613836 
0.014849956767613836 
0.014849956767613836 
0.014849956767613836 
0.014849956767613836 
0.014849956767613836 
0.014849956767613836 
0.014855056512851104 
0.014855056512851104 
0.014855056512851104 
0.014855056512851104 
0.014855056512851104 
0.014855056512851104 
0.014849956767613836 
0.014849956767613836 
0.014849956767613836 
0.014849956767613836 
0.014849956767613836 
0.014849956767613836 
0.014849956767613836 
0.014849956767613836 
0.014849956767613836 
0.014849956767613836 
0.014849956767613836 
0.014849956767613836 
0.014855625197210651 
0.014855625197210651 
0.014855625197210651 
0.014855625197210651 
0.014855625197210651 
0.014855625197210651 
0.014855625197210651 
0.014855625197210651 
0.014860727303870426 
0.014860727303870426 
0.014860727303870426 
0.014860727303870426 
0.014860727303870426 
0.014860727303870426 
0.014860727303870426 
0.014860727303870426 
0.014860727303870426 
0.014860727303870426 
0.014860727303870426 
0.014855625197210651 
0.014855625197210651 
0.014855625197210651 
0.014860727303870426 
0.014860727303870426 
0.014871490039669866 
0.014871490039669866 
0.014865823354257915 
0.014865823354257915 
0.014865823354257915 
0.014865823354257915 
0.014865823354257915 
0.014865823354257915 
0.014865823354257915 
0.014865823354257915 
0.014865823354257915 
0.014865823354257915 
0.014865823354257915 
0.014865823354257915 
0.014865823354257915 
0.014865823354257915 
0.014865823354257915 
0.014865823354257915 
0.014865823354257915 
0.014865823354257915 
0.014865823354257915 
0.014865823354257915 
0.014865823354257915 
0.014865823354257915 
0.014865823354257915 
0.014865823354257915 
0.014865823354257915 
0.014865823354257915 
0.014865823354257915 
0.014865823354257915 
0.014860150201125156 
0.014860150201125156 
0.014860150201125156 
0.014860150201125156 
0.014860150201125156 
0.014860150201125156 
0.014860150201125156 
0.014860150201125156 
0.014865823354257915 
0.014870913354599306 
0.014870913354599306 
0.014870913354599306 
0.014870913354599306 
0.01487658240322689 
0.01487658240322689 
0.01487658240322689 
0.01487658240322689 
0.01487658240322689 
0.01487658240322689 
0.01487658240322689 
0.01487658240322689 
0.014881668723634455 
0.014881668723634455 
0.014881668723634455 
0.014881668723634455 
0.014881668723634455 
0.014881668723634455 
0.014881668723634455 
0.014881668723634455 
0.014886749007086806 
0.014886749007086806 
0.014886749007086806 
0.014886749007086806 
0.014886749007086806 
0.014886749007086806 
0.014886749007086806 
0.014886749007086806 
0.014886749007086806 
0.014886749007086806 
0.014886749007086806 
0.014886749007086806 
0.014886749007086806 
0.014886749007086806 
0.014886749007086806 
0.014886749007086806 
0.014886749007086806 
0.014886749007086806 
0.014886749007086806 
0.014886749007086806 
0.014886749007086806 
0.014886749007086806 
0.014886749007086806 
0.014886749007086806 
0.014886749007086806 
0.014886749007086806 
0.014886749007086806 
0.014886749007086806 
0.014886749007086806 
0.014886749007086806 
0.014886749007086806 
0.014886749007086806 
0.014886749007086806 
0.014886749007086806 
0.014886749007086806 
0.014886749007086806 
0.014886749007086806 
0.014886749007086806 
0.014886749007086806 
0.014886749007086806 
0.014886749007086806 
0.014886749007086806 
0.014886749007086806 
0.014886749007086806 
0.014886749007086806 
0.014886749007086806 
0.014886749007086806 
0.014886749007086806 
0.014886749007086806 
0.014886749007086806 
0.014886749007086806 
0.014886749007086806 
0.014886749007086806 
0.014886749007086806 
0.014881668723634455 
0.014881668723634455 
0.014881668723634455 
0.014881668723634455 
0.014881668723634455 
0.014881668723634455 
0.014881668723634455 
0.014881668723634455 
0.014881668723634455 
0.014881668723634455 
0.014881668723634455 
0.014881668723634455 
0.014881668723634455 
0.014881668723634455 
0.014881668723634455 
0.014881668723634455 
0.014881668723634455 
0.014881668723634455 
0.014881668723634455 
0.014881668723634455 
0.014881668723634455 
0.014881668723634455 
0.014881668723634455 
0.014881668723634455 
0.014881668723634455 
0.014881668723634455 
0.014881668723634455 
0.014881668723634455 
0.014881668723634455 
0.014881668723634455 
0.014881668723634455 
0.014881668723634455 
0.014881668723634455 
0.014881668723634455 
0.014881668723634455 
0.014876582403226892 
0.014876582403226892 
0.014876582403226892 
0.014876582403226892 
0.014876582403226892 
0.014876582403226892 
0.014876582403226892 
0.014876582403226892 
0.014876582403226892 
0.014876582403226892 
0.014876582403226892 
0.014876582403226892 
0.014876582403226892 
0.014876582403226892 
0.014870913354599306 
0.014870913354599306 
0.014870913354599306 
0.014870913354599306 
0.014870913354599306 
0.014870913354599306 
0.014870913354599306 
0.014870913354599306 
0.014870913354599306 
0.014870913354599306 
0.014870913354599306 
0.014870913354599306 
0.014870913354599306 
0.014870913354599306 
0.014870913354599306 
0.014870913354599306 
0.014870913354599306 
0.014870913354599306 
0.014870913354599306 
0.014870913354599306 
0.014870913354599306 
0.014870913354599306 
0.014870913354599306 
0.014870913354599306 
0.014870913354599306 
0.014870913354599306 
0.014870913354599306 
0.014870913354599306 
0.014870913354599306 
0.014870913354599306 
0.014870913354599306 
0.014870913354599306 
0.014870913354599306 
0.014870913354599306 
0.014870913354599306 
0.014870913354599306 
0.014870913354599306 
0.014870913354599306 
0.014870913354599306 
0.014870913354599306 
0.014870913354599306 
0.014870913354599306 
0.014870913354599306 
0.014870913354599306 
0.014870913354599306 
0.014870913354599306 
0.014870913354599306 
0.014870913354599306 
0.014870913354599306 
0.014870913354599306 
0.014870913354599306 
0.014870913354599306 
0.014870913354599306 
0.014870913354599306 
0.014870913354599306 
0.014876582403226892 
0.014876582403226892 
0.014876582403226892 
0.014876582403226892 
0.014876582403226892 
0.014882244991935861 
0.014882244991935861 
0.014882244991935861 
0.014882244991935861 
0.014882244991935861 
0.014882244991935861 
0.014882244991935861 
0.014882244991935861 
0.014882244991935861 
0.014882244991935861 
0.014882244991935861 
0.014882244991935861 
0.014882244991935861 
0.014882244991935861 
0.014882244991935861 
0.014882244991935861 
0.014882244991935861 
0.014882244991935861 
0.014882244991935861 
0.014882244991935861 
0.014882244991935861 
0.014882244991935861 
0.014882244991935861 
0.014882244991935861 
0.014882244991935861 
0.014882244991935861 
0.014882244991935861 
0.014882244991935861 
0.014882244991935861 
0.01488790112809727 
0.01488790112809727 
0.01488790112809727 
0.01488790112809727 
0.01488790112809727 
0.01488790112809727 
0.01488790112809727 
0.01488790112809727 
0.01488790112809727 
0.01488790112809727 
0.01488790112809727 
0.01488790112809727 
0.01488790112809727 
0.01488790112809727 
0.01488790112809727 
0.014892992177531015 
0.014892992177531015 
0.014892992177531015 
0.014892992177531015 
0.014892992177531015 
0.014892992177531015 
0.014892992177531015 
0.014892992177531015 
0.014892992177531015 
0.014892992177531015 
0.014892992177531015 
0.014892992177531015 
0.014892992177531015 
0.014892992177531015 
0.014892992177531015 
0.014892992177531015 
0.014892992177531015 
0.014892992177531015 
0.014892992177531015 
0.014892992177531015 
0.014892992177531015 
0.014892992177531015 
0.014892992177531015 
0.014892992177531015 
0.014892992177531015 
0.014892992177531015 
0.014892992177531015 
0.014892992177531015 
0.014892992177531015 
0.014892992177531015 
0.014892992177531015 
0.014892992177531015 
0.014892992177531015 
0.014892992177531015 
0.014892992177531015 
0.014892992177531015 
0.014892992177531015 
0.014892992177531015 
0.014892992177531015 
0.014892992177531015 
0.014892992177531015 
0.014892992177531015 
0.014892992177531015 
0.01488790112809727 
0.01488790112809727 
0.01488790112809727 
0.01488790112809727 
0.01488790112809727 
0.01488790112809727 
0.01488790112809727 
0.01488790112809727 
0.01488790112809727 
0.01488790112809727 
0.01488790112809727 
0.01488790112809727 
0.01488790112809727 
0.01488790112809727 
0.01488790112809727 
0.01488790112809727 
0.01488790112809727 
0.01488790112809727 
0.01488790112809727 
0.01488790112809727 
0.01488790112809727 
0.01488790112809727 
0.01488790112809727 
0.01488790112809727 
0.01488790112809727 
0.01488790112809727 
0.01488790112809727 
0.01488790112809727 
0.01488790112809727 
0.01488790112809727 
0.01488790112809727 
0.01488790112809727 
0.01488790112809727 
0.01488790112809727 
0.01488790112809727 
0.01488790112809727 
0.01488790112809727 
0.01488790112809727 
0.01488790112809727 
0.01488790112809727 
0.01488790112809727 
0.01488790112809727 
0.01488790112809727 
0.01488790112809727 
0.01488790112809727 
0.01488790112809727 
0.01488790112809727 
0.01488790112809727 
0.01488790112809727 
0.01488790112809727 
0.01488790112809727 
0.01488790112809727 
0.01488790112809727 
0.01488790112809727 
0.01488790112809727 
0.01488790112809727 
0.01488790112809727 
0.01488790112809727 
0.01488790112809727 
0.01488790112809727 
0.01488790112809727 
0.01488790112809727 
0.01488790112809727 
0.01488790112809727 
0.01488790112809727 
0.01488790112809727 
0.01488790112809727 
0.01488790112809727 
0.01488790112809727 
0.01488790112809727 
0.01488790112809727 
0.01488790112809727 
0.01488790112809727 
0.01488790112809727 
0.01488790112809727 
0.01488790112809727 
0.01488790112809727 
0.01488790112809727 
0.01488790112809727 
0.01488790112809727 
0.01488790112809727 
0.01488790112809727 
0.01488790112809727 
0.01488790112809727 
0.01488790112809727 
0.01488790112809727 
0.01488790112809727 
0.01488790112809727 
0.01488790112809727 
0.01488790112809727 
0.01488790112809727 
0.01488790112809727 
0.01488790112809727 
0.01488790112809727 
0.01488790112809727 
0.01488790112809727 
0.01488790112809727 
0.01488790112809727 
0.01488790112809727 
0.01488790112809727 
0.01488790112809727 
0.01488790112809727 
0.01488790112809727 
0.01488790112809727 
0.01488790112809727 
0.01488790112809727 
0.01488790112809727 
0.01488790112809727 
0.01488790112809727 
0.01488790112809727 
0.01488790112809727 
0.01488790112809727 
0.01488790112809727 
0.01488790112809727 
0.01488790112809727 
0.01488790112809727 
0.01488790112809727 
0.01488790112809727 
0.01488790112809727 
0.01488790112809727 
0.01488790112809727 
0.01488790112809727 
0.01488790112809727 
0.01488790112809727 
0.01488790112809727 
0.01488790112809727 
0.01488790112809727 
0.01488790112809727 
0.01488790112809727 
0.01488790112809727 
0.01488790112809727 
0.01488790112809727 
0.01488790112809727 
0.01488790112809727 
0.01488790112809727 
0.01488790112809727 
0.01488790112809727 
0.01488790112809727 
0.01488790112809727 
0.01488790112809727 
0.01488790112809727 
0.01488790112809727 
0.01488790112809727 
0.01488790112809727 
0.01488790112809727 
0.01488790112809727 
0.01488790112809727 
0.01488790112809727 
0.01488790112809727 
0.01488790112809727 
0.01488790112809727 
0.01488790112809727 
0.01488790112809727 
0.01488790112809727 
0.01488790112809727 
0.01488790112809727 
0.01488790112809727 
0.01488790112809727 
0.014893550819062594 
0.014893550819062594 
0.014893550819062594 
0.014893550819062594 
0.014893550819062594 
0.01489864423362072 
0.01489864423362072 
0.01489864423362072 
0.01489864423362072 
0.01489864423362072 
0.01489864423362072 
0.01489864423362072 
0.01489864423362072 
0.01489864423362072 
0.01489864423362072 
0.01489864423362072 
0.01489864423362072 
0.01489864423362072 
0.01489864423362072 
0.01489864423362072 
0.01489864423362072 
0.01489864423362072 
0.01489864423362072 
0.01489864423362072 
0.01489864423362072 
0.01489864423362072 
0.01489864423362072 
0.01489864423362072 
0.01489864423362072 
0.01489864423362072 
0.01489864423362072 
0.01489864423362072 
0.01489864423362072 
0.01489864423362072 
0.01489864423362072 
0.01489864423362072 
0.01489864423362072 
0.01489864423362072 
0.01489864423362072 
0.01489864423362072 
0.01489864423362072 
0.01489864423362072 
0.01489864423362072 
0.01489864423362072 
0.01489864423362072 
0.01489864423362072 
0.01489864423362072 
0.01489864423362072 
0.01489864423362072 
0.01489864423362072 
0.01489864423362072 
0.01489864423362072 
0.01489864423362072 
0.01489864423362072 
0.01489864423362072 
0.01489864423362072 
0.01489864423362072 
0.01489864423362072 
0.01489864423362072 
0.01489864423362072 
0.01489864423362072 
0.01489864423362072 
0.01489864423362072 
0.01489864423362072 
0.01489864423362072 
0.014892992177531015 
0.014892992177531015 
0.014892992177531015 
0.014892992177531015 
0.014892992177531015 
0.014892992177531015 
0.014892992177531015 
0.014892992177531015 
0.01489864423362072 
0.01489864423362072 
0.01489864423362072 
0.01489864423362072 
0.01489864423362072 
0.01489864423362072 
0.01489864423362072 
0.01489864423362072 
0.01489864423362072 
0.01489864423362072 
0.01489864423362072 
0.01489864423362072 
0.01489864423362072 
0.01489864423362072 
0.01489864423362072 
0.01489864423362072 
0.01489864423362072 
0.01489864423362072 
0.01489864423362072 
0.01489864423362072 
0.01489864423362072 
0.01489864423362072 
0.01489864423362072 
0.01489864423362072 
0.01489864423362072 
0.014904289852253949 
0.014904289852253949 
0.014904289852253949 
0.014904289852253949 
0.014904289852253949 
0.014904289852253949 
0.014904289852253949 
0.014904289852253949 
0.014909379598091934 
0.014909379598091934 
0.014909379598091934 
0.014909379598091934 
0.014909379598091934 
0.014909379598091934 
0.014909379598091934 
0.014909379598091934 
0.014909379598091934 
0.014909379598091934 
0.014915021153186476 
0.014915021153186476 
0.014915021153186476 
0.014915021153186476 
0.014920656285834078 
0.014920656285834078 
0.014920656285834078 
0.014920656285834078 
0.014920656285834078 
0.014920656285834078 
0.014920656285834078 
0.014926285003308759 
0.014926285003308759 
0.014926285003308759 
0.014926285003308759 
0.014926285003308759 
0.014931907312865294 
0.014931907312865294 
0.014931907312865294 
0.014931907312865294 
0.014931907312865294 
0.014931907312865294 
0.014931907312865294 
0.014931907312865294 
0.014931907312865294 
0.014931907312865294 
0.014931907312865294 
0.014931907312865294 
0.014931907312865294 
0.014931907312865294 
0.014931907312865294 
0.014931907312865294 
0.014931907312865294 
0.014931907312865294 
0.014931907312865294 
0.014931907312865294 
0.014931907312865294 
0.014931907312865294 
0.014931907312865294 
0.014931907312865294 
0.014931907312865294 
0.014931907312865294 
0.014931907312865294 
0.014931907312865294 
0.014937000502108848 
0.014937000502108848 
0.014937000502108848 
0.014942618779852479 
0.014942618779852479 
0.014948230664530167 
0.014948230664530167 
0.014948230664530167 
0.014948230664530167 
0.014948230664530167 
0.014948230664530167 
0.014953322573929848 
0.014953322573929848 
0.014953322573929848 
0.014953322573929848 
0.014953322573929848 
0.014953322573929848 
0.014953322573929848 
0.014953322573929848 
0.014953322573929848 
0.014953322573929848 
0.014958930443049731 
0.014958930443049731 
0.014958930443049731 
0.014958930443049731 
0.014958930443049731 
0.014958930443049731 
0.014958930443049731 
0.014958930443049731 
0.014958930443049731 
0.014958930443049731 
0.014958930443049731 
0.014958930443049731 
0.014958930443049731 
0.014958930443049731 
0.014958930443049731 
0.014964531933876181 
0.014964531933876181 
0.014964531933876181 
0.014958930443049731 
0.014958930443049731 
0.014958930443049731 
0.014958930443049731 
0.014958930443049731 
0.014958930443049731 
0.014958930443049731 
0.014958930443049731 
0.014958930443049731 
0.014964018711562747 
0.014964018711562747 
0.014964018711562747 
0.014964018711562747 
0.014964018711562747 
0.014964018711562747 
0.014964018711562747 
0.014964018711562747 
0.014964018711562747 
0.014964018711562747 
0.014964018711562747 
0.014964018711562747 
0.014964018711562747 
0.014964018711562747 
0.014964018711562747 
0.014964018711562747 
0.014964018711562747 
0.014964018711562747 
0.014964018711562747 
0.014964018711562747 
0.014964018711562747 
0.014964018711562747 
0.014964018711562747 
0.014964018711562747 
0.014964018711562747 
0.014964018711562747 
0.014964018711562747 
0.014964018711562747 
0.014964018711562747 
0.014964018711562747 
0.014964018711562747 
0.014964018711562747 
0.014964018711562747 
0.014964018711562747 
0.014964018711562747 
0.014964018711562747 
0.014969100975008484 
0.014969100975008484 
0.014969100975008484 
0.014969100975008484 
0.014969100975008484 
0.014974177239501339 
0.014974177239501339 
0.014974177239501339 
0.014979247511140206 
0.014979247511140206 
0.014979247511140206 
0.014979247511140206 
0.014989370100174322 
0.014989370100174322 
0.014989370100174322 
0.014989370100174322 
0.015005089269977703 
0.015005089269977703 
0.015005089269977703 
0.015005089269977703 
0.015005089269977703 
0.015005089269977703 
0.015005089269977703 
0.015005089269977703 
0.015005089269977703 
0.015005089269977703 
0.015005089269977703 
0.015005089269977703 
0.015005089269977703 
0.015005089269977703 
0.015005089269977703 
0.015010703381254325 
0.015010703381254325 
0.015010703381254325 
0.015010703381254325 
0.015010703381254325 
0.015010703381254325 
0.015010703381254325 
0.015010703381254325 
0.015016311131566233 
0.015016311131566233 
0.015016311131566233 
0.015016311131566233 
0.015016311131566233 
0.015016311131566233 
0.015016311131566233 
0.015016311131566233 
0.015016311131566233 
0.015016311131566233 
0.015016311131566233 
0.015016311131566233 
0.015016311131566233 
0.015016311131566233 
0.015016311131566233 
0.015016311131566233 
0.015016311131566233 
0.015016311131566233 
0.015016311131566233 
0.015016311131566233 
0.015016311131566233 
0.015016311131566233 
0.015016311131566233 
0.015021358660254405 
0.015021358660254405 
0.015021358660254405 
0.015021358660254405 
0.015026962434237998 
0.015026962434237998 
0.015026962434237998 
0.015032006386374374 
0.015032006386374374 
0.015032006386374374 
0.015032006386374374 
0.015032006386374374 
0.015032006386374374 
0.015032006386374374 
0.015032006386374374 
0.015032006386374374 
0.015032006386374374 
0.015032006386374374 
0.015032006386374374 
0.015032006386374374 
0.015037044390437904 
0.015037044390437904 
0.015037044390437904 
0.015037044390437904 
0.015037044390437904 
0.015037044390437904 
0.015037044390437904 
0.015037044390437904 
0.0150420764524051 
0.0150420764524051 
0.0150420764524051 
0.0150420764524051 
0.0150420764524051 
0.0150420764524051 
0.0150420764524051 
0.0150420764524051 
0.0150420764524051 
0.015047681017352807 
0.015053279244071705 
0.015058310130954272 
0.015058310130954272 
0.015058310130954272 
0.015058310130954272 
0.015058310130954272 
0.015058310130954272 
0.015058310130954272 
0.015058310130954272 
0.015058310130954272 
0.015058310130954272 
0.015058310130954272 
0.015058310130954272 
0.015058310130954272 
0.015063904407556495 
0.015063904407556495 
0.015063904407556495 
0.015063904407556495 
0.015063904407556495 
0.015063904407556495 
0.015063904407556495 
0.015063904407556495 
0.015063904407556495 
0.015063904407556495 
0.015063904407556495 
0.015063904407556495 
0.015063904407556495 
0.015063904407556495 
0.015063904407556495 
0.015063904407556495 
0.015063904407556495 
0.015063904407556495 
0.015063904407556495 
0.015063904407556495 
0.015063904407556495 
0.015063904407556495 
0.015063904407556495 
0.015063904407556495 
0.015063904407556495 
0.015063904407556495 
0.015063904407556495 
0.01506949236039489 
0.01506949236039489 
0.01506949236039489 
0.01506949236039489 
0.01506949236039489 
0.01506949236039489 
0.01506949236039489 
0.01506949236039489 
0.01506949236039489 
0.01506949236039489 
0.01506949236039489 
0.01506949236039489 
0.01506949236039489 
0.01506949236039489 
0.01506949236039489 
0.01506949236039489 
0.01506949236039489 
0.01506949236039489 
0.01506949236039489 
0.01506949236039489 
0.01506949236039489 
0.01506949236039489 
0.01506949236039489 
0.015075073996501645 
0.015075073996501645 
0.015075073996501645 
0.015075073996501645 
0.015075073996501645 
0.015075073996501645 
0.015075073996501645 
0.015075073996501645 
0.015075073996501645 
0.015075073996501645 
0.015075073996501645 
0.015075073996501645 
0.015075073996501645 
0.015075073996501645 
0.015075073996501645 
0.015075073996501645 
0.015075073996501645 
0.015075073996501645 
0.01508621834655723 
0.01508621834655723 
0.01508621834655723 
0.01508621834655723 
0.01508621834655723 
0.01508621834655723 
0.01508621834655723 
0.01508621834655723 
0.01508621834655723 
0.01508621834655723 
0.01508621834655723 
0.01508621834655723 
0.01508621834655723 
0.01508621834655723 
0.01508621834655723 
0.01508621834655723 
0.01508621834655723 
0.01508621834655723 
0.01508621834655723 
0.01508621834655723 
0.01508621834655723 
0.01508621834655723 
0.01508621834655723 
0.01508621834655723 
0.015091781074478916 
0.015091781074478916 
0.015091781074478916 
0.015091781074478916 
0.015096820327472933 
0.015096820327472933 
0.015096820327472933 
0.015096820327472933 
0.015096820327472933 
0.015096820327472933 
0.015096820327472933 
0.015096820327472933 
0.015096820327472933 
0.015096820327472933 
0.015096820327472933 
0.015096820327472933 
0.015096820327472933 
0.015096820327472933 
0.015096820327472933 
0.015096820327472933 
0.015096820327472933 
0.015096820327472933 
0.015096820327472933 
0.015102379150319329 
0.015102379150319329 
0.015102379150319329 
0.015102379150319329 
0.015102379150319329 
0.015102379150319329 
0.015102379150319329 
0.015102379150319329 
0.015102379150319329 
0.015102379150319329 
0.015102379150319329 
0.015102379150319329 
0.015102379150319329 
0.015102379150319329 
0.015102379150319329 
0.015102379150319329 
0.015102379150319329 
0.015102379150319329 
0.015102379150319329 
0.015102379150319329 
0.015102379150319329 
0.015102379150319329 
0.015102379150319329 
0.015102379150319329 
0.015102379150319329 
0.015102379150319329 
0.015102379150319329 
0.015102379150319329 
0.015102379150319329 
0.015102379150319329 
0.015102379150319329 
0.015107414868202964 
0.015107414868202964 
0.015107414868202964 
0.015107414868202964 
0.015107414868202964 
0.015107414868202964 
0.015107414868202964 
0.015107414868202964 
0.015107414868202964 
0.015107414868202964 
0.015107414868202964 
0.015107414868202964 
0.015107414868202964 
0.015107414868202964 
0.015107414868202964 
0.015107414868202964 
0.015107414868202964 
0.015107414868202964 
0.015107414868202964 
0.015107414868202964 
0.015107414868202964 
0.015107414868202964 
0.015107414868202964 
0.015107414868202964 
0.015107414868202964 
0.015107414868202964 
0.015107414868202964 
0.015107414868202964 
0.015107414868202964 
0.015107414868202964 
0.015107414868202964 
0.015107414868202964 
0.015107414868202964 
0.015107414868202964 
0.015107414868202964 
0.015107414868202964 
0.015107414868202964 
0.015107414868202964 
0.015112444673182427 
0.015112444673182427 
0.015117468571159658 
0.015117468571159658 
0.015117468571159658 
0.015117468571159658 
0.015117468571159658 
0.01512248656802181 
0.01512248656802181 
0.01512248656802181 
0.01512248656802181 
0.01512248656802181 
0.01512248656802181 
0.01512248656802181 
0.01512248656802181 
0.01512248656802181 
0.01512248656802181 
0.015128048651428909 
0.015128048651428909 
0.015128048651428909 
0.015128048651428909 
0.015128048651428909 
0.015128048651428909 
0.015128048651428909 
0.015128048651428909 
0.015128048651428909 
0.015128048651428909 
0.015128048651428909 
0.015133604461594731 
0.015133604461594731 
0.015133604461594731 
0.015133604461594731 
0.015133604461594731 
0.015133604461594731 
0.015133604461594731 
0.015133604461594731 
0.015133604461594731 
0.015133604461594731 
0.015133604461594731 
0.015133604461594731 
0.015133604461594731 
0.015133604461594731 
0.015133604461594731 
0.015133604461594731 
0.015133604461594731 
0.015133604461594731 
0.015133604461594731 
0.015133604461594731 
0.015139154005425794 
0.015139154005425794 
0.015139154005425794 
0.015139154005425794 
0.015139154005425794 
0.015139154005425794 
0.015139154005425794 
0.015144697289810716 
0.015144697289810716 
0.015144697289810716 
0.015144697289810716 
0.015144697289810716 
0.015144697289810716 
0.015144697289810716 
0.015144697289810716 
0.015144697289810716 
0.015144697289810716 
0.015144697289810716 
0.015144697289810716 
0.015150234321620245 
0.015150234321620245 
0.015150234321620245 
0.015150234321620245 
0.015150234321620245 
0.015150234321620245 
0.015150234321620245 
0.015150234321620245 
0.015150234321620245 
0.015150234321620245 
0.015150234321620245 
0.015150234321620245 
0.015150234321620245 
0.015150234321620245 
0.015150234321620245 
0.015150234321620245 
0.015150234321620245 
0.015150234321620245 
0.015150234321620245 
0.015150234321620245 
0.015150234321620245 
0.015150234321620245 
0.015150234321620245 
0.015150234321620245 
0.015150234321620245 
0.015150234321620245 
0.015150234321620245 
0.015150234321620245 
0.015150234321620245 
0.015150234321620245 
0.015150234321620245 
0.015150234321620245 
0.015150234321620245 
0.015150234321620245 
0.015150234321620245 
0.015150234321620245 
0.015150234321620245 
0.015150234321620245 
0.015150234321620245 
0.015155258361374116 
0.015155258361374116 
0.015155258361374116 
0.015155258361374116 
0.015155258361374116 
0.015155258361374116 
0.015155258361374116 
0.015155258361374116 
0.015160276514628616 
0.015160276514628616 
0.015160276514628616 
0.015160276514628616 
0.015160276514628616 
0.015160276514628616 
0.015160276514628616 
0.015160276514628616 
0.015160276514628616 
0.015160276514628616 
0.015160276514628616 
0.015160276514628616 
0.015160276514628616 
0.015160276514628616 
0.015160276514628616 
0.015160276514628616 
0.015160276514628616 
0.015160276514628616 
0.015160276514628616 
0.015160276514628616 
0.015160276514628616 
0.015160276514628616 
0.015160276514628616 
0.015160276514628616 
0.015160276514628616 
0.015160276514628616 
0.015160276514628616 
0.015160276514628616 
0.015160276514628616 
0.015160276514628616 
0.015160276514628616 
0.015160276514628616 
0.015160276514628616 
0.015160276514628616 
0.015165288787227229 
0.015165288787227229 
0.015165288787227229 
0.015165288787227229 
0.015165288787227229 
0.015165288787227229 
0.015165288787227229 
0.015165288787227229 
0.015165288787227229 
0.015165288787227229 
0.015165288787227229 
0.015165288787227229 
0.015165288787227229 
0.015165288787227229 
0.015165288787227229 
0.015165288787227229 
0.015165288787227229 
0.015165288787227229 
0.015165288787227229 
0.015165288787227229 
0.015165288787227229 
0.015170826740820684 
0.015170826740820684 
0.015170826740820684 
0.015170826740820684 
0.015170826740820684 
0.015170826740820684 
0.015170826740820684 
0.015170826740820684 
0.015170826740820684 
0.015170826740820684 
0.015170826740820684 
0.015170826740820684 
0.015170826740820684 
0.0151763584564941 
0.0151763584564941 
0.0151763584564941 
0.0151763584564941 
0.0151763584564941 
0.0151763584564941 
0.0151763584564941 
0.01518136963518114 
0.01518136963518114 
0.01518136963518114 
0.01518136963518114 
0.01518136963518114 
0.01518136963518114 
0.01518136963518114 
0.015186374945983652 
0.015186374945983652 
0.015186374945983652 
0.015186374945983652 
0.015186374945983652 
0.015191905212974439 
0.015191905212974439 
0.015197429256291998 
0.015197429256291998 
0.015197429256291998 
0.015202947082720509 
0.015202947082720509 
0.015202947082720509 
0.015202947082720509 
0.015202947082720509 
0.015202947082720509 
0.015202947082720509 
0.015202947082720509 
0.015202947082720509 
0.015202947082720509 
0.015202947082720509 
0.015202947082720509 
0.015202947082720509 
0.015202947082720509 
0.015202947082720509 
0.015202947082720509 
0.015202947082720509 
0.015202947082720509 
0.015202947082720509 
0.015202947082720509 
0.015202947082720509 
0.015202947082720509 
0.015202947082720509 
0.015202947082720509 
0.015202947082720509 
0.015202947082720509 
0.015202947082720509 
0.015202947082720509 
0.015202947082720509 
0.015202947082720509 
0.015202947082720509 
0.015202947082720509 
0.015202947082720509 
0.015202947082720509 
0.015202947082720509 
0.015208458699026671 
0.015208458699026671 
0.015213964111959776 
0.015218975523996349 
0.015218975523996349 
0.015218975523996349 
0.015218975523996349 
0.015218975523996349 
0.015218975523996349 
0.015218975523996349 
0.015218975523996349 
0.01522398108248956 
0.01522398108248956 
0.01522398108248956 
0.01522398108248956 
0.01522398108248956 
0.01522398108248956 
0.01522398108248956 
0.01522398108248956 
0.01522398108248956 
0.01522398108248956 
0.01522398108248956 
0.01522398108248956 
0.01522398108248956 
0.01522398108248956 
0.01522398108248956 
0.01522398108248956 
0.01522398108248956 
0.01522398108248956 
0.01522398108248956 
0.01522398108248956 
0.01522398108248956 
0.01522398108248956 
0.01522398108248956 
0.015228980793211343 
0.015228980793211343 
0.015228980793211343 
0.015228980793211343 
0.015228980793211343 
0.015228980793211343 
0.015228980793211343 
0.015228980793211343 
0.015228980793211343 
0.015228980793211343 
0.01523448719189458 
0.01523448719189458 
0.01523448719189458 
0.01523448719189458 
0.01523448719189458 
0.01523448719189458 
0.01523448719189458 
0.01523448719189458 
0.01523448719189458 
0.01523448719189458 
0.01523448719189458 
0.01523448719189458 
0.01523448719189458 
0.01523448719189458 
0.01523448719189458 
0.01523448719189458 
0.01523448719189458 
0.01523448719189458 
0.01523448719189458 
0.01523448719189458 
0.01523448719189458 
0.01523448719189458 
0.01523448719189458 
0.01523448719189458 
0.01523448719189458 
0.01523448719189458 
0.01523448719189458 
0.01523448719189458 
0.01523448719189458 
0.01523448719189458 
0.01523448719189458 
0.01523448719189458 
0.01523448719189458 
0.01523448719189458 
0.01523448719189458 
0.01523448719189458 
0.01523448719189458 
0.01523448719189458 
0.01523448719189458 
0.01523448719189458 
0.01523448719189458 
0.015239987401569595 
0.015245481428934938 
0.015245481428934938 
0.015245481428934938 
0.015245481428934938 
0.015245481428934938 
0.015245481428934938 
0.015245481428934938 
0.015245481428934938 
0.015250969280671964 
0.015250969280671964 
0.015250969280671964 
0.015250969280671964 
0.015250969280671964 
0.015250969280671964 
0.015250969280671964 
0.015250969280671964 
0.015250969280671964 
0.015250969280671964 
0.015255972732015484 
0.015255972732015484 
0.015255972732015484 
0.015255972732015484 
0.015255972732015484 
0.015255972732015484 
0.015255972732015484 
0.015255972732015484 
0.015255972732015484 
0.015255972732015484 
0.015255972732015484 
0.015255972732015484 
0.015255972732015484 
0.015255972732015484 
0.015255972732015484 
0.015255972732015484 
0.015255972732015484 
0.015255972732015484 
0.015255972732015484 
0.015255972732015484 
0.015255972732015484 
0.015255972732015484 
0.015255972732015484 
0.015255972732015484 
0.015255972732015484 
0.015255972732015484 
0.015255972732015484 
0.015255972732015484 
0.015255972732015484 
0.015255972732015484 
0.015255972732015484 
0.015255972732015484 
0.015255972732015484 
0.015255972732015484 
0.015255972732015484 
0.01526097034922747 
0.015266456825340976 
0.015266456825340976 
0.015266456825340976 
0.015266456825340976 
0.015266456825340976 
0.015266456825340976 
0.015266456825340976 
0.015266456825340976 
0.015266456825340976 
0.015271937139734433 
0.015271937139734433 
0.015271937139734433 
0.015271937139734433 
0.015271937139734433 
0.015271937139734433 
0.015271937139734433 
0.015271937139734433 
0.015271937139734433 
0.015271937139734433 
0.015271937139734433 
0.015277411299038852 
0.01528241028110422 
0.01528241028110422 
0.01528241028110422 
0.01528241028110422 
0.01528241028110422 
0.01528241028110422 
0.01528241028110422 
0.01528241028110422 
0.01528241028110422 
0.01528241028110422 
0.015287403442049928 
0.015287403442049928 
0.015287403442049928 
0.015287403442049928 
0.015287403442049928 
0.015287403442049928 
0.015287403442049928 
0.015287403442049928 
0.015287403442049928 
0.015287403442049928 
0.015287403442049928 
0.015287403442049928 
0.015287403442049928 
0.015287403442049928 
0.015287403442049928 
0.015292876250071467 
0.015292876250071467 
0.015292876250071467 
0.015292876250071467 
0.015292876250071467 
0.015292876250071467 
0.015292876250071467 
0.015292876250071467 
0.015292876250071467 
0.015292876250071467 
0.015292876250071467 
0.015292876250071467 
0.015292876250071467 
0.015292876250071467 
0.015292876250071467 
0.015292876250071467 
0.015292876250071467 
0.015292876250071467 
0.015297865994968057 
0.015297865994968057 
0.015297865994968057 
0.015297865994968057 
0.015297865994968057 
0.015297865994968057 
0.015297865994968057 
0.015297865994968057 
0.015297865994968057 
0.015297865994968057 
0.015297865994968057 
0.015297865994968057 
0.015297865994968057 
0.015297865994968057 
0.015297865994968057 
0.015297865994968057 
0.015297865994968057 
0.015297865994968057 
0.015302849930650174 
0.015302849930650174 
0.015302849930650174 
0.015302849930650174 
0.015302849930650174 
0.015302849930650174 
0.015302849930650174 
0.015302849930650174 
0.015302849930650174 
0.015302849930650174 
0.015302849930650174 
0.015302849930650174 
0.015308321397200935 
0.015308321397200935 
0.015308321397200935 
0.015313301930021497 
0.015313301930021497 
0.015313301930021497 
0.015313301930021497 
0.015318769663390073 
0.015318769663390073 
0.015318769663390073 
0.015318769663390073 
0.015318769663390073 
0.015318769663390073 
0.015318769663390073 
0.015318769663390073 
0.015318769663390073 
0.015318769663390073 
0.015318769663390073 
0.015318769663390073 
0.015318769663390073 
0.015318769663390073 
0.015318769663390073 
0.015318769663390073 
0.015318769663390073 
0.015318769663390073 
0.015318769663390073 
0.015318769663390073 
0.015318769663390073 
0.015318769663390073 
0.015318769663390073 
0.015318769663390073 
0.015318769663390073 
0.015318769663390073 
0.015318769663390073 
0.015318769663390073 
0.015318769663390073 
0.015318769663390073 
0.015318769663390073 
0.015318769663390073 
0.015318769663390073 
0.015324231269463402 
0.015324231269463402 
0.015329686754790524 
0.015334668695475619 
0.015334668695475619 
0.015334668695475619 
0.015334668695475619 
0.015334668695475619 
0.015334668695475619 
0.015334668695475619 
0.015334668695475619 
0.015334668695475619 
0.015334668695475619 
0.015334668695475619 
0.015334668695475619 
0.015334668695475619 
0.015334668695475619 
0.015334668695475619 
0.015334668695475619 
0.015334668695475619 
0.015334668695475619 
0.015334668695475619 
0.015334668695475619 
0.015334668695475619 
0.015334668695475619 
0.01534012046888811 
0.01534012046888811 
0.01534012046888811 
0.01534012046888811 
0.01534012046888811 
0.01534012046888811 
0.01534012046888811 
0.01534012046888811 
0.01534012046888811 
0.01534012046888811 
0.01534012046888811 
0.01534012046888811 
0.01534012046888811 
0.01534012046888811 
0.01534012046888811 
0.01534012046888811 
0.01534012046888811 
0.01534012046888811 
0.01534012046888811 
0.01534012046888811 
0.01534012046888811 
0.01534012046888811 
0.01534012046888811 
0.01534012046888811 
0.01534012046888811 
0.01534012046888811 
0.01534012046888811 
0.01534012046888811 
0.01534012046888811 
0.01534012046888811 
0.01534012046888811 
0.01534012046888811 
0.01534012046888811 
0.01534012046888811 
0.01534012046888811 
0.01534012046888811 
0.01534012046888811 
0.01534012046888811 
0.01534012046888811 
0.01534012046888811 
0.01534012046888811 
0.01534012046888811 
0.01534012046888811 
0.015345099022163394 
0.015345099022163394 
0.015345099022163394 
0.015345099022163394 
0.015345099022163394 
0.015345099022163394 
0.015345099022163394 
0.015345099022163394 
0.015345099022163394 
0.015345099022163394 
0.015345099022163394 
0.015345099022163394 
0.015345099022163394 
0.015345099022163394 
0.015345099022163394 
0.015345099022163394 
0.015345099022163394 
0.015345099022163394 
0.015345099022163394 
0.015345099022163394 
0.015345099022163394 
0.015345099022163394 
0.015345099022163394 
0.015345099022163394 
0.015345099022163394 
0.015345099022163394 
0.015345099022163394 
0.015345099022163394 
0.015345099022163394 
0.015345099022163394 
0.015345099022163394 
0.015345099022163394 
0.015345099022163394 
0.015345099022163394 
0.015345099022163394 
0.015345099022163394 
0.015345099022163394 
0.015345099022163394 
0.015345099022163394 
0.015345099022163394 
0.015345099022163394 
0.015345099022163394 
0.015345099022163394 
0.015345099022163394 
0.015345099022163394 
0.015345099022163394 
0.015345099022163394 
0.015345099022163394 
0.015345099022163394 
0.015345099022163394 
0.015345099022163394 
0.015345099022163394 
0.015350547091227726 
0.015350547091227726 
0.015350547091227726 
0.015350547091227726 
0.015350547091227726 
0.015350547091227726 
0.015350547091227726 
0.015350547091227726 
0.015350547091227726 
0.015350547091227726 
0.015350547091227726 
0.015350547091227726 
0.015350547091227726 
0.015350547091227726 
0.015350547091227726 
0.015350547091227726 
0.015350547091227726 
0.015350547091227726 
0.015350547091227726 
0.015350547091227726 
0.015350547091227726 
0.015350547091227726 
0.015350547091227726 
0.015350547091227726 
0.015350547091227726 
0.015350547091227726 
0.015350547091227726 
0.015350547091227726 
0.015350547091227726 
0.015350547091227726 
0.015350547091227726 
0.015350547091227726 
0.015350547091227726 
0.015350547091227726 
0.015350547091227726 
0.015350547091227726 
0.015355989059647055 
0.015355989059647055 
0.015355989059647055 
0.015355989059647055 
0.015355989059647055 
0.015355989059647055 
0.015355989059647055 
0.015355989059647055 
0.015355989059647055 
0.015355989059647055 
0.015355989059647055 
0.015355989059647055 
0.015355989059647055 
0.015355989059647055 
0.015355989059647055 
0.015355989059647055 
0.015355989059647055 
0.015355989059647055 
0.015355989059647055 
0.015355989059647055 
0.015355989059647055 
0.015355989059647055 
0.015355989059647055 
0.015355989059647055 
0.015355989059647055 
0.015355989059647055 
0.015355989059647055 
0.015355989059647055 
0.015355989059647055 
0.015355989059647055 
0.015355989059647055 
0.015355989059647055 
0.015355989059647055 
0.015355989059647055 
0.015355989059647055 
0.015355989059647055 
0.015355989059647055 
0.015355989059647055 
0.015355989059647055 
0.015355989059647055 
0.015355989059647055 
0.015355989059647055 
0.015355989059647055 
0.015360966636250467 
0.015360966636250467 
0.015360966636250467 
0.015360966636250467 
0.015365938435383631 
0.015365938435383631 
0.015365938435383631 
0.015365938435383631 
0.015365938435383631 
0.015365938435383631 
0.015365938435383631 
0.015365938435383631 
0.015365938435383631 
0.015365938435383631 
0.015365938435383631 
0.015365938435383631 
0.015365938435383631 
0.015365938435383631 
0.015365938435383631 
0.015365938435383631 
0.015365938435383631 
0.015365938435383631 
0.015365938435383631 
0.015365938435383631 
0.015365938435383631 
0.015365938435383631 
0.015365938435383631 
0.015365938435383631 
0.015365938435383631 
0.015365938435383631 
0.015365938435383631 
0.015365938435383631 
0.015365938435383631 
0.015365938435383631 
0.015365938435383631 
0.015371379118348492 
0.015371379118348492 
0.015371379118348492 
0.01537681371416068 
0.01537681371416068 
0.01537681371416068 
0.01537681371416068 
0.01537681371416068 
0.01537681371416068 
0.01537681371416068 
0.01537681371416068 
0.01537681371416068 
0.01537681371416068 
0.01537681371416068 
0.01537681371416068 
0.01537681371416068 
0.01537681371416068 
0.01537681371416068 
0.01537681371416068 
0.01537681371416068 
0.01537681371416068 
0.01537681371416068 
0.01537681371416068 
0.01537681371416068 
0.01537681371416068 
0.01537681371416068 
0.01537681371416068 
0.01537681371416068 
0.01537681371416068 
0.01537681371416068 
0.01537681371416068 
0.01537681371416068 
0.01537681371416068 
0.01537681371416068 
0.01537681371416068 
0.01537681371416068 
0.01537681371416068 
0.01537681371416068 
0.01537681371416068 
0.01537681371416068 
0.01537681371416068 
0.01537681371416068 
0.01537681371416068 
0.01537681371416068 
0.01537681371416068 
0.01537681371416068 
0.01537681371416068 
0.01537681371416068 
0.01537681371416068 
0.01537681371416068 
0.01537681371416068 
0.01537681371416068 
0.01537681371416068 
0.01537681371416068 
0.01537681371416068 
0.01537681371416068 
0.01537681371416068 
0.01537681371416068 
0.01537681371416068 
0.01537681371416068 
0.01537681371416068 
0.01537681371416068 
0.01537681371416068 
0.015381784551865235 
0.015381784551865235 
0.015381784551865235 
0.015381784551865235 
0.015381784551865235 
0.015387215472592823 
0.015387215472592823 
0.015387215472592823 
0.015387215472592823 
0.015387215472592823 
0.015387215472592823 
0.015387215472592823 
0.015387215472592823 
0.015387215472592823 
0.015387215472592823 
0.015387215472592823 
0.015387215472592823 
0.015387215472592823 
0.015387215472592823 
0.015387215472592823 
0.015387215472592823 
0.015387215472592823 
0.015387215472592823 
0.015387215472592823 
0.015387215472592823 
0.015387215472592823 
0.015387215472592823 
0.015387215472592823 
0.015387215472592823 
0.015387215472592823 
0.015387215472592823 
0.015387215472592823 
0.015387215472592823 
0.015387215472592823 
0.015387215472592823 
0.015387215472592823 
0.015387215472592823 
0.015387215472592823 
0.015387215472592823 
0.015387215472592823 
0.015387215472592823 
0.015387215472592823 
0.015387215472592823 
0.015387215472592823 
0.015392182951095663 
0.015392182951095663 
0.015397610204184285 
0.015397610204184285 
0.015397610204184285 
0.015397610204184285 
0.015397610204184285 
0.015397610204184285 
0.015397610204184285 
0.015397610204184285 
0.015402574330286481 
0.015402574330286481 
0.015402574330286481 
0.015402574330286481 
0.015402574330286481 
0.015402574330286481 
0.015402574330286481 
0.015402574330286481 
0.015402574330286481 
0.015402574330286481 
0.015402574330286481 
0.015402574330286481 
0.015402574330286481 
0.015402574330286481 
0.015402574330286481 
0.015402574330286481 
0.015402574330286481 
0.015402574330286481 
0.015402574330286481 
0.015402574330286481 
0.015402574330286481 
0.015402574330286481 
0.015402574330286481 
0.015402574330286481 
0.015402574330286481 
0.015402574330286481 
0.015402574330286481 
0.015402574330286481 
0.015402574330286481 
0.015402574330286481 
0.015402574330286481 
0.015402574330286481 
0.015402574330286481 
0.015402574330286481 
0.015402574330286481 
0.015402574330286481 
0.015402574330286481 
0.015402574330286481 
0.015402574330286481 
0.015402574330286481 
0.01540799792315666 
0.01540799792315666 
0.01540799792315666 
0.01540799792315666 
0.01540799792315666 
0.01540799792315666 
0.01540799792315666 
0.01540799792315666 
0.01540799792315666 
0.01540799792315666 
0.01540799792315666 
0.01540799792315666 
0.015412958703636365 
0.015412958703636365 
0.015412958703636365 
0.015412958703636365 
0.015412958703636365 
0.015412958703636365 
0.015412958703636365 
0.015412958703636365 
0.015412958703636365 
0.015412958703636365 
0.015412958703636365 
0.015412958703636365 
0.015412958703636365 
0.015412958703636365 
0.015412958703636365 
0.015412958703636365 
0.015412958703636365 
0.015412958703636365 
0.015412958703636365 
0.015412958703636365 
0.015412958703636365 
0.015412958703636365 
0.015412958703636365 
0.015412958703636365 
0.015412958703636365 
0.015412958703636365 
0.015412958703636365 
0.015412958703636365 
0.015412958703636365 
0.015412958703636365 
0.015412958703636365 
0.015412958703636365 
0.015412958703636365 
0.015412958703636365 
0.015412958703636365 
0.015412958703636365 
0.015412958703636365 
0.015412958703636365 
0.015412958703636365 
0.015412958703636365 
0.015412958703636365 
0.015412958703636365 
0.015412958703636365 
0.015412958703636365 
0.015412958703636365 
0.015412958703636365 
0.015412958703636365 
0.015412958703636365 
0.015412958703636365 
0.015412958703636365 
0.015412958703636365 
0.015412958703636365 
0.015412958703636365 
0.015412958703636365 
0.015412958703636365 
0.015412958703636365 
0.015412958703636365 
0.015412958703636365 
0.015412958703636365 
0.015412958703636365 
0.015412958703636365 
0.015412958703636365 
0.015412958703636365 
0.015412958703636365 
0.015412958703636365 
0.015412958703636365 
0.015412958703636365 
0.015412958703636365 
0.015412958703636365 
0.015412958703636365 
0.015412958703636365 
0.015412958703636365 
0.015412958703636365 
0.015412958703636365 
0.015412958703636365 
0.015412958703636365 
0.015412958703636365 
0.015412958703636365 
0.015412958703636365 
0.015412958703636365 
0.015412958703636365 
0.015412958703636365 
0.015412958703636365 
0.015412958703636365 
0.015412958703636365 
0.015412958703636365 
0.015412958703636365 
0.015412958703636365 
0.015412958703636365 
0.015417913736948976 
0.015417913736948976 
0.015417913736948976 
0.015417913736948976 
0.015417913736948976 
0.015417913736948976 
0.015423336085296202 
0.015423336085296202 
0.015423336085296202 
0.015423336085296202 
0.015423336085296202 
0.015423336085296202 
0.015423336085296202 
0.015423336085296202 
0.015423336085296202 
0.015423336085296202 
0.015423336085296202 
0.015423336085296202 
0.015423336085296202 
0.015423336085296202 
0.015423336085296202 
0.015428752379891253 
0.015428752379891253 
0.015428752379891253 
0.01543416262710744 
0.015439119145858032 
0.015439119145858032 
0.015439119145858032 
0.015439119145858032 
0.015439119145858032 
0.015439119145858032 
0.015439119145858032 
0.015439119145858032 
0.015439119145858032 
0.015439119145858032 
0.015439119145858032 
0.015439119145858032 
0.015439119145858032 
0.015439119145858032 
0.015439119145858032 
0.015439119145858032 
0.015439119145858032 
0.015439119145858032 
0.015439119145858032 
0.015439119145858032 
0.015439119145858032 
0.015439119145858032 
0.015439119145858032 
0.015439119145858032 
0.015439119145858032 
0.015439119145858032 
0.015439119145858032 
0.015439119145858032 
0.015439119145858032 
0.015439119145858032 
0.015439119145858032 
0.015439119145858032 
0.015439119145858032 
0.015439119145858032 
0.015439119145858032 
0.015439119145858032 
0.015439119145858032 
0.015439119145858032 
0.015439119145858032 
0.015439119145858032 
0.015439119145858032 
0.015439119145858032 
0.015439119145858032 
0.015439119145858032 
0.015439119145858032 
0.015439119145858032 
0.015439119145858032 
0.015439119145858032 
0.015439119145858032 
0.015439119145858032 
0.015439119145858032 
0.015439119145858032 
0.015439119145858032 
0.015439119145858032 
0.015439119145858032 
0.015439119145858032 
0.015439119145858032 
0.015439119145858032 
0.015439119145858032 
0.015439119145858032 
0.015439119145858032 
0.015439119145858032 
0.015439119145858032 
0.015439119145858032 
0.015439119145858032 
0.015439119145858032 
0.015439119145858032 
0.015439119145858032 
0.015439119145858032 
0.015439119145858032 
0.015439119145858032 
0.015439119145858032 
0.015439119145858032 
0.015439119145858032 
0.015439119145858032 
0.015439119145858032 
0.015439119145858032 
0.015439119145858032 
0.015439119145858032 
0.015439119145858032 
0.015439119145858032 
0.015439119145858032 
0.015439119145858032 
0.015439119145858032 
0.015439119145858032 
0.015439119145858032 
0.015439119145858032 
0.015439119145858032 
0.015439119145858032 
0.015439119145858032 
0.015439119145858032 
0.015439119145858032 
0.015439119145858032 
0.015439119145858032 
0.015439119145858032 
0.015439119145858032 
0.015439119145858032 
0.015439119145858032 
0.015439119145858032 
0.015439119145858032 
0.015439119145858032 
0.015439119145858032 
0.015439119145858032 
0.015439119145858032 
0.015439119145858032 
0.015439119145858032 
0.015439119145858032 
0.015439119145858032 
0.015439119145858032 
0.015439119145858032 
0.015439119145858032 
0.015439119145858032 
0.015439119145858032 
0.015439119145858032 
0.015439119145858032 
0.015439119145858032 
0.015439119145858032 
0.015439119145858032 
0.015439119145858032 
0.015439119145858032 
0.015439119145858032 
0.015439119145858032 
0.015439119145858032 
0.015439119145858032 
0.015439119145858032 
0.015439119145858032 
0.015439119145858032 
0.015439119145858032 
0.015439119145858032 
0.015439119145858032 
0.015439119145858032 
0.015439119145858032 
0.015439119145858032 
0.015444525761576495 
0.015444525761576495 
0.015444525761576495 
0.015444525761576495 
0.015444525761576495 
0.015444525761576495 
0.015444525761576495 
0.015444525761576495 
0.015444525761576495 
0.015444525761576495 
0.015444525761576495 
0.015444525761576495 
0.015444525761576495 
0.015444525761576495 
0.015444525761576495 
0.015444525761576495 
0.015444525761576495 
0.015444525761576495 
0.015444525761576495 
0.015444525761576495 
0.015444525761576495 
0.015444525761576495 
0.015444525761576495 
0.015444525761576495 
0.015444525761576495 
0.015444525761576495 
0.015444525761576495 
0.015444525761576495 
0.015444525761576495 
0.015444525761576495 
0.015444525761576495 
0.0154494789556153 
0.0154494789556153 
0.0154494789556153 
0.0154494789556153 
0.0154494789556153 
0.0154494789556153 
0.0154494789556153 
0.0154494789556153 
0.0154494789556153 
0.0154494789556153 
0.0154494789556153 
0.0154494789556153 
0.0154494789556153 
0.0154494789556153 
0.0154494789556153 
0.0154494789556153 
0.0154494789556153 
0.0154494789556153 
0.0154494789556153 
0.0154494789556153 
0.0154494789556153 
0.0154494789556153 
0.0154494789556153 
0.0154494789556153 
0.0154494789556153 
0.0154494789556153 
0.0154494789556153 
0.0154494789556153 
0.0154494789556153 
0.0154494789556153 
0.0154494789556153 
0.0154494789556153 
0.0154494789556153 
0.0154494789556153 
0.0154494789556153 
0.0154494789556153 
0.0154494789556153 
0.015454426420931967 
0.015454426420931967 
0.015454426420931967 
0.015454426420931967 
0.015454426420931967 
0.015454426420931967 
0.015454426420931967 
0.015454426420931967 
0.015454426420931967 
0.015459831823147365 
0.015459831823147365 
0.015459831823147365 
0.015464775976392287 
0.015464775976392287 
0.015464775976392287 
0.015464775976392287 
0.015464775976392287 
0.015464775976392287 
0.015464775976392287 
0.015464775976392287 
0.015464775976392287 
0.015470177762391743 
0.015470177762391743 
0.015470177762391743 
0.015470177762391743 
0.015470177762391743 
0.015470177762391743 
0.015470177762391743 
0.015470177762391743 
0.015470177762391743 
0.015470177762391743 
0.015470177762391743 
0.015470177762391743 
0.015470177762391743 
0.015470177762391743 
0.015470177762391743 
0.015470177762391743 
0.015470177762391743 
0.015470177762391743 
0.015470177762391743 
0.015475118610207806 
0.015475118610207806 
0.015475118610207806 
0.015475118610207806 
0.01548051678723937 
0.01548051678723937 
0.01548051678723937 
0.01548051678723937 
0.01548051678723937 
0.01548051678723937 
0.01548051678723937 
0.01548051678723937 
0.015485454336247288 
0.015485454336247288 
0.015485454336247288 
0.015485454336247288 
0.015485454336247288 
0.015485454336247288 
0.015490848911534835 
0.015490848911534835 
0.015490848911534835 
0.015490848911534835 
0.015490848911534835 
0.015490848911534835 
0.015490848911534835 
0.015490848911534835 
0.015496237478820462 
0.015496237478820462 
0.015496237478820462 
0.015496237478820462 
0.015496237478820462 
0.015496237478820462 
0.015496237478820462 
0.015496237478820462 
0.015496237478820462 
0.015496237478820462 
0.015496237478820462 
0.015496237478820462 
0.015496237478820462 
0.015496237478820462 
0.015496237478820462 
0.015496237478820462 
0.015496237478820462 
0.015496237478820462 
0.015496237478820462 
0.015496237478820462 
0.015496237478820462 
0.015496237478820462 
0.015496237478820462 
0.015496237478820462 
0.015496237478820462 
0.015496237478820462 
0.015496237478820462 
0.015496237478820462 
0.015496237478820462 
0.015496237478820462 
0.015496237478820462 
0.015496237478820462 
0.015496237478820462 
0.015496237478820462 
0.015496237478820462 
0.015496237478820462 
0.015496237478820462 
0.015496237478820462 
0.015496237478820462 
0.015496237478820462 
0.015496237478820462 
0.015496237478820462 
0.015496237478820462 
0.015496237478820462 
0.015496237478820462 
0.015496237478820462 
0.015496237478820462 
0.015496237478820462 
0.015496237478820462 
0.01550117414907658 
0.01550117414907658 
0.01550117414907658 
0.01550117414907658 
0.01550117414907658 
0.01550117414907658 
0.01550117414907658 
0.01550117414907658 
0.01550117414907658 
0.01550117414907658 
0.01550117414907658 
0.01550117414907658 
0.01550117414907658 
0.01550117414907658 
0.01550117414907658 
0.01550117414907658 
0.01550117414907658 
0.015506105120242156 
0.015506105120242156 
0.015506105120242156 
0.015506105120242156 
0.015506105120242156 
0.01551149251361712 
0.01551149251361712 
0.01551149251361712 
0.01551149251361712 
0.01551149251361712 
0.01551149251361712 
0.01551149251361712 
0.01551149251361712 
0.01551149251361712 
0.01551149251361712 
0.01551149251361712 
0.01551149251361712 
0.01551149251361712 
0.01551149251361712 
0.01551149251361712 
0.01551149251361712 
0.01551149251361712 
0.01551149251361712 
0.01551149251361712 
0.01551149251361712 
0.01551149251361712 
0.01551149251361712 
0.01551149251361712 
0.01551149251361712 
0.01551149251361712 
0.01551149251361712 
0.01551149251361712 
0.01551149251361712 
0.01551149251361712 
0.01551149251361712 
0.01551149251361712 
0.01551149251361712 
0.01551149251361712 
0.01551149251361712 
0.01551149251361712 
0.01551149251361712 
0.01551149251361712 
0.01551149251361712 
0.01551149251361712 
0.01551149251361712 
0.01551149251361712 
0.01551149251361712 
0.01551149251361712 
0.01551149251361712 
0.01551149251361712 
0.01551149251361712 
0.01551149251361712 
0.01551149251361712 
0.01551149251361712 
0.01551149251361712 
0.01551149251361712 
0.01551149251361712 
0.01551149251361712 
0.01551149251361712 
0.01551149251361712 
0.01551149251361712 
0.01551149251361712 
0.01551149251361712 
0.01551149251361712 
0.01551149251361712 
0.01551149251361712 
0.01551149251361712 
0.01551149251361712 
0.01551149251361712 
0.01551149251361712 
0.01551149251361712 
0.01551149251361712 
0.01551149251361712 
0.01551149251361712 
0.01551149251361712 
0.015516873911970798 
0.015516873911970798 
0.015516873911970798 
0.015516873911970798 
0.015516873911970798 
0.015516873911970798 
0.015516873911970798 
0.015516873911970798 
0.015516873911970798 
0.015516873911970798 
0.015516873911970798 
0.015516873911970798 
0.015516873911970798 
0.015516873911970798 
0.015516873911970798 
0.015516873911970798 
0.015516873911970798 
0.015516873911970798 
0.015516873911970798 
0.015516873911970798 
0.015516873911970798 
0.015516873911970798 
0.015516873911970798 
0.015516873911970798 
0.015516873911970798 
0.015516873911970798 
0.015516873911970798 
0.015516873911970798 
0.015516873911970798 
0.015516873911970798 
0.015516873911970798 
0.015516873911970798 
0.015516873911970798 
0.015516873911970798 
0.015516873911970798 
0.015516873911970798 
0.015516873911970798 
0.015516873911970798 
0.015516873911970798 
0.015516873911970798 
0.015516873911970798 
0.015516873911970798 
0.015516873911970798 
0.015516873911970798 
0.015516873911970798 
0.015516873911970798 
0.015516873911970798 
0.015516873911970798 
0.015516873911970798 
0.015516873911970798 
0.015516873911970798 
0.015516873911970798 
0.015516873911970798 
0.015516873911970798 
0.015516873911970798 
0.015516873911970798 
0.015516873911970798 
0.015516873911970798 
0.015516873911970798 
0.015516873911970798 
0.015516873911970798 
0.015516873911970798 
0.015516873911970798 
0.015516873911970798 
0.015516873911970798 
0.015516873911970798 
0.015516873911970798 
0.015516873911970798 
0.015516873911970798 
0.015516873911970798 
0.015516873911970798 
0.015516873911970798 
0.015516873911970798 
0.015516873911970798 
0.015516873911970798 
0.015516873911970798 
0.015516873911970798 
0.015516873911970798 
0.015516873911970798 
0.015516873911970798 
0.015516873911970798 
0.015516873911970798 
0.015516873911970798 
0.015522249321538424 
0.015522249321538424 
0.015522249321538424 
0.015522249321538424 
0.015522249321538424 
0.015522249321538424 
0.015522249321538424 
0.015522249321538424 
0.015522249321538424 
0.015522249321538424 
0.015522249321538424 
0.015522249321538424 
0.015522249321538424 
0.015522249321538424 
0.015522249321538424 
0.015522249321538424 
0.015522249321538424 
0.015522249321538424 
0.015522249321538424 
0.015522249321538424 
0.015522249321538424 
0.015522249321538424 
0.015522249321538424 
0.015522249321538424 
0.015522249321538424 
0.015522249321538424 
0.015522249321538424 
0.015522249321538424 
0.015522249321538424 
0.015522249321538424 
0.015522249321538424 
0.015522249321538424 
0.015522249321538424 
0.015522249321538424 
0.015522249321538424 
0.015522249321538424 
0.015522249321538424 
0.015522249321538424 
0.015522249321538424 
0.015522249321538424 
0.015527618748539647 
0.015527618748539647 
0.015527618748539647 
0.015527618748539647 
0.015527618748539647 
0.015527618748539647 
0.015527618748539647 
0.015527618748539647 
0.015527618748539647 
0.015527618748539647 
0.015527618748539647 
0.015527618748539647 
0.015527618748539647 
0.015527618748539647 
0.015532982199178624 
0.015532982199178624 
0.015532982199178624 
0.015532982199178624 
0.015532982199178624 
0.015532982199178624 
0.015532982199178624 
0.015532982199178624 
0.015532982199178624 
0.015532982199178624 
0.015532982199178624 
0.015532982199178624 
0.015532982199178624 
0.015537919551857642 
0.015537919551857642 
0.015537919551857642 
0.015537919551857642 
0.015537919551857642 
0.015537919551857642 
0.015537919551857642 
0.015537919551857642 
0.015537919551857642 
0.015537919551857642 
0.015537919551857642 
0.015537919551857642 
0.015537919551857642 
0.015537919551857642 
0.015543279448044418 
0.015543279448044418 
0.015543279448044418 
0.015543279448044418 
0.015543279448044418 
0.01554863338046145 
0.01554863338046145 
0.01554863338046145 
0.01554863338046145 
0.01554863338046145 
0.01554863338046145 
0.01554863338046145 
0.01554863338046145 
0.01554863338046145 
0.01554863338046145 
0.01554863338046145 
0.01554863338046145 
0.01554863338046145 
0.01554863338046145 
0.01554863338046145 
0.01554863338046145 
0.01554863338046145 
0.01554863338046145 
0.01554863338046145 
0.01554863338046145 
0.01554863338046145 
0.01554863338046145 
0.01554863338046145 
0.01554863338046145 
0.01554863338046145 
0.01554863338046145 
0.01554863338046145 
0.01554863338046145 
0.01554863338046145 
0.01554863338046145 
0.01554863338046145 
0.01554863338046145 
0.01554863338046145 
0.015553981355267213 
0.015553981355267213 
0.015553981355267213 
0.015553981355267213 
0.015553981355267213 
0.015553981355267213 
0.015553981355267213 
0.015553981355267213 
0.015553981355267213 
0.015553981355267213 
0.015553981355267213 
0.015553981355267213 
0.015553981355267213 
0.015553981355267213 
0.015553981355267213 
0.015553981355267213 
0.015553981355267213 
0.015553981355267213 
0.015553981355267213 
0.015553981355267213 
0.015553981355267213 
0.015553981355267213 
0.015553981355267213 
0.015553981355267213 
0.015553981355267213 
0.015553981355267213 
0.015553981355267213 
0.015553981355267213 
0.015553981355267213 
0.015553981355267213 
0.015553981355267213 
0.015553981355267213 
0.015553981355267213 
0.015553981355267213 
0.015559323378604868 
0.015559323378604868 
0.015559323378604868 
0.015559323378604868 
0.015559323378604868 
0.015559323378604868 
0.015559323378604868 
0.015559323378604868 
0.015559323378604868 
0.015559323378604868 
0.015559323378604868 
0.015559323378604868 
0.015559323378604868 
0.015559323378604868 
0.015559323378604868 
0.015559323378604868 
0.015559323378604868 
0.015559323378604868 
0.015564264711190183 
0.015564264711190183 
0.015564264711190183 
0.015564264711190183 
0.015564264711190183 
0.015564264711190183 
0.015564264711190183 
0.015564264711190183 
0.015564264711190183 
0.015564264711190183 
0.015564264711190183 
0.015564264711190183 
0.015564264711190183 
0.015564264711190183 
0.015564264711190183 
0.015564264711190183 
0.015564264711190183 
0.015564264711190183 
0.015564264711190183 
0.015564264711190183 
0.015564264711190183 
0.015564264711190183 
0.015564264711190183 
0.015569603206247744 
0.015569603206247744 
0.015569603206247744 
0.015569603206247744 
0.015569603206247744 
0.015569603206247744 
0.015569603206247744 
0.015569603206247744 
0.015569603206247744 
0.015569603206247744 
0.015569603206247744 
0.015569603206247744 
0.015569603206247744 
0.015569603206247744 
0.015569603206247744 
0.015569603206247744 
0.015569603206247744 
0.015569603206247744 
0.015569603206247744 
0.015569603206247744 
0.015569603206247744 
0.015569603206247744 
0.015569603206247744 
0.015569603206247744 
0.015569603206247744 
0.015574935762307335 
0.015574935762307335 
0.015574935762307335 
0.015574935762307335 
0.015580262385467069 
0.015580262385467069 
0.015580262385467069 
0.015580262385467069 
0.015580262385467069 
0.015580262385467069 
0.015580262385467069 
0.015580262385467069 
0.015580262385467069 
0.015580262385467069 
0.015580262385467069 
0.015580262385467069 
0.015580262385467069 
0.015580262385467069 
0.015580262385467069 
0.015580262385467069 
0.015580262385467069 
0.015580262385467069 
0.015580262385467069 
0.015580262385467069 
0.015580262385467069 
0.015580262385467069 
0.015580262385467069 
0.015580262385467069 
0.015580262385467069 
0.015580262385467069 
0.015580262385467069 
0.015580262385467069 
0.015580262385467069 
0.015580262385467069 
0.015580262385467069 
0.015580262385467069 
0.015580262385467069 
0.015580262385467069 
0.015580262385467069 
0.015580262385467069 
0.015580262385467069 
0.015580262385467069 
0.015580262385467069 
0.015580262385467069 
0.015580262385467069 
0.015580262385467069 
0.015580262385467069 
0.015580262385467069 
0.015580262385467069 
0.015580262385467069 
0.015580262385467069 
0.015580262385467069 
0.015580262385467069 
0.015580262385467069 
0.015580262385467069 
0.015580262385467069 
0.015580262385467069 
0.015580262385467069 
0.015580262385467069 
0.015580262385467069 
0.015580262385467069 
0.015580262385467069 
0.015580262385467069 
0.015580262385467069 
0.015580262385467069 
0.015580262385467069 
0.015580262385467069 
0.015580262385467069 
0.015580262385467069 
0.015580262385467069 
0.015580262385467069 
0.015580262385467069 
0.015580262385467069 
0.015580262385467069 
0.015580262385467069 
0.015580262385467069 
0.015580262385467069 
0.015585583081809932 
0.015585583081809932 
0.015585583081809932 
0.015585583081809932 
0.015585583081809932 
0.015585583081809932 
0.015585583081809932 
0.015585583081809932 
0.015585583081809932 
0.015585583081809932 
0.015585583081809932 
0.015585583081809932 
0.015585583081809932 
0.015585583081809932 
0.015585583081809932 
0.015585583081809932 
0.015585583081809932 
0.015585583081809932 
0.015585583081809932 
0.015585583081809932 
0.015585583081809932 
0.015585583081809932 
0.015585583081809932 
0.015585583081809932 
0.015585583081809932 
0.015590897857403852 
0.015590897857403852 
0.015590897857403852 
0.015590897857403852 
0.015590897857403852 
0.015590897857403852 
0.015590897857403852 
0.015590897857403852 
0.015590897857403852 
0.015590897857403852 
0.015590897857403852 
0.015590897857403852 
0.015590897857403852 
0.015590897857403852 
0.015590897857403852 
0.015590897857403852 
0.015590897857403852 
0.015590897857403852 
0.015590897857403852 
0.015590897857403852 
0.015590897857403852 
0.015590897857403852 
0.015590897857403852 
0.015590897857403852 
0.015590897857403852 
0.015590897857403852 
0.015590897857403852 
0.015590897857403852 
0.015590897857403852 
0.015590897857403852 
0.015590897857403852 
0.015590897857403852 
0.015590897857403852 
0.015590897857403852 
0.015590897857403852 
0.015590897857403852 
0.015590897857403852 
0.015590897857403852 
0.015590897857403852 
0.015590897857403852 
0.015590897857403852 
0.015590897857403852 
0.015590897857403852 
0.015590897857403852 
0.015590897857403852 
0.015590897857403852 
0.015590897857403852 
0.015590897857403852 
0.015590897857403852 
0.015590897857403852 
0.015590897857403852 
0.015590897857403852 
0.015595845600671995 
0.015595845600671995 
0.015595845600671995 
0.015595845600671995 
0.015595845600671995 
0.015595845600671995 
0.015595845600671995 
0.015595845600671995 
0.015595845600671995 
0.015595845600671995 
0.015595845600671995 
0.015595845600671995 
0.015595845600671995 
0.015595845600671995 
0.015595845600671995 
0.015595845600671995 
0.015595845600671995 
0.015595845600671995 
0.015595845600671995 
0.015595845600671995 
0.015595845600671995 
0.015595845600671995 
0.015595845600671995 
0.015595845600671995 
0.015595845600671995 
0.015595845600671995 
0.015595845600671995 
0.015595845600671995 
0.015595845600671995 
0.015595845600671995 
0.015595845600671995 
0.015595845600671995 
0.015595845600671995 
0.015595845600671995 
0.015595845600671995 
0.015595845600671995 
0.015595845600671995 
0.015595845600671995 
0.015595845600671995 
0.015595845600671995 
0.015595845600671995 
0.015595845600671995 
0.015595845600671995 
0.015595845600671995 
0.015595845600671995 
0.015595845600671995 
0.015595845600671995 
0.015595845600671995 
0.015595845600671995 
0.015595845600671995 
0.015595845600671995 
0.015595845600671995 
0.015595845600671995 
0.015595845600671995 
0.015595845600671995 
0.015595845600671995 
0.015595845600671995 
0.015595845600671995 
0.015595845600671995 
0.015595845600671995 
0.015595845600671995 
0.015595845600671995 
0.015595845600671995 
0.015595845600671995 
0.015595845600671995 
0.015595845600671995 
0.015595845600671995 
0.015595845600671995 
0.015595845600671995 
0.015606101370938225 
0.015606101370938225 
0.015606101370938225 
0.015606101370938225 
0.015606101370938225 
0.015606101370938225 
0.015611409161251269 
0.015611409161251269 
0.015611409161251269 
0.015611409161251269 
0.015611409161251269 
0.015611409161251269 
0.015611409161251269 
0.015611409161251269 
0.015611409161251269 
0.015611409161251269 
0.015611409161251269 
0.015611409161251269 
0.015611409161251269 
0.015611409161251269 
0.015611409161251269 
0.015611409161251269 
0.015611409161251269 
0.015611409161251269 
0.015611409161251269 
0.015611409161251269 
0.015611409161251269 
0.015611409161251269 
0.015611409161251269 
0.015611409161251269 
0.015611409161251269 
0.015611409161251269 
0.015611409161251269 
0.015611409161251269 
0.015611409161251269 
0.015611409161251269 
0.015611409161251269 
0.015611409161251269 
0.015616350405904705 
0.015616350405904705 
0.015616350405904705 
0.015616350405904705 
0.015616350405904705 
0.015616350405904705 
0.015616350405904705 
0.015616350405904705 
0.015616350405904705 
0.015616350405904705 
0.015616350405904705 
0.015616350405904705 
0.015616350405904705 
0.015616350405904705 
0.015616350405904705 
0.015616350405904705 
0.015616350405904705 
0.015616350405904705 
0.015616350405904705 
0.015616350405904705 
0.015616350405904705 
0.015616350405904705 
0.015616350405904705 
0.015616350405904705 
0.015616350405904705 
0.015616350405904705 
0.015616350405904705 
0.015616350405904705 
0.015616350405904705 
0.015616350405904705 
0.015616350405904705 
0.015616350405904705 
0.015616350405904705 
0.015616350405904705 
0.015616350405904705 
0.015616350405904705 
0.015616350405904705 
0.015616350405904705 
0.015616350405904705 
0.015616350405904705 
0.015616350405904705 
0.015616350405904705 
0.015616350405904705 
0.015616350405904705 
0.015616350405904705 
0.015616350405904705 
0.015616350405904705 
0.015616350405904705 
0.015616350405904705 
0.015616350405904705 
0.015616350405904705 
0.015616350405904705 
0.015616350405904705 
0.015616350405904705 
0.015616350405904705 
0.015616350405904705 
