0.33181977157214376 
0.3322322645863594 
0.33196540864985646 
0.331492059990653 
0.33171941833119256 
0.33168484523622993 
0.33198263802957123 
0.3330318002254843 
0.33327994257514365 
0.3334594869520763 
0.3338871893472107 
0.33486807019180453 
0.33505439812631443 
0.3353134275299969 
0.33521960268690953 
0.3350361510046889 
0.3349008184777823 
0.3349674461650847 
0.335044667038815 
0.3358377403973363 
0.33574050761307045 
0.3357638775324244 
0.3360130493593911 
0.33613270878248236 
0.3368573746371056 
0.33679674764436657 
0.33866116213203556 
0.3386783959509546 
0.3391048740723403 
0.33973863645268376 
0.3400293112814679 
0.3398657507661295 
0.34050210632500394 
0.3404022762967134 
0.34119930543149196 
0.3418275871328568 
0.34199724506109697 
0.34214566380633343 
0.3427068722454786 
0.3428349798212238 
0.34308863772475007 
0.34360588968952516 
0.34405167194384495 
0.3451815460795201 
0.3448642888944068 
0.34570033921539894 
0.34580959293578123 
0.3463279732438155 
0.34624918528920506 
0.34732440846451573 
0.3476713851901325 
0.3482741539883819 
0.3485929554880388 
0.34850410891374634 
0.3493033723285761 
0.3504204098203152 
0.3503250498397966 
0.3513738442037015 
0.3520255575848537 
0.3526658751329257 
0.3525191865942968 
0.35322339760434357 
0.35380869167995577 
0.353312956950908 
0.3544558825388306 
0.3547775008729418 
0.3551055912944885 
0.35541178561376474 
0.3563462316027895 
0.3563333979060993 
0.35633439541858963 
0.35635393800395093 
0.3565354400461637 
0.35734881407112024 
0.35712512652226114 
0.3574725655658672 
0.357783286288059 
0.3572065776285733 
0.35837512460029863 
0.3592270509090384 
0.3598990444298654 
0.3606085278489083 
0.3613435278191148 
0.3624542696483662 
0.3622676276907961 
0.36228514749207186 
0.36179696370159753 
0.36171752395118606 
0.36206162393882185 
0.3625446942244043 
0.363291425342906 
0.36334910549301763 
0.36415694911634966 
0.36391815216602585 
0.36361319026585015 
0.36340300021662514 
0.3629396548036995 
0.3634831528463401 
0.3642522674899743 
0.3636573338896456 
0.3639576981988471 
0.36380374697816664 
0.3635180289142367 
0.3641570520442168 
0.3642275558131111 
0.36522499812312925 
0.36519759414985276 
0.36512804518215725 
0.36497994745021317 
0.36474781378044113 
0.3647590453623774 
0.36471411561648254 
0.36492937099411554 
0.36451299962222533 
0.3645626716233487 
0.3656334550477072 
0.36569940381086524 
0.3652519600503361 
0.36559895061821396 
0.36542389288276234 
0.3653575264321503 
0.3653331079437557 
0.3656948199609505 
0.3657181868953733 
0.36574134936755204 
0.3661066412074759 
0.3661812388525776 
0.3670942553461287 
0.3669610869451161 
0.36755077941864306 
0.36786558910763084 
0.3678094554338765 
0.36785922836255136 
0.36776896663841396 
0.3684016832513767 
0.368495336983835 
0.36824997350638555 
0.3686032345331773 
0.36894429626268355 
0.3691499018550746 
0.36896668952035094 
0.3691790866064351 
0.36900346173367266 
0.36924310476997696 
0.36924310476997696 
0.3695651507271733 
0.3695085125876289 
0.3696987549269851 
0.3688962489117307 
0.3688962489117307 
0.36875811566064837 
0.3686119621853478 
0.3687804601193369 
0.3695105927089305 
0.36939233096885077 
0.3697998561532669 
0.36973273800764367 
0.369638344348659 
0.3700495970702352 
0.3704956341992052 
0.3703708975711827 
0.37077791090319884 
0.3706753773402633 
0.3699047396350439 
0.36933723815127983 
0.3691687022920419 
0.3693504352566506 
0.3690367758210807 
0.36866188392439575 
0.36892202880901376 
0.36871005228616915 
0.3691293711301984 
0.3690066117409789 
0.36811827899950134 
0.3683773842699574 
0.368445583999025 
0.3687916121316173 
0.36841435677117707 
0.36866320650725687 
0.36864374561156366 
0.36875886900670934 
0.36861776582045175 
0.3685566607829829 
0.3684670367296791 
0.36907365237984024 
0.3690871291490971 
0.369586545203567 
0.3695062061317377 
0.36973156567992455 
0.37045634540013656 
0.3705673767664311 
0.3707724418256724 
0.3707724418256724 
0.37124300009260885 
0.37080760553454145 
0.3709540539386467 
0.371023805497965 
0.371023805497965 
0.37136472315692753 
0.3713347066031963 
0.3711830149772986 
0.3719290188724705 
0.3723456850716136 
0.3727442234059015 
0.3730156985314731 
0.3730156985314731 
0.373543978392603 
0.37367372780577823 
0.3737441118252194 
0.37357817902132834 
0.37357817902132834 
0.3736990876659085 
0.3736535116961936 
0.37362469845295543 
0.3734173382477516 
0.37387629975626946 
0.3740168685229361 
0.3743048377044739 
0.37429172028299434 
0.37452401697286986 
0.3748729707343494 
0.37450472038795235 
0.3746683221269974 
0.37396095240831767 
0.3739333697119994 
0.37326254905103606 
0.37296493107227546 
0.37281126931824854 
0.3730045402467967 
0.37329383294144897 
0.37390729335368367 
0.3740307626547144 
0.3741800861819414 
0.3739508769630115 
0.37455080501612426 
0.3744425412323229 
0.3744425412323229 
0.37396199615890974 
0.37396199615890974 
0.37347328888346853 
0.37313411702786925 
0.37313411702786925 
0.3731807472009349 
0.3731146031909583 
0.3732256611381379 
0.37328975155941796 
0.37328975155941796 
0.37331856743602765 
0.37294623013990597 
0.3732211371117893 
0.3729310037120101 
0.37361112081405384 
0.37329602611719953 
0.3732332671312474 
0.37353778325608133 
0.37376557563535046 
0.37376557563535046 
0.3740770769597044 
0.3740057687471788 
0.37403020828762085 
0.37393394716951983 
0.37393394716951983 
0.3743562160550896 
0.3743194505650764 
0.3744634359569035 
0.37461354011902254 
0.3745684815491721 
0.3746666244865675 
0.37465389848318753 
0.3745149264133423 
0.3742051908297819 
0.3740696012871288 
0.37395511051241076 
0.3737005579403152 
0.3736823868711678 
0.3737633683254991 
0.3736685680242601 
0.3736856603046352 
0.3734893944676661 
0.37352129683861285 
0.37352129683861285 
0.37373752773322183 
0.3741547220119593 
0.3734293567538349 
0.37315189395903947 
0.37315189395903947 
0.37303016232893665 
0.37303016232893665 
0.37322350467576554 
0.3726407315716709 
0.37251688701586083 
0.3723331199181107 
0.3723094088813733 
0.3722518793362276 
0.3722518793362276 
0.37240660958088306 
0.3722004746351992 
0.37195372477433764 
0.37195372477433764 
0.37195372477433764 
0.37195372477433764 
0.371680081757427 
0.37151916958981956 
0.37157344759810673 
0.3713582117337188 
0.3716271946578248 
0.3716271946578248 
0.37097471198589166 
0.3713301708850208 
0.3713301708850208 
0.3709804629560735 
0.3708223265922006 
0.3707552038783582 
0.3707894463547022 
0.3707894463547022 
0.3709222570293808 
0.37111625092961825 
0.37102929525166295 
0.37102929525166295 
0.3709502687002574 
0.3709928978730567 
0.3709928978730567 
0.3709149162668614 
0.3709149162668614 
0.37171733573666765 
0.37182014673747116 
0.37182014673747116 
0.37182014673747116 
0.3715221770832601 
0.37163686227052845 
0.37163686227052845 
0.37163686227052845 
0.3718354787575819 
0.3718354787575819 
0.3718354787575819 
0.3715366824511701 
0.3714141300374549 
0.37149256673917896 
0.3717795828784447 
0.37148033120289303 
0.37153633813026227 
0.37153633813026227 
0.3717589188452221 
0.3720122643911463 
0.3720122643911463 
0.3721922651308022 
0.37250435203285504 
0.3722456001590272 
0.3720026727124026 
0.371729936931232 
0.37185254163359943 
0.37185254163359943 
0.37181272741226284 
0.37181272741226284 
0.37188034050951396 
0.37188034050951396 
0.371700859411089 
0.3715824133526565 
0.3715824133526565 
0.3715824133526565 
0.3715824133526565 
0.37194153802928304 
0.372086994068995 
0.372086994068995 
0.372086994068995 
0.3725195732743983 
0.3725195732743983 
0.3725195732743983 
0.37246489294950197 
0.372328458475422 
0.37252702664651977 
0.37252702664651977 
0.37252702664651977 
0.37252702664651977 
0.3725278141580972 
0.3725278141580972 
0.37256698853758496 
0.37256698853758496 
0.37256698853758496 
0.37243933180786065 
0.37243933180786065 
0.37243933180786065 
0.37243933180786065 
0.3722882236944962 
0.37240683054425294 
0.37216253253204135 
0.37216253253204135 
0.3723331466953877 
0.37220746606938787 
0.37247520526245453 
0.37265122724770594 
0.37265122724770594 
0.37265122724770594 
0.37265122724770594 
0.37265122724770594 
0.3723660463012987 
0.37246842028324156 
0.37246842028324156 
0.37246842028324156 
0.37246842028324156 
0.37246842028324156 
0.3720646224551209 
0.3720646224551209 
0.3720646224551209 
0.3720646224551209 
0.3720646224551209 
0.3720646224551209 
0.37195871787512885 
0.37195871787512885 
0.37195871787512885 
0.37195871787512885 
0.37195871787512885 
0.37195871787512885 
0.37195871787512885 
0.37195871787512885 
0.37195871787512885 
0.37195871787512885 
0.37195871787512885 
0.37185539268180373 
0.37241517533783397 
0.3726019121537047 
0.3726019121537047 
0.3726019121537047 
0.3726019121537047 
0.37226802698364025 
0.37226802698364025 
0.3724449723766316 
0.3724449723766316 
0.3721132736406624 
0.3721132736406624 
0.3721132736406624 
0.3721132736406624 
0.3723017462127085 
0.3723017462127085 
0.3725009803786943 
0.3725009803786943 
0.37237681064486594 
0.3720166985380905 
0.3720166985380905 
0.3719530452490884 
0.3719530452490884 
0.37180798312783114 
0.37180798312783114 
0.37180798312783114 
0.37180798312783114 
0.37180798312783114 
0.37180798312783114 
0.3715109258594812 
0.3715109258594812 
0.3715109258594812 
0.3715109258594812 
0.3715109258594812 
0.3715109258594812 
0.3715109258594812 
0.3715109258594812 
0.3715109258594812 
0.3715109258594812 
0.3715109258594812 
0.3715109258594812 
0.3711922702123051 
0.3711922702123051 
0.3711922702123051 
0.37102308906642273 
0.37090511153995487 
0.37090511153995487 
0.37090511153995487 
0.37101043477198675 
0.37101043477198675 
0.37101043477198675 
0.37101043477198675 
0.37109403362043697 
0.37109403362043697 
0.37109403362043697 
0.37109403362043697 
0.37091954968649654 
0.37091954968649654 
0.37091954968649654 
0.37119117595849105 
0.37119117595849105 
0.37119117595849105 
0.37119117595849105 
0.37119117595849105 
0.37119117595849105 
0.37119117595849105 
0.37119117595849105 
0.3708395767991708 
0.3706852210559566 
0.3706852210559566 
0.3706852210559566 
0.37080676090428266 
0.37071960902971685 
0.37071960902971685 
0.3704814991551874 
0.3704814991551874 
0.3704814991551874 
0.3704814991551874 
0.3704814991551874 
0.3708016663207291 
0.3708016663207291 
0.37040114594785917 
0.37041441416060683 
0.37041441416060683 
0.37041441416060683 
0.37041441416060683 
0.37080117205428287 
0.37080117205428287 
0.37080117205428287 
0.37080117205428287 
0.37060383289007776 
0.37060383289007776 
0.37060383289007776 
0.37060383289007776 
0.37060383289007776 
0.37060383289007776 
0.37060383289007776 
0.37060383289007776 
0.37060383289007776 
0.37060383289007776 
0.37042517483418524 
0.37042517483418524 
0.37042517483418524 
0.370029100221641 
0.370029100221641 
0.3698808728764016 
0.3698808728764016 
0.3698808728764016 
0.3698808728764016 
0.3698808728764016 
0.3698808728764016 
0.3698808728764016 
0.3698808728764016 
0.3698808728764016 
0.3698808728764016 
0.3698808728764016 
0.3698808728764016 
0.3698808728764016 
0.3698808728764016 
0.3698808728764016 
0.3698808728764016 
0.3698808728764016 
0.3696379775568249 
0.3696379775568249 
0.3696379775568249 
0.3696379775568249 
0.3696379775568249 
0.3696379775568249 
0.37008585388866033 
0.37008585388866033 
0.37008585388866033 
0.37008585388866033 
0.37008585388866033 
0.37008585388866033 
0.37008585388866033 
0.37008585388866033 
0.37008585388866033 
0.37008585388866033 
0.37008585388866033 
0.37008585388866033 
0.3699871630336556 
0.3699871630336556 
0.3699871630336556 
0.3699871630336556 
0.3699871630336556 
0.3699871630336556 
0.3699871630336556 
0.3699871630336556 
0.3696788686156379 
0.3696788686156379 
0.3696788686156379 
0.3696788686156379 
0.3696788686156379 
0.3696788686156379 
0.3696788686156379 
0.3696788686156379 
0.3696788686156379 
0.3696788686156379 
0.3696788686156379 
0.36974714665982444 
0.36974714665982444 
0.36974714665982444 
0.3697536523587845 
0.3697536523587845 
0.3691578956434857 
0.3691578956434857 
0.36944172874118314 
0.36944172874118314 
0.36944172874118314 
0.36944172874118314 
0.36944172874118314 
0.36944172874118314 
0.36944172874118314 
0.36944172874118314 
0.36944172874118314 
0.36944172874118314 
0.36944172874118314 
0.36944172874118314 
0.36944172874118314 
0.36944172874118314 
0.36944172874118314 
0.36944172874118314 
0.36944172874118314 
0.36944172874118314 
0.36944172874118314 
0.36944172874118314 
0.36944172874118314 
0.36944172874118314 
0.36944172874118314 
0.36944172874118314 
0.36944172874118314 
0.36944172874118314 
0.36944172874118314 
0.36944172874118314 
0.36965945864602034 
0.36965945864602034 
0.36965945864602034 
0.36965945864602034 
0.36965945864602034 
0.36965945864602034 
0.36965945864602034 
0.36965945864602034 
0.3696648077432969 
0.3695135843073687 
0.3695135843073687 
0.3695135843073687 
0.3695135843073687 
0.36910086148572485 
0.36910086148572485 
0.36910086148572485 
0.36910086148572485 
0.36910086148572485 
0.36910086148572485 
0.36910086148572485 
0.36910086148572485 
0.3689893423421653 
0.3689893423421653 
0.3689893423421653 
0.3689893423421653 
0.3689893423421653 
0.3689893423421653 
0.3689893423421653 
0.3689893423421653 
0.3689198323017697 
0.3689198323017697 
0.3689198323017697 
0.3689198323017697 
0.3689198323017697 
0.3689198323017697 
0.3689198323017697 
0.3689198323017697 
0.3689198323017697 
0.3689198323017697 
0.3689198323017697 
0.3689198323017697 
0.3689198323017697 
0.3689198323017697 
0.3689198323017697 
0.3689198323017697 
0.3689198323017697 
0.3689198323017697 
0.3689198323017697 
0.3689198323017697 
0.3689198323017697 
0.3689198323017697 
0.3689198323017697 
0.3689198323017697 
0.3689198323017697 
0.3689198323017697 
0.3689198323017697 
0.3689198323017697 
0.3689198323017697 
0.3689198323017697 
0.3689198323017697 
0.3689198323017697 
0.3689198323017697 
0.3689198323017697 
0.3689198323017697 
0.3689198323017697 
0.3689198323017697 
0.3689198323017697 
0.3689198323017697 
0.3689198323017697 
0.3689198323017697 
0.3689198323017697 
0.3689198323017697 
0.3689198323017697 
0.3689198323017697 
0.3689198323017697 
0.3689198323017697 
0.3689198323017697 
0.3689198323017697 
0.3689198323017697 
0.3689198323017697 
0.3689198323017697 
0.3689198323017697 
0.3689198323017697 
0.36902347474860875 
0.36902347474860875 
0.36902347474860875 
0.36902347474860875 
0.36902347474860875 
0.36902347474860875 
0.36902347474860875 
0.36902347474860875 
0.36902347474860875 
0.36902347474860875 
0.36902347474860875 
0.36902347474860875 
0.36902347474860875 
0.36902347474860875 
0.36902347474860875 
0.36902347474860875 
0.36902347474860875 
0.36902347474860875 
0.36902347474860875 
0.36902347474860875 
0.36902347474860875 
0.36902347474860875 
0.36902347474860875 
0.36902347474860875 
0.36902347474860875 
0.36902347474860875 
0.36902347474860875 
0.36902347474860875 
0.36902347474860875 
0.36902347474860875 
0.36902347474860875 
0.36902347474860875 
0.36902347474860875 
0.36902347474860875 
0.36902347474860875 
0.36922673036239073 
0.36922673036239073 
0.36922673036239073 
0.36922673036239073 
0.36922673036239073 
0.36922673036239073 
0.36922673036239073 
0.36922673036239073 
0.36922673036239073 
0.36922673036239073 
0.36922673036239073 
0.36922673036239073 
0.36922673036239073 
0.36922673036239073 
0.36950935990976624 
0.36950935990976624 
0.36950935990976624 
0.36950935990976624 
0.36950935990976624 
0.36950935990976624 
0.36950935990976624 
0.36950935990976624 
0.36950935990976624 
0.36950935990976624 
0.36950935990976624 
0.36950935990976624 
0.36950935990976624 
0.36950935990976624 
0.36950935990976624 
0.36950935990976624 
0.36950935990976624 
0.36950935990976624 
0.36950935990976624 
0.36950935990976624 
0.36950935990976624 
0.36950935990976624 
0.36950935990976624 
0.36950935990976624 
0.36950935990976624 
0.36950935990976624 
0.36950935990976624 
0.36950935990976624 
0.36950935990976624 
0.36950935990976624 
0.36950935990976624 
0.36950935990976624 
0.36950935990976624 
0.36950935990976624 
0.36950935990976624 
0.36950935990976624 
0.36950935990976624 
0.36950935990976624 
0.36950935990976624 
0.36950935990976624 
0.36950935990976624 
0.36950935990976624 
0.36950935990976624 
0.36950935990976624 
0.36950935990976624 
0.36950935990976624 
0.36950935990976624 
0.36950935990976624 
0.36950935990976624 
0.36950935990976624 
0.36950935990976624 
0.36950935990976624 
0.36950935990976624 
0.36950935990976624 
0.36950935990976624 
0.3693570168214734 
0.3693570168214734 
0.3693570168214734 
0.3693570168214734 
0.3693570168214734 
0.36926742169470844 
0.36926742169470844 
0.36926742169470844 
0.36926742169470844 
0.36926742169470844 
0.36926742169470844 
0.36926742169470844 
0.36926742169470844 
0.36926742169470844 
0.36926742169470844 
0.36926742169470844 
0.36926742169470844 
0.36926742169470844 
0.36926742169470844 
0.36926742169470844 
0.36926742169470844 
0.36926742169470844 
0.36926742169470844 
0.36926742169470844 
0.36926742169470844 
0.36926742169470844 
0.36926742169470844 
0.36926742169470844 
0.36926742169470844 
0.36926742169470844 
0.36926742169470844 
0.36926742169470844 
0.36926742169470844 
0.36926742169470844 
0.3691864483887524 
0.3691864483887524 
0.3691864483887524 
0.3691864483887524 
0.3691864483887524 
0.3691864483887524 
0.3691864483887524 
0.3691864483887524 
0.3691864483887524 
0.3691864483887524 
0.3691864483887524 
0.3691864483887524 
0.3691864483887524 
0.3691864483887524 
0.3691864483887524 
0.36915837090710674 
0.36915837090710674 
0.36915837090710674 
0.36915837090710674 
0.36915837090710674 
0.36915837090710674 
0.36915837090710674 
0.36915837090710674 
0.36915837090710674 
0.36915837090710674 
0.36915837090710674 
0.36915837090710674 
0.36915837090710674 
0.36915837090710674 
0.36915837090710674 
0.36915837090710674 
0.36915837090710674 
0.36915837090710674 
0.36915837090710674 
0.36915837090710674 
0.36915837090710674 
0.36915837090710674 
0.36915837090710674 
0.36915837090710674 
0.36915837090710674 
0.36915837090710674 
0.36915837090710674 
0.36915837090710674 
0.36915837090710674 
0.36915837090710674 
0.36915837090710674 
0.36915837090710674 
0.36915837090710674 
0.36915837090710674 
0.36915837090710674 
0.36915837090710674 
0.36915837090710674 
0.36915837090710674 
0.36915837090710674 
0.36915837090710674 
0.36915837090710674 
0.36915837090710674 
0.36915837090710674 
0.36923545751179676 
0.36923545751179676 
0.36923545751179676 
0.36923545751179676 
0.36923545751179676 
0.36923545751179676 
0.36923545751179676 
0.36923545751179676 
0.36923545751179676 
0.36923545751179676 
0.36923545751179676 
0.36923545751179676 
0.36923545751179676 
0.36923545751179676 
0.36923545751179676 
0.36923545751179676 
0.36923545751179676 
0.36923545751179676 
0.36923545751179676 
0.36923545751179676 
0.36923545751179676 
0.36923545751179676 
0.36923545751179676 
0.36923545751179676 
0.36923545751179676 
0.36923545751179676 
0.36923545751179676 
0.36923545751179676 
0.36923545751179676 
0.36923545751179676 
0.36923545751179676 
0.36923545751179676 
0.36923545751179676 
0.36923545751179676 
0.36923545751179676 
0.36923545751179676 
0.36923545751179676 
0.36923545751179676 
0.36923545751179676 
0.36923545751179676 
0.36923545751179676 
0.36923545751179676 
0.36923545751179676 
0.36923545751179676 
0.36923545751179676 
0.36923545751179676 
0.36923545751179676 
0.36923545751179676 
0.36923545751179676 
0.36923545751179676 
0.36923545751179676 
0.36923545751179676 
0.36923545751179676 
0.36923545751179676 
0.36923545751179676 
0.36923545751179676 
0.36923545751179676 
0.36923545751179676 
0.36923545751179676 
0.36923545751179676 
0.36923545751179676 
0.36923545751179676 
0.36923545751179676 
0.36923545751179676 
0.36923545751179676 
0.36923545751179676 
0.36923545751179676 
0.36923545751179676 
0.36923545751179676 
0.36923545751179676 
0.36923545751179676 
0.36923545751179676 
0.36923545751179676 
0.36923545751179676 
0.36923545751179676 
0.36923545751179676 
0.36923545751179676 
0.36923545751179676 
0.36923545751179676 
0.36923545751179676 
0.36923545751179676 
0.36923545751179676 
0.36923545751179676 
0.36923545751179676 
0.36923545751179676 
0.36923545751179676 
0.36923545751179676 
0.36923545751179676 
0.36923545751179676 
0.36923545751179676 
0.36923545751179676 
0.36923545751179676 
0.36923545751179676 
0.36923545751179676 
0.36923545751179676 
0.36923545751179676 
0.36923545751179676 
0.36923545751179676 
0.36923545751179676 
0.36923545751179676 
0.36923545751179676 
0.36923545751179676 
0.36923545751179676 
0.36923545751179676 
0.36923545751179676 
0.36923545751179676 
0.36923545751179676 
0.36923545751179676 
0.36923545751179676 
0.36923545751179676 
0.36923545751179676 
0.36923545751179676 
0.36923545751179676 
0.36923545751179676 
0.36923545751179676 
0.36923545751179676 
0.36923545751179676 
0.36923545751179676 
0.36923545751179676 
0.36923545751179676 
0.36923545751179676 
0.36923545751179676 
0.36923545751179676 
0.36923545751179676 
0.36923545751179676 
0.36923545751179676 
0.36923545751179676 
0.36923545751179676 
0.36923545751179676 
0.36923545751179676 
0.36923545751179676 
0.36923545751179676 
0.36923545751179676 
0.36923545751179676 
0.36923545751179676 
0.36923545751179676 
0.36923545751179676 
0.36923545751179676 
0.36923545751179676 
0.36923545751179676 
0.36923545751179676 
0.36923545751179676 
0.36923545751179676 
0.36923545751179676 
0.36923545751179676 
0.36923545751179676 
0.36923545751179676 
0.36923545751179676 
0.36923545751179676 
0.36923545751179676 
0.36923545751179676 
0.36923545751179676 
0.36923545751179676 
0.36923545751179676 
0.36923545751179676 
0.36923545751179676 
0.36923545751179676 
0.36923545751179676 
0.3690092897094069 
0.3690092897094069 
0.3690092897094069 
0.3690092897094069 
0.3690092897094069 
0.36904245199855146 
0.36904245199855146 
0.36904245199855146 
0.36904245199855146 
0.36904245199855146 
0.36904245199855146 
0.36904245199855146 
0.36904245199855146 
0.36904245199855146 
0.36904245199855146 
0.36904245199855146 
0.36904245199855146 
0.36904245199855146 
0.36904245199855146 
0.36904245199855146 
0.36904245199855146 
0.36904245199855146 
0.36904245199855146 
0.36904245199855146 
0.36904245199855146 
0.36904245199855146 
0.36904245199855146 
0.36904245199855146 
0.36904245199855146 
0.36904245199855146 
0.36904245199855146 
0.36904245199855146 
0.36904245199855146 
0.36904245199855146 
0.36904245199855146 
0.36904245199855146 
0.36904245199855146 
0.36904245199855146 
0.36904245199855146 
0.36904245199855146 
0.36904245199855146 
0.36904245199855146 
0.36904245199855146 
0.36904245199855146 
0.36904245199855146 
0.36904245199855146 
0.36904245199855146 
0.36904245199855146 
0.36904245199855146 
0.36904245199855146 
0.36904245199855146 
0.36904245199855146 
0.36904245199855146 
0.36904245199855146 
0.36904245199855146 
0.36904245199855146 
0.36904245199855146 
0.36904245199855146 
0.36904245199855146 
0.36904245199855146 
0.36904245199855146 
0.36904245199855146 
0.36904245199855146 
0.36904245199855146 
0.36904245199855146 
0.3691935993719691 
0.3691935993719691 
0.3691935993719691 
0.3691935993719691 
0.3691935993719691 
0.3691935993719691 
0.3691935993719691 
0.3691935993719691 
0.36912447272849763 
0.36912447272849763 
0.36912447272849763 
0.36912447272849763 
0.36912447272849763 
0.36912447272849763 
0.36912447272849763 
0.36912447272849763 
0.36912447272849763 
0.36912447272849763 
0.36912447272849763 
0.36912447272849763 
0.36912447272849763 
0.36912447272849763 
0.36912447272849763 
0.36912447272849763 
0.36912447272849763 
0.36912447272849763 
0.36912447272849763 
0.36912447272849763 
0.36912447272849763 
0.36912447272849763 
0.36912447272849763 
0.36912447272849763 
0.36912447272849763 
0.3689986208229734 
0.3689986208229734 
0.3689986208229734 
0.3689986208229734 
0.3689986208229734 
0.3689986208229734 
0.3689986208229734 
0.3689986208229734 
0.3687098630896132 
0.3687098630896132 
0.3687098630896132 
0.3687098630896132 
0.3687098630896132 
0.3687098630896132 
0.3687098630896132 
0.3687098630896132 
0.3687098630896132 
0.3687098630896132 
0.36849280154314445 
0.36849280154314445 
0.36849280154314445 
0.36849280154314445 
0.3685662947607075 
0.3685662947607075 
0.3685662947607075 
0.3685662947607075 
0.3685662947607075 
0.3685662947607075 
0.3685662947607075 
0.3682371390750689 
0.3682371390750689 
0.3682371390750689 
0.3682371390750689 
0.3682371390750689 
0.36805014104685563 
0.36805014104685563 
0.36805014104685563 
0.36805014104685563 
0.36805014104685563 
0.36805014104685563 
0.36805014104685563 
0.36805014104685563 
0.36805014104685563 
0.36805014104685563 
0.36805014104685563 
0.36805014104685563 
0.36805014104685563 
0.36805014104685563 
0.36805014104685563 
0.36805014104685563 
0.36805014104685563 
0.36805014104685563 
0.36805014104685563 
0.36805014104685563 
0.36805014104685563 
0.36805014104685563 
0.36805014104685563 
0.36805014104685563 
0.36805014104685563 
0.36805014104685563 
0.36805014104685563 
0.36805014104685563 
0.3678681220432097 
0.3678681220432097 
0.3678681220432097 
0.36788269605463564 
0.36788269605463564 
0.36787900136069296 
0.36787900136069296 
0.36787900136069296 
0.36787900136069296 
0.36787900136069296 
0.36787900136069296 
0.3678805505783598 
0.3678805505783598 
0.3678805505783598 
0.3678805505783598 
0.3678805505783598 
0.3678805505783598 
0.3678805505783598 
0.3678805505783598 
0.3678805505783598 
0.3678805505783598 
0.3677998165444535 
0.3677998165444535 
0.3677998165444535 
0.3677998165444535 
0.3677998165444535 
0.3677998165444535 
0.3677998165444535 
0.3677998165444535 
0.3677998165444535 
0.3677998165444535 
0.3677998165444535 
0.3677998165444535 
0.3677998165444535 
0.3677998165444535 
0.3677998165444535 
0.3677000846722313 
0.3677000846722313 
0.3677000846722313 
0.36783225296156563 
0.36783225296156563 
0.36783225296156563 
0.36783225296156563 
0.36783225296156563 
0.36783225296156563 
0.36783225296156563 
0.36783225296156563 
0.36783225296156563 
0.36751094228462633 
0.36751094228462633 
0.36751094228462633 
0.36751094228462633 
0.36751094228462633 
0.36751094228462633 
0.36751094228462633 
0.36751094228462633 
0.36751094228462633 
0.36751094228462633 
0.36751094228462633 
0.36751094228462633 
0.36751094228462633 
0.36751094228462633 
0.36751094228462633 
0.36751094228462633 
0.36751094228462633 
0.36751094228462633 
0.36751094228462633 
0.36751094228462633 
0.36751094228462633 
0.36751094228462633 
0.36751094228462633 
0.36751094228462633 
0.36751094228462633 
0.36751094228462633 
0.36751094228462633 
0.36751094228462633 
0.36751094228462633 
0.36751094228462633 
0.36751094228462633 
0.36751094228462633 
0.36751094228462633 
0.36751094228462633 
0.36751094228462633 
0.36751094228462633 
0.36744608818377233 
0.36744608818377233 
0.36744608818377233 
0.36744608818377233 
0.36744608818377233 
0.3673075489249095 
0.3673075489249095 
0.3673075489249095 
0.3671005645421823 
0.3671005645421823 
0.3671005645421823 
0.3671005645421823 
0.36682752454113315 
0.36682752454113315 
0.36682752454113315 
0.36682752454113315 
0.36653041124412383 
0.36653041124412383 
0.36653041124412383 
0.36653041124412383 
0.36653041124412383 
0.36653041124412383 
0.36653041124412383 
0.36653041124412383 
0.36653041124412383 
0.36653041124412383 
0.36653041124412383 
0.36653041124412383 
0.36653041124412383 
0.36653041124412383 
0.36653041124412383 
0.3662143272650909 
0.3662143272650909 
0.3662143272650909 
0.3662143272650909 
0.3662143272650909 
0.3662143272650909 
0.3662143272650909 
0.3662143272650909 
0.36592747410598203 
0.36592747410598203 
0.36592747410598203 
0.36592747410598203 
0.36592747410598203 
0.36592747410598203 
0.36592747410598203 
0.36592747410598203 
0.36592747410598203 
0.36592747410598203 
0.36592747410598203 
0.36592747410598203 
0.36592747410598203 
0.36592747410598203 
0.36592747410598203 
0.36592747410598203 
0.36592747410598203 
0.36592747410598203 
0.36592747410598203 
0.36592747410598203 
0.36592747410598203 
0.36592747410598203 
0.36592747410598203 
0.366005217349666 
0.366005217349666 
0.366005217349666 
0.366005217349666 
0.3656775246396191 
0.3656775246396191 
0.3656775246396191 
0.3653962133164807 
0.3653962133164807 
0.3653962133164807 
0.3653962133164807 
0.3653962133164807 
0.3653962133164807 
0.3653962133164807 
0.3653962133164807 
0.3653962133164807 
0.3653962133164807 
0.3653962133164807 
0.3653962133164807 
0.3653962133164807 
0.3652550538902873 
0.3652550538902873 
0.3652550538902873 
0.3652550538902873 
0.3652550538902873 
0.3652550538902873 
0.3652550538902873 
0.3652550538902873 
0.3648724900203102 
0.3648724900203102 
0.3648724900203102 
0.3648724900203102 
0.3648724900203102 
0.3648724900203102 
0.3648724900203102 
0.3648724900203102 
0.3648724900203102 
0.3644277580614666 
0.36438482714497206 
0.3643619547679511 
0.3643619547679511 
0.3643619547679511 
0.3643619547679511 
0.3643619547679511 
0.3643619547679511 
0.3643619547679511 
0.3643619547679511 
0.3643619547679511 
0.3643619547679511 
0.3643619547679511 
0.3643619547679511 
0.3643619547679511 
0.36426554111094744 
0.36426554111094744 
0.36426554111094744 
0.36426554111094744 
0.36426554111094744 
0.36426554111094744 
0.36426554111094744 
0.36426554111094744 
0.36426554111094744 
0.36426554111094744 
0.36426554111094744 
0.36426554111094744 
0.36426554111094744 
0.36426554111094744 
0.36426554111094744 
0.36426554111094744 
0.36426554111094744 
0.36426554111094744 
0.36426554111094744 
0.36426554111094744 
0.36426554111094744 
0.36426554111094744 
0.36426554111094744 
0.36426554111094744 
0.36426554111094744 
0.36426554111094744 
0.36426554111094744 
0.36399320815076674 
0.36399320815076674 
0.36399320815076674 
0.36399320815076674 
0.36399320815076674 
0.36399320815076674 
0.36399320815076674 
0.36399320815076674 
0.36399320815076674 
0.36399320815076674 
0.36399320815076674 
0.36399320815076674 
0.36399320815076674 
0.36399320815076674 
0.36399320815076674 
0.36399320815076674 
0.36399320815076674 
0.36399320815076674 
0.36399320815076674 
0.36399320815076674 
0.36399320815076674 
0.36399320815076674 
0.36399320815076674 
0.3640550947263848 
0.3640550947263848 
0.3640550947263848 
0.3640550947263848 
0.3640550947263848 
0.3640550947263848 
0.3640550947263848 
0.3640550947263848 
0.3640550947263848 
0.3640550947263848 
0.3640550947263848 
0.3640550947263848 
0.3640550947263848 
0.3640550947263848 
0.3640550947263848 
0.3640550947263848 
0.3640550947263848 
0.3640550947263848 
0.36384402717872005 
0.36384402717872005 
0.36384402717872005 
0.36384402717872005 
0.36384402717872005 
0.36384402717872005 
0.36384402717872005 
0.36384402717872005 
0.36384402717872005 
0.36384402717872005 
0.36384402717872005 
0.36384402717872005 
0.36384402717872005 
0.36384402717872005 
0.36384402717872005 
0.36384402717872005 
0.36384402717872005 
0.36384402717872005 
0.36384402717872005 
0.36384402717872005 
0.36384402717872005 
0.36384402717872005 
0.36384402717872005 
0.36384402717872005 
0.36368499212224076 
0.36368499212224076 
0.36368499212224076 
0.36368499212224076 
0.3635914953254442 
0.3635914953254442 
0.3635914953254442 
0.3635914953254442 
0.3635914953254442 
0.3635914953254442 
0.3635914953254442 
0.3635914953254442 
0.3635914953254442 
0.3635914953254442 
0.3635914953254442 
0.3635914953254442 
0.3635914953254442 
0.3635914953254442 
0.3635914953254442 
0.3635914953254442 
0.3635914953254442 
0.3635914953254442 
0.3635914953254442 
0.3634379611795405 
0.3634379611795405 
0.3634379611795405 
0.3634379611795405 
0.3634379611795405 
0.3634379611795405 
0.3634379611795405 
0.3634379611795405 
0.3634379611795405 
0.3634379611795405 
0.3634379611795405 
0.3634379611795405 
0.3634379611795405 
0.3634379611795405 
0.3634379611795405 
0.3634379611795405 
0.3634379611795405 
0.3634379611795405 
0.3634379611795405 
0.3634379611795405 
0.3634379611795405 
0.3634379611795405 
0.3634379611795405 
0.3634379611795405 
0.3634379611795405 
0.3634379611795405 
0.3634379611795405 
0.3634379611795405 
0.3634379611795405 
0.3634379611795405 
0.3634379611795405 
0.3632878162262914 
0.3632878162262914 
0.3632878162262914 
0.3632878162262914 
0.3632878162262914 
0.3632878162262914 
0.3632878162262914 
0.3632878162262914 
0.3632878162262914 
0.3632878162262914 
0.3632878162262914 
0.3632878162262914 
0.3632878162262914 
0.3632878162262914 
0.3632878162262914 
0.3632878162262914 
0.3632878162262914 
0.3632878162262914 
0.3632878162262914 
0.3632878162262914 
0.3632878162262914 
0.3632878162262914 
0.3632878162262914 
0.3632878162262914 
0.3632878162262914 
0.3632878162262914 
0.3632878162262914 
0.3632878162262914 
0.3632878162262914 
0.3632878162262914 
0.3632878162262914 
0.3632878162262914 
0.3632878162262914 
0.3632878162262914 
0.3632878162262914 
0.3632878162262914 
0.3632878162262914 
0.3632878162262914 
0.36312726493206604 
0.36312726493206604 
0.363183375062155 
0.363183375062155 
0.363183375062155 
0.363183375062155 
0.363183375062155 
0.36312992895143137 
0.36312992895143137 
0.36312992895143137 
0.36312992895143137 
0.36312992895143137 
0.36312992895143137 
0.36312992895143137 
0.36312992895143137 
0.36312992895143137 
0.36312992895143137 
0.362903415047959 
0.362903415047959 
0.362903415047959 
0.362903415047959 
0.362903415047959 
0.362903415047959 
0.362903415047959 
0.362903415047959 
0.362903415047959 
0.362903415047959 
0.362903415047959 
0.3630455350147692 
0.3630455350147692 
0.3630455350147692 
0.3630455350147692 
0.3630455350147692 
0.3630455350147692 
0.3630455350147692 
0.3630455350147692 
0.3630455350147692 
0.3630455350147692 
0.3630455350147692 
0.3630455350147692 
0.3630455350147692 
0.3630455350147692 
0.3630455350147692 
0.3630455350147692 
0.3630455350147692 
0.3630455350147692 
0.3630455350147692 
0.3630455350147692 
0.36302078246514663 
0.36302078246514663 
0.36302078246514663 
0.36302078246514663 
0.36302078246514663 
0.36302078246514663 
0.36302078246514663 
0.3628486718284148 
0.3628486718284148 
0.3628486718284148 
0.3628486718284148 
0.3628486718284148 
0.3628486718284148 
0.3628486718284148 
0.3628486718284148 
0.3628486718284148 
0.3628486718284148 
0.3628486718284148 
0.3628486718284148 
0.3625861622386353 
0.3625861622386353 
0.3625861622386353 
0.3625861622386353 
0.3625861622386353 
0.3625861622386353 
0.3625861622386353 
0.3625861622386353 
0.3625861622386353 
0.3625861622386353 
0.3625861622386353 
0.3625861622386353 
0.3625861622386353 
0.3625861622386353 
0.3625861622386353 
0.3625861622386353 
0.3625861622386353 
0.3625861622386353 
0.3625861622386353 
0.3625861622386353 
0.3625861622386353 
0.3625861622386353 
0.3625861622386353 
0.3625861622386353 
0.3625861622386353 
0.3625861622386353 
0.3625861622386353 
0.3625861622386353 
0.3625861622386353 
0.3625861622386353 
0.3625861622386353 
0.3625861622386353 
0.3625861622386353 
0.3625861622386353 
0.3625861622386353 
0.3625861622386353 
0.3625861622386353 
0.3625861622386353 
0.3625861622386353 
0.362444668787265 
0.362444668787265 
0.362444668787265 
0.362444668787265 
0.362444668787265 
0.362444668787265 
0.362444668787265 
0.362444668787265 
0.36256987180068534 
0.36256987180068534 
0.36256987180068534 
0.36256987180068534 
0.36256987180068534 
0.36256987180068534 
0.36256987180068534 
0.36256987180068534 
0.36256987180068534 
0.36256987180068534 
0.36256987180068534 
0.36256987180068534 
0.36256987180068534 
0.36256987180068534 
0.36256987180068534 
0.36256987180068534 
0.36256987180068534 
0.36256987180068534 
0.36256987180068534 
0.36256987180068534 
0.36256987180068534 
0.36256987180068534 
0.36256987180068534 
0.36256987180068534 
0.36256987180068534 
0.36256987180068534 
0.36256987180068534 
0.36256987180068534 
0.36256987180068534 
0.36256987180068534 
0.36256987180068534 
0.36256987180068534 
0.36256987180068534 
0.36256987180068534 
0.3621960115757964 
0.3621960115757964 
0.3621960115757964 
0.3621960115757964 
0.3621960115757964 
0.3621960115757964 
0.3621960115757964 
0.3621960115757964 
0.3621960115757964 
0.3621960115757964 
0.3621960115757964 
0.3621960115757964 
0.3621960115757964 
0.3621960115757964 
0.3621960115757964 
0.3621960115757964 
0.3621960115757964 
0.3621960115757964 
0.3621960115757964 
0.3621960115757964 
0.3621960115757964 
0.36188955880945395 
0.36188955880945395 
0.36188955880945395 
0.36188955880945395 
0.36188955880945395 
0.36188955880945395 
0.36188955880945395 
0.36188955880945395 
0.36188955880945395 
0.36188955880945395 
0.36188955880945395 
0.36188955880945395 
0.36188955880945395 
0.36189041690305346 
0.36189041690305346 
0.36189041690305346 
0.36189041690305346 
0.36189041690305346 
0.36189041690305346 
0.36189041690305346 
0.36197864468294283 
0.36197864468294283 
0.36197864468294283 
0.36197864468294283 
0.36197864468294283 
0.36197864468294283 
0.36197864468294283 
0.36191626381396746 
0.36191626381396746 
0.36191626381396746 
0.36191626381396746 
0.36191626381396746 
0.3618216370096941 
0.3618216370096941 
0.3618190891405437 
0.3618190891405437 
0.3618190891405437 
0.3618454059988024 
0.3618454059988024 
0.3618454059988024 
0.3618454059988024 
0.3618454059988024 
0.3618454059988024 
0.3618454059988024 
0.3618454059988024 
0.3618454059988024 
0.3618454059988024 
0.3618454059988024 
0.3618454059988024 
0.3618454059988024 
0.3618454059988024 
0.3618454059988024 
0.3618454059988024 
0.3618454059988024 
0.3618454059988024 
0.3618454059988024 
0.3618454059988024 
0.3618454059988024 
0.3618454059988024 
0.3618454059988024 
0.3618454059988024 
0.3618454059988024 
0.3618454059988024 
0.3618454059988024 
0.3618454059988024 
0.3618454059988024 
0.3618454059988024 
0.3618454059988024 
0.3618454059988024 
0.3618454059988024 
0.3618454059988024 
0.3618454059988024 
0.36167880165238053 
0.36167880165238053 
0.3616147561592942 
0.36154049911472413 
0.36154049911472413 
0.36154049911472413 
0.36154049911472413 
0.36154049911472413 
0.36154049911472413 
0.36154049911472413 
0.36154049911472413 
0.36144724075811163 
0.36144724075811163 
0.36144724075811163 
0.36144724075811163 
0.36144724075811163 
0.36144724075811163 
0.36144724075811163 
0.36144724075811163 
0.36144724075811163 
0.36144724075811163 
0.36144724075811163 
0.36144724075811163 
0.36144724075811163 
0.36144724075811163 
0.36144724075811163 
0.36144724075811163 
0.36144724075811163 
0.36144724075811163 
0.36144724075811163 
0.36144724075811163 
0.36144724075811163 
0.36144724075811163 
0.36144724075811163 
0.3614514888568039 
0.3614514888568039 
0.3614514888568039 
0.3614514888568039 
0.3614514888568039 
0.3614514888568039 
0.3614514888568039 
0.3614514888568039 
0.3614514888568039 
0.3614514888568039 
0.3613562669403619 
0.3613562669403619 
0.3613562669403619 
0.3613562669403619 
0.3613562669403619 
0.3613562669403619 
0.3613562669403619 
0.3613562669403619 
0.3613562669403619 
0.3613562669403619 
0.3613562669403619 
0.3613562669403619 
0.3613562669403619 
0.3613562669403619 
0.3613562669403619 
0.3613562669403619 
0.3613562669403619 
0.3613562669403619 
0.3613562669403619 
0.3613562669403619 
0.3613562669403619 
0.3613562669403619 
0.3613562669403619 
0.3613562669403619 
0.3613562669403619 
0.3613562669403619 
0.3613562669403619 
0.3613562669403619 
0.3613562669403619 
0.3613562669403619 
0.3613562669403619 
0.3613562669403619 
0.3613562669403619 
0.3613562669403619 
0.3613562669403619 
0.3613562669403619 
0.3613562669403619 
0.3613562669403619 
0.3613562669403619 
0.3613562669403619 
0.3613562669403619 
0.36123549394934834 
0.3611051627275782 
0.3611051627275782 
0.3611051627275782 
0.3611051627275782 
0.3611051627275782 
0.3611051627275782 
0.3611051627275782 
0.3611051627275782 
0.3610442084585825 
0.3610442084585825 
0.3610442084585825 
0.3610442084585825 
0.3610442084585825 
0.3610442084585825 
0.3610442084585825 
0.3610442084585825 
0.3610442084585825 
0.3610442084585825 
0.3611098086637771 
0.3611098086637771 
0.3611098086637771 
0.3611098086637771 
0.3611098086637771 
0.3611098086637771 
0.3611098086637771 
0.3611098086637771 
0.3611098086637771 
0.3611098086637771 
0.3611098086637771 
0.3611098086637771 
0.3611098086637771 
0.3611098086637771 
0.3611098086637771 
0.3611098086637771 
0.3611098086637771 
0.3611098086637771 
0.3611098086637771 
0.3611098086637771 
0.3611098086637771 
0.3611098086637771 
0.3611098086637771 
0.3611098086637771 
0.3611098086637771 
0.3611098086637771 
0.3611098086637771 
0.3611098086637771 
0.3611098086637771 
0.3611098086637771 
0.3611098086637771 
0.3611098086637771 
0.3611098086637771 
0.3611098086637771 
0.3611098086637771 
0.36119595218616235 
0.36118486659597626 
0.36118486659597626 
0.36118486659597626 
0.36118486659597626 
0.36118486659597626 
0.36118486659597626 
0.36118486659597626 
0.36118486659597626 
0.36118486659597626 
0.36115032256136786 
0.36115032256136786 
0.36115032256136786 
0.36115032256136786 
0.36115032256136786 
0.36115032256136786 
0.36115032256136786 
0.36115032256136786 
0.36115032256136786 
0.36115032256136786 
0.36115032256136786 
0.36127530113639905 
0.36128286884086314 
0.36128286884086314 
0.36128286884086314 
0.36128286884086314 
0.36128286884086314 
0.36128286884086314 
0.36128286884086314 
0.36128286884086314 
0.36128286884086314 
0.36128286884086314 
0.3614050845695789 
0.3614050845695789 
0.3614050845695789 
0.3614050845695789 
0.3614050845695789 
0.3614050845695789 
0.3614050845695789 
0.3614050845695789 
0.3614050845695789 
0.3614050845695789 
0.3614050845695789 
0.3614050845695789 
0.3614050845695789 
0.3614050845695789 
0.3614050845695789 
0.36146965648103124 
0.36146965648103124 
0.36146965648103124 
0.36146965648103124 
0.36146965648103124 
0.36146965648103124 
0.36146965648103124 
0.36146965648103124 
0.36146965648103124 
0.36146965648103124 
0.36146965648103124 
0.36146965648103124 
0.36146965648103124 
0.36146965648103124 
0.36146965648103124 
0.36146965648103124 
0.36146965648103124 
0.36146965648103124 
0.36137068678406153 
0.36137068678406153 
0.36137068678406153 
0.36137068678406153 
0.36137068678406153 
0.36137068678406153 
0.36137068678406153 
0.36137068678406153 
0.36137068678406153 
0.36137068678406153 
0.36137068678406153 
0.36137068678406153 
0.36137068678406153 
0.36137068678406153 
0.36137068678406153 
0.36137068678406153 
0.36137068678406153 
0.36137068678406153 
0.36138342864395856 
0.36138342864395856 
0.36138342864395856 
0.36138342864395856 
0.36138342864395856 
0.36138342864395856 
0.36138342864395856 
0.36138342864395856 
0.36138342864395856 
0.36138342864395856 
0.36138342864395856 
0.36138342864395856 
0.36147080581881796 
0.36147080581881796 
0.36147080581881796 
0.3614130195142931 
0.3614130195142931 
0.3614130195142931 
0.3614130195142931 
0.3613476443212193 
0.3613476443212193 
0.3613476443212193 
0.3613476443212193 
0.3613476443212193 
0.3613476443212193 
0.3613476443212193 
0.3613476443212193 
0.3613476443212193 
0.3613476443212193 
0.3613476443212193 
0.3613476443212193 
0.3613476443212193 
0.3613476443212193 
0.3613476443212193 
0.3613476443212193 
0.3613476443212193 
0.3613476443212193 
0.3613476443212193 
0.3613476443212193 
0.3613476443212193 
0.3613476443212193 
0.3613476443212193 
0.3613476443212193 
0.3613476443212193 
0.3613476443212193 
0.3613476443212193 
0.3613476443212193 
0.3613476443212193 
0.3613476443212193 
0.3613476443212193 
0.3613476443212193 
0.3613476443212193 
0.361428171685517 
0.361428171685517 
0.3612264573905977 
0.3611993608627678 
0.3611993608627678 
0.3611993608627678 
0.3611993608627678 
0.3611993608627678 
0.3611993608627678 
0.3611993608627678 
0.3611993608627678 
0.3611993608627678 
0.3611993608627678 
0.3611993608627678 
0.3611993608627678 
0.3611993608627678 
0.3611993608627678 
0.3611993608627678 
0.3611993608627678 
0.3611993608627678 
0.3611993608627678 
0.3611993608627678 
0.3611993608627678 
0.3611993608627678 
0.3611993608627678 
0.3609621147387994 
0.3609621147387994 
0.3609621147387994 
0.3609621147387994 
0.3609621147387994 
0.3609621147387994 
0.3609621147387994 
0.3609621147387994 
0.3609621147387994 
0.3609621147387994 
0.3609621147387994 
0.3609621147387994 
0.3609621147387994 
0.3609621147387994 
0.3609621147387994 
0.3609621147387994 
0.3609621147387994 
0.3609621147387994 
0.3609621147387994 
0.3609621147387994 
0.3609621147387994 
0.3609621147387994 
0.3609621147387994 
0.3609621147387994 
0.3609621147387994 
0.3609621147387994 
0.3609621147387994 
0.3609621147387994 
0.3609621147387994 
0.3609621147387994 
0.3609621147387994 
0.3609621147387994 
0.3609621147387994 
0.3609621147387994 
0.3609621147387994 
0.3609621147387994 
0.3609621147387994 
0.3609621147387994 
0.3609621147387994 
0.3609621147387994 
0.3609621147387994 
0.3609621147387994 
0.3609621147387994 
0.360994249383739 
0.360994249383739 
0.360994249383739 
0.360994249383739 
0.360994249383739 
0.360994249383739 
0.360994249383739 
0.360994249383739 
0.360994249383739 
0.360994249383739 
0.360994249383739 
0.360994249383739 
0.360994249383739 
0.360994249383739 
0.360994249383739 
0.360994249383739 
0.360994249383739 
0.360994249383739 
0.360994249383739 
0.360994249383739 
0.360994249383739 
0.360994249383739 
0.360994249383739 
0.360994249383739 
0.360994249383739 
0.360994249383739 
0.360994249383739 
0.360994249383739 
0.360994249383739 
0.360994249383739 
0.360994249383739 
0.360994249383739 
0.360994249383739 
0.360994249383739 
0.360994249383739 
0.360994249383739 
0.360994249383739 
0.360994249383739 
0.360994249383739 
0.360994249383739 
0.360994249383739 
0.360994249383739 
0.360994249383739 
0.360994249383739 
0.360994249383739 
0.360994249383739 
0.360994249383739 
0.360994249383739 
0.360994249383739 
0.360994249383739 
0.360994249383739 
0.360994249383739 
0.3608887109006096 
0.3608887109006096 
0.3608887109006096 
0.3608887109006096 
0.3608887109006096 
0.3608887109006096 
0.3608887109006096 
0.3608887109006096 
0.3608887109006096 
0.3608887109006096 
0.3608887109006096 
0.3608887109006096 
0.3608887109006096 
0.3608887109006096 
0.3608887109006096 
0.3608887109006096 
0.3608887109006096 
0.3608887109006096 
0.3608887109006096 
0.3608887109006096 
0.3608887109006096 
0.3608887109006096 
0.3608887109006096 
0.3608887109006096 
0.3608887109006096 
0.3608887109006096 
0.3608887109006096 
0.3608887109006096 
0.3608887109006096 
0.3608887109006096 
0.3608887109006096 
0.3608887109006096 
0.3608887109006096 
0.3608887109006096 
0.3608887109006096 
0.3608887109006096 
0.36064906284496157 
0.36064906284496157 
0.36064906284496157 
0.36064906284496157 
0.36064906284496157 
0.36064906284496157 
0.36064906284496157 
0.36064906284496157 
0.36064906284496157 
0.36064906284496157 
0.36064906284496157 
0.36064906284496157 
0.36064906284496157 
0.36064906284496157 
0.36064906284496157 
0.36064906284496157 
0.36064906284496157 
0.36064906284496157 
0.36064906284496157 
0.36064906284496157 
0.36064906284496157 
0.36064906284496157 
0.36064906284496157 
0.36064906284496157 
0.36064906284496157 
0.36064906284496157 
0.36064906284496157 
0.36064906284496157 
0.36064906284496157 
0.36064906284496157 
0.36064906284496157 
0.36064906284496157 
0.36064906284496157 
0.36064906284496157 
0.36064906284496157 
0.36064906284496157 
0.36064906284496157 
0.36064906284496157 
0.36064906284496157 
0.36064906284496157 
0.36064906284496157 
0.36064906284496157 
0.36064906284496157 
0.36074598758371124 
0.36074598758371124 
0.36074598758371124 
0.36074598758371124 
0.36065623083242465 
0.36065623083242465 
0.36065623083242465 
0.36065623083242465 
0.36065623083242465 
0.36065623083242465 
0.36065623083242465 
0.36065623083242465 
0.36065623083242465 
0.36065623083242465 
0.36065623083242465 
0.36065623083242465 
0.36065623083242465 
0.36065623083242465 
0.36065623083242465 
0.36065623083242465 
0.36065623083242465 
0.36065623083242465 
0.36065623083242465 
0.36065623083242465 
0.36065623083242465 
0.36065623083242465 
0.36065623083242465 
0.36065623083242465 
0.36065623083242465 
0.36065623083242465 
0.36065623083242465 
0.36065623083242465 
0.36065623083242465 
0.36065623083242465 
0.36065623083242465 
0.36080627673313437 
0.36080627673313437 
0.36080627673313437 
0.36079246166029305 
0.36079246166029305 
0.36079246166029305 
0.36079246166029305 
0.36079246166029305 
0.36079246166029305 
0.36079246166029305 
0.36079246166029305 
0.36079246166029305 
0.36079246166029305 
0.36079246166029305 
0.36079246166029305 
0.36079246166029305 
0.36079246166029305 
0.36079246166029305 
0.36079246166029305 
0.36079246166029305 
0.36079246166029305 
0.36079246166029305 
0.36079246166029305 
0.36079246166029305 
0.36079246166029305 
0.36079246166029305 
0.36079246166029305 
0.36079246166029305 
0.36079246166029305 
0.36079246166029305 
0.36079246166029305 
0.36079246166029305 
0.36079246166029305 
0.36079246166029305 
0.36079246166029305 
0.36079246166029305 
0.36079246166029305 
0.36079246166029305 
0.36079246166029305 
0.36079246166029305 
0.36079246166029305 
0.36079246166029305 
0.36079246166029305 
0.36079246166029305 
0.36079246166029305 
0.36079246166029305 
0.36079246166029305 
0.36079246166029305 
0.36079246166029305 
0.36079246166029305 
0.36079246166029305 
0.36079246166029305 
0.36079246166029305 
0.36079246166029305 
0.36079246166029305 
0.36079246166029305 
0.36079246166029305 
0.36079246166029305 
0.36079246166029305 
0.36079246166029305 
0.36079246166029305 
0.36079246166029305 
0.36079246166029305 
0.3607316148245891 
0.3607316148245891 
0.3607316148245891 
0.3607316148245891 
0.3607316148245891 
0.36062405232703015 
0.36062405232703015 
0.36062405232703015 
0.36062405232703015 
0.36062405232703015 
0.36062405232703015 
0.36062405232703015 
0.36062405232703015 
0.36062405232703015 
0.36062405232703015 
0.36062405232703015 
0.36062405232703015 
0.36062405232703015 
0.36062405232703015 
0.36062405232703015 
0.36062405232703015 
0.36062405232703015 
0.36062405232703015 
0.36062405232703015 
0.36062405232703015 
0.36062405232703015 
0.36062405232703015 
0.36062405232703015 
0.36062405232703015 
0.36062405232703015 
0.36062405232703015 
0.36062405232703015 
0.36062405232703015 
0.36062405232703015 
0.36062405232703015 
0.36062405232703015 
0.36062405232703015 
0.36062405232703015 
0.36062405232703015 
0.36062405232703015 
0.36062405232703015 
0.36062405232703015 
0.36062405232703015 
0.36062405232703015 
0.3604128412547749 
0.3604128412547749 
0.36036030846370043 
0.36036030846370043 
0.36036030846370043 
0.36036030846370043 
0.36036030846370043 
0.36036030846370043 
0.36036030846370043 
0.36036030846370043 
0.3601950483793107 
0.3601950483793107 
0.3601950483793107 
0.3601950483793107 
0.3601950483793107 
0.3601950483793107 
0.3601950483793107 
0.3601950483793107 
0.3601950483793107 
0.3601950483793107 
0.3601950483793107 
0.3601950483793107 
0.3601950483793107 
0.3601950483793107 
0.3601950483793107 
0.3601950483793107 
0.3601950483793107 
0.3601950483793107 
0.3601950483793107 
0.3601950483793107 
0.3601950483793107 
0.3601950483793107 
0.3601950483793107 
0.3601950483793107 
0.3601950483793107 
0.3601950483793107 
0.3601950483793107 
0.3601950483793107 
0.3601950483793107 
0.3601950483793107 
0.3601950483793107 
0.3601950483793107 
0.3601950483793107 
0.3601950483793107 
0.3601950483793107 
0.3601950483793107 
0.3601950483793107 
0.3601950483793107 
0.3601950483793107 
0.3601950483793107 
0.36024292649951967 
0.36024292649951967 
0.36024292649951967 
0.36024292649951967 
0.36024292649951967 
0.36024292649951967 
0.36024292649951967 
0.36024292649951967 
0.36024292649951967 
0.36024292649951967 
0.36024292649951967 
0.36024292649951967 
0.36019684243026306 
0.36019684243026306 
0.36019684243026306 
0.36019684243026306 
0.36019684243026306 
0.36019684243026306 
0.36019684243026306 
0.36019684243026306 
0.36019684243026306 
0.36019684243026306 
0.36019684243026306 
0.36019684243026306 
0.36019684243026306 
0.36019684243026306 
0.36019684243026306 
0.36019684243026306 
0.36019684243026306 
0.36019684243026306 
0.36019684243026306 
0.36019684243026306 
0.36019684243026306 
0.36019684243026306 
0.36019684243026306 
0.36019684243026306 
0.36019684243026306 
0.36019684243026306 
0.36019684243026306 
0.36019684243026306 
0.36019684243026306 
0.36019684243026306 
0.36019684243026306 
0.36019684243026306 
0.36019684243026306 
0.36019684243026306 
0.36019684243026306 
0.36019684243026306 
0.36019684243026306 
0.36019684243026306 
0.36019684243026306 
0.36019684243026306 
0.36019684243026306 
0.36019684243026306 
0.36019684243026306 
0.36019684243026306 
0.36019684243026306 
0.36019684243026306 
0.36019684243026306 
0.36019684243026306 
0.36019684243026306 
0.36019684243026306 
0.36019684243026306 
0.36019684243026306 
0.36019684243026306 
0.36019684243026306 
0.36019684243026306 
0.36019684243026306 
0.36019684243026306 
0.36019684243026306 
0.36019684243026306 
0.36019684243026306 
0.36019684243026306 
0.36019684243026306 
0.36019684243026306 
0.36019684243026306 
0.36019684243026306 
0.36019684243026306 
0.36019684243026306 
0.36019684243026306 
0.36019684243026306 
0.36019684243026306 
0.36019684243026306 
0.36019684243026306 
0.36019684243026306 
0.36019684243026306 
0.36019684243026306 
0.36019684243026306 
0.36019684243026306 
0.36019684243026306 
0.36019684243026306 
0.36019684243026306 
0.36019684243026306 
0.36019684243026306 
0.36019684243026306 
0.36019684243026306 
0.36019684243026306 
0.36019684243026306 
0.36019684243026306 
0.36019684243026306 
0.36019684243026306 
0.36043479814371004 
0.36043479814371004 
0.36043479814371004 
0.36043479814371004 
0.36043479814371004 
0.36043479814371004 
0.36041219105536076 
0.36041219105536076 
0.36041219105536076 
0.36041219105536076 
0.36041219105536076 
0.36041219105536076 
0.36041219105536076 
0.36041219105536076 
0.36041219105536076 
0.36041219105536076 
0.36041219105536076 
0.36041219105536076 
0.36041219105536076 
0.36041219105536076 
0.36041219105536076 
0.3603202839274124 
0.3603202839274124 
0.3603202839274124 
0.36017832140236516 
0.3601016757930307 
0.3601016757930307 
0.3601016757930307 
0.3601016757930307 
0.3601016757930307 
0.3601016757930307 
0.3601016757930307 
0.3601016757930307 
0.3601016757930307 
0.3601016757930307 
0.3601016757930307 
0.3601016757930307 
0.3601016757930307 
0.3601016757930307 
0.3601016757930307 
0.3601016757930307 
0.3601016757930307 
0.3601016757930307 
0.3601016757930307 
0.3601016757930307 
0.3601016757930307 
0.3601016757930307 
0.3601016757930307 
0.3601016757930307 
0.3601016757930307 
0.3601016757930307 
0.3601016757930307 
0.3601016757930307 
0.3601016757930307 
0.3601016757930307 
0.3601016757930307 
0.3601016757930307 
0.3601016757930307 
0.3601016757930307 
0.3601016757930307 
0.3601016757930307 
0.3601016757930307 
0.3601016757930307 
0.3601016757930307 
0.3601016757930307 
0.3601016757930307 
0.3601016757930307 
0.3601016757930307 
0.3601016757930307 
0.3601016757930307 
0.3601016757930307 
0.3601016757930307 
0.3601016757930307 
0.3601016757930307 
0.3601016757930307 
0.3601016757930307 
0.3601016757930307 
0.3601016757930307 
0.3601016757930307 
0.3601016757930307 
0.3601016757930307 
0.3601016757930307 
0.3601016757930307 
0.3601016757930307 
0.3601016757930307 
0.3601016757930307 
0.3601016757930307 
0.3601016757930307 
0.3601016757930307 
0.3601016757930307 
0.3601016757930307 
0.3601016757930307 
0.3601016757930307 
0.3601016757930307 
0.3601016757930307 
0.3601016757930307 
0.3601016757930307 
0.3601016757930307 
0.3601016757930307 
0.3601016757930307 
0.3601016757930307 
0.3601016757930307 
0.3601016757930307 
0.3601016757930307 
0.3601016757930307 
0.3601016757930307 
0.3601016757930307 
0.3601016757930307 
0.3601016757930307 
0.3601016757930307 
0.3601016757930307 
0.3601016757930307 
0.3601016757930307 
0.3601016757930307 
0.3601016757930307 
0.3601016757930307 
0.3601016757930307 
0.3601016757930307 
0.3601016757930307 
0.3601016757930307 
0.3601016757930307 
0.3601016757930307 
0.3601016757930307 
0.3601016757930307 
0.3601016757930307 
0.3601016757930307 
0.3601016757930307 
0.3601016757930307 
0.3601016757930307 
0.3601016757930307 
0.3601016757930307 
0.3601016757930307 
0.3601016757930307 
0.3601016757930307 
0.3601016757930307 
0.3601016757930307 
0.3601016757930307 
0.3601016757930307 
0.3601016757930307 
0.3601016757930307 
0.3601016757930307 
0.3601016757930307 
0.3601016757930307 
0.3601016757930307 
0.3601016757930307 
0.3601016757930307 
0.3601016757930307 
0.3601016757930307 
0.3601016757930307 
0.3601016757930307 
0.3601016757930307 
0.3601016757930307 
0.3601016757930307 
0.3601016757930307 
0.3601016757930307 
0.3601016757930307 
0.3601016757930307 
0.3601016757930307 
0.3599987672272441 
0.3599987672272441 
0.3599987672272441 
0.3599987672272441 
0.3599987672272441 
0.3599987672272441 
0.3599987672272441 
0.3599987672272441 
0.3599987672272441 
0.3599987672272441 
0.3599987672272441 
0.3599987672272441 
0.3599987672272441 
0.3599987672272441 
0.3599987672272441 
0.3599987672272441 
0.3599987672272441 
0.3599987672272441 
0.3599987672272441 
0.3599987672272441 
0.3599987672272441 
0.3599987672272441 
0.3599987672272441 
0.3599987672272441 
0.3599987672272441 
0.3599987672272441 
0.3599987672272441 
0.3599987672272441 
0.3599987672272441 
0.3599987672272441 
0.3599987672272441 
0.36006653535006833 
0.36006653535006833 
0.36006653535006833 
0.36006653535006833 
0.36006653535006833 
0.36006653535006833 
0.36006653535006833 
0.36006653535006833 
0.36006653535006833 
0.36006653535006833 
0.36006653535006833 
0.36006653535006833 
0.36006653535006833 
0.36006653535006833 
0.36006653535006833 
0.36006653535006833 
0.36006653535006833 
0.36006653535006833 
0.36006653535006833 
0.36006653535006833 
0.36006653535006833 
0.36006653535006833 
0.36006653535006833 
0.36006653535006833 
0.36006653535006833 
0.36006653535006833 
0.36006653535006833 
0.36006653535006833 
0.36006653535006833 
0.36006653535006833 
0.36006653535006833 
0.36006653535006833 
0.36006653535006833 
0.36006653535006833 
0.36006653535006833 
0.36006653535006833 
0.36006653535006833 
0.3599505682989782 
0.3599505682989782 
0.3599505682989782 
0.3599505682989782 
0.3599505682989782 
0.3599505682989782 
0.3599505682989782 
0.3599505682989782 
0.3599505682989782 
0.3596181372290676 
0.3596181372290676 
0.3596181372290676 
0.35941586213660354 
0.35941586213660354 
0.35941586213660354 
0.35941586213660354 
0.35941586213660354 
0.35941586213660354 
0.35941586213660354 
0.35941586213660354 
0.35941586213660354 
0.35938416747351465 
0.35938416747351465 
0.35938416747351465 
0.35938416747351465 
0.35938416747351465 
0.35938416747351465 
0.35938416747351465 
0.35938416747351465 
0.35938416747351465 
0.35938416747351465 
0.35938416747351465 
0.35938416747351465 
0.35938416747351465 
0.35938416747351465 
0.35938416747351465 
0.35938416747351465 
0.35938416747351465 
0.35938416747351465 
0.35938416747351465 
0.35921106977157075 
0.35921106977157075 
0.35921106977157075 
0.35921106977157075 
0.3592423765390118 
0.3592423765390118 
0.3592423765390118 
0.3592423765390118 
0.3592423765390118 
0.3592423765390118 
0.3592423765390118 
0.3592423765390118 
0.359154312586125 
0.359154312586125 
0.359154312586125 
0.359154312586125 
0.359154312586125 
0.359154312586125 
0.359281325593594 
0.359281325593594 
0.359281325593594 
0.359281325593594 
0.359281325593594 
0.359281325593594 
0.359281325593594 
0.359281325593594 
0.35925110537663973 
0.35925110537663973 
0.35925110537663973 
0.35925110537663973 
0.35925110537663973 
0.35925110537663973 
0.35925110537663973 
0.35925110537663973 
0.35925110537663973 
0.35925110537663973 
0.35925110537663973 
0.35925110537663973 
0.35925110537663973 
0.35925110537663973 
0.35925110537663973 
0.35925110537663973 
0.35925110537663973 
0.35925110537663973 
0.35925110537663973 
0.35925110537663973 
0.35925110537663973 
0.35925110537663973 
0.35925110537663973 
0.35925110537663973 
0.35925110537663973 
0.35925110537663973 
0.35925110537663973 
0.35925110537663973 
0.35925110537663973 
0.35925110537663973 
0.35925110537663973 
0.35925110537663973 
0.35925110537663973 
0.35925110537663973 
0.35925110537663973 
0.35925110537663973 
0.35925110537663973 
0.35925110537663973 
0.35925110537663973 
0.35925110537663973 
0.35925110537663973 
0.35925110537663973 
0.35925110537663973 
0.35925110537663973 
0.35925110537663973 
0.35925110537663973 
0.35925110537663973 
0.35925110537663973 
0.35925110537663973 
0.3590338366206094 
0.3590338366206094 
0.3590338366206094 
0.3590338366206094 
0.3590338366206094 
0.3590338366206094 
0.3590338366206094 
0.3590338366206094 
0.3590338366206094 
0.3590338366206094 
0.3590338366206094 
0.3590338366206094 
0.3590338366206094 
0.3590338366206094 
0.3590338366206094 
0.3590338366206094 
0.3590338366206094 
0.3591580514639801 
0.3591580514639801 
0.3591580514639801 
0.3591580514639801 
0.3591580514639801 
0.3590842115920967 
0.3590842115920967 
0.3590842115920967 
0.3590842115920967 
0.3590842115920967 
0.3590842115920967 
0.3590842115920967 
0.3590842115920967 
0.3590842115920967 
0.3590842115920967 
0.3590842115920967 
0.3590842115920967 
0.3590842115920967 
0.3590842115920967 
0.3590842115920967 
0.3590842115920967 
0.3590842115920967 
0.3590842115920967 
0.3590842115920967 
0.3590842115920967 
0.3590842115920967 
0.3590842115920967 
0.3590842115920967 
0.3590842115920967 
0.3590842115920967 
0.3590842115920967 
0.3590842115920967 
0.3590842115920967 
0.3590842115920967 
0.3590842115920967 
0.3590842115920967 
0.3590842115920967 
0.3590842115920967 
0.3590842115920967 
0.3590842115920967 
0.3590842115920967 
0.3590842115920967 
0.3590842115920967 
0.3590842115920967 
0.3590842115920967 
0.3590842115920967 
0.3590842115920967 
0.3590842115920967 
0.3590842115920967 
0.3590842115920967 
0.3590842115920967 
0.3590842115920967 
0.3590842115920967 
0.3590842115920967 
0.3590842115920967 
0.3590842115920967 
0.3590842115920967 
0.3590842115920967 
0.3590842115920967 
0.3590842115920967 
0.3590842115920967 
0.3590842115920967 
0.3590842115920967 
0.3590842115920967 
0.3590842115920967 
0.3590842115920967 
0.3590842115920967 
0.3590842115920967 
0.3590842115920967 
0.3590842115920967 
0.3590842115920967 
0.3590842115920967 
0.3590842115920967 
0.3590842115920967 
0.3590842115920967 
0.35913060230953703 
0.35913060230953703 
0.35913060230953703 
0.35913060230953703 
0.35913060230953703 
0.35913060230953703 
0.35913060230953703 
0.35913060230953703 
0.35913060230953703 
0.35913060230953703 
0.35913060230953703 
0.35913060230953703 
0.35913060230953703 
0.35913060230953703 
0.35913060230953703 
0.35913060230953703 
0.35913060230953703 
0.35913060230953703 
0.35913060230953703 
0.35913060230953703 
0.35913060230953703 
0.35913060230953703 
0.35913060230953703 
0.35913060230953703 
0.35913060230953703 
0.35913060230953703 
0.35913060230953703 
0.35913060230953703 
0.35913060230953703 
0.35913060230953703 
0.35913060230953703 
0.35913060230953703 
0.35913060230953703 
0.35913060230953703 
0.35913060230953703 
0.35913060230953703 
0.35913060230953703 
0.35913060230953703 
0.35913060230953703 
0.35913060230953703 
0.35913060230953703 
0.35913060230953703 
0.35913060230953703 
0.35913060230953703 
0.35913060230953703 
0.35913060230953703 
0.35913060230953703 
0.35913060230953703 
0.35913060230953703 
0.35913060230953703 
0.35913060230953703 
0.35913060230953703 
0.35913060230953703 
0.35913060230953703 
0.35913060230953703 
0.35913060230953703 
0.35913060230953703 
0.35913060230953703 
0.35913060230953703 
0.35913060230953703 
0.35913060230953703 
0.35913060230953703 
0.35913060230953703 
0.35913060230953703 
0.35913060230953703 
0.35913060230953703 
0.35913060230953703 
0.35913060230953703 
0.35913060230953703 
0.35913060230953703 
0.35913060230953703 
0.35913060230953703 
0.35913060230953703 
0.35913060230953703 
0.35913060230953703 
0.35913060230953703 
0.35913060230953703 
0.35913060230953703 
0.35913060230953703 
0.35913060230953703 
0.35913060230953703 
0.35913060230953703 
0.35913060230953703 
0.35915241912942364 
0.35915241912942364 
0.35915241912942364 
0.35915241912942364 
0.35915241912942364 
0.35915241912942364 
0.35915241912942364 
0.35915241912942364 
0.35915241912942364 
0.35915241912942364 
0.35915241912942364 
0.35915241912942364 
0.35915241912942364 
0.35915241912942364 
0.35915241912942364 
0.35915241912942364 
0.35915241912942364 
0.35915241912942364 
0.35915241912942364 
0.35915241912942364 
0.35915241912942364 
0.35915241912942364 
0.35915241912942364 
0.35915241912942364 
0.35915241912942364 
0.35915241912942364 
0.35915241912942364 
0.35915241912942364 
0.35915241912942364 
0.35915241912942364 
0.35915241912942364 
0.35915241912942364 
0.35915241912942364 
0.35915241912942364 
0.35915241912942364 
0.35915241912942364 
0.35915241912942364 
0.35915241912942364 
0.35915241912942364 
0.35915241912942364 
0.3591220093218177 
0.3591220093218177 
0.3591220093218177 
0.3591220093218177 
0.3591220093218177 
0.3591220093218177 
0.3591220093218177 
0.3591220093218177 
0.3591220093218177 
0.3591220093218177 
0.3591220093218177 
0.3591220093218177 
0.3591220093218177 
0.3591220093218177 
0.35884166859932615 
0.35884166859932615 
0.35884166859932615 
0.35884166859932615 
0.35884166859932615 
0.35884166859932615 
0.35884166859932615 
0.35884166859932615 
0.35884166859932615 
0.35884166859932615 
0.35884166859932615 
0.35884166859932615 
0.35884166859932615 
0.35871296545402104 
0.35871296545402104 
0.35871296545402104 
0.35871296545402104 
0.35871296545402104 
0.35871296545402104 
0.35871296545402104 
0.35871296545402104 
0.35871296545402104 
0.35871296545402104 
0.35871296545402104 
0.35871296545402104 
0.35871296545402104 
0.35871296545402104 
0.3586882119966799 
0.3586882119966799 
0.3586882119966799 
0.3586882119966799 
0.3586882119966799 
0.35852838151254884 
0.35852838151254884 
0.35852838151254884 
0.35852838151254884 
0.35852838151254884 
0.35852838151254884 
0.35852838151254884 
0.35852838151254884 
0.35852838151254884 
0.35852838151254884 
0.35852838151254884 
0.35852838151254884 
0.35852838151254884 
0.35852838151254884 
0.35852838151254884 
0.35852838151254884 
0.35852838151254884 
0.35852838151254884 
0.35852838151254884 
0.35852838151254884 
0.35852838151254884 
0.35852838151254884 
0.35852838151254884 
0.35852838151254884 
0.35852838151254884 
0.35852838151254884 
0.35852838151254884 
0.35852838151254884 
0.35852838151254884 
0.35852838151254884 
0.35852838151254884 
0.35852838151254884 
0.35852838151254884 
0.35835836737944515 
0.35835836737944515 
0.35835836737944515 
0.35835836737944515 
0.35835836737944515 
0.35835836737944515 
0.35835836737944515 
0.35835836737944515 
0.35835836737944515 
0.35835836737944515 
0.35835836737944515 
0.35835836737944515 
0.35835836737944515 
0.35835836737944515 
0.35835836737944515 
0.35835836737944515 
0.35835836737944515 
0.35835836737944515 
0.35835836737944515 
0.35835836737944515 
0.35835836737944515 
0.35835836737944515 
0.35835836737944515 
0.35835836737944515 
0.35835836737944515 
0.35835836737944515 
0.35835836737944515 
0.35835836737944515 
0.35835836737944515 
0.35835836737944515 
0.35835836737944515 
0.35835836737944515 
0.35835836737944515 
0.35835836737944515 
0.35809966300960644 
0.35809966300960644 
0.35809966300960644 
0.35809966300960644 
0.35809966300960644 
0.35809966300960644 
0.35809966300960644 
0.35809966300960644 
0.35809966300960644 
0.35809966300960644 
0.35809966300960644 
0.35809966300960644 
0.35809966300960644 
0.35809966300960644 
0.35809966300960644 
0.35809966300960644 
0.35809966300960644 
0.35809966300960644 
0.3579659705405368 
0.3579659705405368 
0.3579659705405368 
0.3579659705405368 
0.3579659705405368 
0.3579659705405368 
0.3579659705405368 
0.3579659705405368 
0.3579659705405368 
0.3579659705405368 
0.3579659705405368 
0.3579659705405368 
0.3579659705405368 
0.3579659705405368 
0.3579659705405368 
0.3579659705405368 
0.3579659705405368 
0.3579659705405368 
0.3579659705405368 
0.3579659705405368 
0.3579659705405368 
0.3579659705405368 
0.3579659705405368 
0.35806615957180127 
0.35806615957180127 
0.35806615957180127 
0.35806615957180127 
0.35806615957180127 
0.35806615957180127 
0.35806615957180127 
0.35806615957180127 
0.35806615957180127 
0.35806615957180127 
0.35806615957180127 
0.35806615957180127 
0.35806615957180127 
0.35806615957180127 
0.35806615957180127 
0.35806615957180127 
0.35806615957180127 
0.35806615957180127 
0.35806615957180127 
0.35806615957180127 
0.35806615957180127 
0.35806615957180127 
0.35806615957180127 
0.35806615957180127 
0.35806615957180127 
0.3577459332144032 
0.3577459332144032 
0.3577459332144032 
0.3577459332144032 
0.3577690280727809 
0.3577690280727809 
0.3577690280727809 
0.3577690280727809 
0.3577690280727809 
0.3577690280727809 
0.3577690280727809 
0.3577690280727809 
0.3577690280727809 
0.3577690280727809 
0.3577690280727809 
0.3577690280727809 
0.3577690280727809 
0.3577690280727809 
0.3577690280727809 
0.3577690280727809 
0.3577690280727809 
0.3577690280727809 
0.3577690280727809 
0.3577690280727809 
0.3577690280727809 
0.3577690280727809 
0.3577690280727809 
0.3577690280727809 
0.3577690280727809 
0.3577690280727809 
0.3577690280727809 
0.3577690280727809 
0.3577690280727809 
0.3577690280727809 
0.3577690280727809 
0.3577690280727809 
0.3577690280727809 
0.3577690280727809 
0.3577690280727809 
0.3577690280727809 
0.3577690280727809 
0.3577690280727809 
0.3577690280727809 
0.3577690280727809 
0.3577690280727809 
0.3577690280727809 
0.3577690280727809 
0.3577690280727809 
0.3577690280727809 
0.3577690280727809 
0.3577690280727809 
0.3577690280727809 
0.3577690280727809 
0.3577690280727809 
0.3577690280727809 
0.3577690280727809 
0.3577690280727809 
0.3577690280727809 
0.3577690280727809 
0.3577690280727809 
0.3577690280727809 
0.3577690280727809 
0.3577690280727809 
0.3577690280727809 
0.3577690280727809 
0.3577690280727809 
0.3577690280727809 
0.3577690280727809 
0.3577690280727809 
0.3577690280727809 
0.3577690280727809 
0.3577690280727809 
0.3577690280727809 
0.3577690280727809 
0.3577690280727809 
0.3577690280727809 
0.3577690280727809 
0.3577159905706077 
0.3577159905706077 
0.3577159905706077 
0.3577159905706077 
0.3577159905706077 
0.3577159905706077 
0.3577159905706077 
0.3577159905706077 
0.3577159905706077 
0.3577159905706077 
0.3577159905706077 
0.3577159905706077 
0.3577159905706077 
0.3577159905706077 
0.3577159905706077 
0.3577159905706077 
0.3577159905706077 
0.3577159905706077 
0.3577159905706077 
0.3577159905706077 
0.3577159905706077 
0.3577159905706077 
0.3577159905706077 
0.3577159905706077 
0.3577159905706077 
0.357714694292926 
0.357714694292926 
0.357714694292926 
0.357714694292926 
0.357714694292926 
0.357714694292926 
0.357714694292926 
0.357714694292926 
0.357714694292926 
0.357714694292926 
0.357714694292926 
0.357714694292926 
0.357714694292926 
0.357714694292926 
0.357714694292926 
0.357714694292926 
0.357714694292926 
0.357714694292926 
0.357714694292926 
0.357714694292926 
0.357714694292926 
0.357714694292926 
0.357714694292926 
0.357714694292926 
0.357714694292926 
0.357714694292926 
0.357714694292926 
0.357714694292926 
0.357714694292926 
0.357714694292926 
0.357714694292926 
0.357714694292926 
0.357714694292926 
0.357714694292926 
0.357714694292926 
0.357714694292926 
0.357714694292926 
0.357714694292926 
0.357714694292926 
0.357714694292926 
0.357714694292926 
0.357714694292926 
0.357714694292926 
0.357714694292926 
0.357714694292926 
0.357714694292926 
0.357714694292926 
0.357714694292926 
0.357714694292926 
0.357714694292926 
0.357714694292926 
0.357714694292926 
0.35766814957804777 
0.35766814957804777 
0.35766814957804777 
0.35766814957804777 
0.35766814957804777 
0.35766814957804777 
0.35766814957804777 
0.35766814957804777 
0.35766814957804777 
0.35766814957804777 
0.35766814957804777 
0.35766814957804777 
0.35766814957804777 
0.35766814957804777 
0.35766814957804777 
0.35766814957804777 
0.35766814957804777 
0.35766814957804777 
0.35766814957804777 
0.35766814957804777 
0.35766814957804777 
0.35766814957804777 
0.35766814957804777 
0.35766814957804777 
0.35766814957804777 
0.35766814957804777 
0.35766814957804777 
0.35766814957804777 
0.35766814957804777 
0.35766814957804777 
0.35766814957804777 
0.35766814957804777 
0.35766814957804777 
0.35766814957804777 
0.35766814957804777 
0.35766814957804777 
0.35766814957804777 
0.35766814957804777 
0.35766814957804777 
0.35766814957804777 
0.35766814957804777 
0.35766814957804777 
0.35766814957804777 
0.35766814957804777 
0.35766814957804777 
0.35766814957804777 
0.35766814957804777 
0.35766814957804777 
0.35766814957804777 
0.35766814957804777 
0.35766814957804777 
0.35766814957804777 
0.35766814957804777 
0.35766814957804777 
0.35766814957804777 
0.35766814957804777 
0.35766814957804777 
0.35766814957804777 
0.35766814957804777 
0.35766814957804777 
0.35766814957804777 
0.35766814957804777 
0.35766814957804777 
0.35766814957804777 
0.35766814957804777 
0.35766814957804777 
0.35766814957804777 
0.35766814957804777 
0.35766814957804777 
0.3575203544685557 
0.3575203544685557 
0.3575203544685557 
0.3575203544685557 
0.3575203544685557 
0.3575203544685557 
0.3576013875052103 
0.3576013875052103 
0.3576013875052103 
0.3576013875052103 
0.3576013875052103 
0.3576013875052103 
0.3576013875052103 
0.3576013875052103 
0.3576013875052103 
0.3576013875052103 
0.3576013875052103 
0.3576013875052103 
0.3576013875052103 
0.3576013875052103 
0.3576013875052103 
0.3576013875052103 
0.3576013875052103 
0.3576013875052103 
0.3576013875052103 
0.3576013875052103 
0.3576013875052103 
0.3576013875052103 
0.3576013875052103 
0.3576013875052103 
0.3576013875052103 
0.3576013875052103 
0.3576013875052103 
0.3576013875052103 
0.3576013875052103 
0.3576013875052103 
0.3576013875052103 
0.3576013875052103 
0.35746811490412206 
0.35746811490412206 
0.35746811490412206 
0.35746811490412206 
0.35746811490412206 
0.35746811490412206 
0.35746811490412206 
0.35746811490412206 
0.35746811490412206 
0.35746811490412206 
0.35746811490412206 
0.35746811490412206 
0.35746811490412206 
0.35746811490412206 
0.35746811490412206 
0.35746811490412206 
0.35746811490412206 
0.35746811490412206 
0.35746811490412206 
0.35746811490412206 
0.35746811490412206 
0.35746811490412206 
0.35746811490412206 
0.35746811490412206 
0.35746811490412206 
0.35746811490412206 
0.35746811490412206 
0.35746811490412206 
0.35746811490412206 
0.35746811490412206 
0.35746811490412206 
0.35746811490412206 
0.35746811490412206 
0.35746811490412206 
0.35746811490412206 
0.35746811490412206 
0.35746811490412206 
0.35746811490412206 
0.35746811490412206 
0.35746811490412206 
0.35746811490412206 
0.35746811490412206 
0.35746811490412206 
0.35746811490412206 
0.35746811490412206 
0.35746811490412206 
0.35746811490412206 
0.35746811490412206 
0.35746811490412206 
0.35746811490412206 
0.35746811490412206 
0.35746811490412206 
0.35746811490412206 
0.35746811490412206 
0.35746811490412206 
0.35746811490412206 
