0.3392745465727382 
0.3403669044525377 
0.34038528554851355 
0.3401554368921952 
0.34079962855355245 
0.34027665511619937 
0.34061201797793145 
0.3419746185571129 
0.3422307236742244 
0.34300278138276813 
0.344270587636101 
0.3445524784018097 
0.3451835795829053 
0.34646798281624913 
0.3453801549651387 
0.3461253139197798 
0.34614622385718996 
0.34577019290520683 
0.34706722497276926 
0.34730209070582985 
0.34859250957018273 
0.3503429396369317 
0.350245989123641 
0.3502797473517237 
0.35025392930677585 
0.35078618622929786 
0.3507833839461973 
0.3511666289230093 
0.35057406986654865 
0.3507170736343178 
0.35131645441426934 
0.35096304641358517 
0.3524075448012002 
0.3523314976737098 
0.35208812449149807 
0.35277502531519206 
0.3529563857926614 
0.35228071069265626 
0.3527888234397913 
0.3529960156756804 
0.3535786137058609 
0.35411958329524423 
0.3546737053494163 
0.35536416648713887 
0.3552082691706109 
0.35521561040155214 
0.3552285675304611 
0.35564860481363403 
0.3558546217063013 
0.3550482317181601 
0.35527727208121984 
0.3557516179011739 
0.3557666458166797 
0.35572569932328063 
0.35578373240513306 
0.35558430804237434 
0.355851819272758 
0.35535423631600027 
0.35602994366933255 
0.35641162562646206 
0.3569676640288077 
0.35709036826651414 
0.3580952234532787 
0.35790629637478744 
0.35764163650683994 
0.35770992625268977 
0.3561467858137564 
0.3565496807440976 
0.35620110262592963 
0.3561798902442678 
0.3567141502832149 
0.3568871342615028 
0.3574268042240945 
0.35864640792767377 
0.3587469509996231 
0.35859029021165684 
0.359009471690231 
0.359701047892539 
0.3600046830568731 
0.3598845764786622 
0.3603315103005688 
0.3602260977494184 
0.36015051634183853 
0.35992994406771306 
0.35940044321179737 
0.35984829122381695 
0.3605670776719363 
0.36051073834692393 
0.360219614256243 
0.36022825575654616 
0.3599952259960195 
0.36012370903363605 
0.3602232692604463 
0.3602165067880078 
0.36045706433109737 
0.3601298516252525 
0.3601627042976438 
0.36012382067121096 
0.3600687304383736 
0.3605067908577051 
0.3604824556489516 
0.3603492860444162 
0.36031853582623447 
0.36023387893446635 
0.36021645329322377 
0.3600481632704663 
0.36073447327603636 
0.36060743626376474 
0.36025471521212465 
0.36049622061434994 
0.36066681422437974 
0.36107263887308566 
0.3607523012985678 
0.36058486012033225 
0.3601255465892188 
0.36066566719647547 
0.3610022170726334 
0.36077589257950016 
0.3607645745900076 
0.3600460195545481 
0.3598185590010713 
0.36008416289427697 
0.36059007632067935 
0.36074616494199324 
0.36078486829751955 
0.36079579207975415 
0.360631710805532 
0.3607301944223707 
0.36102080747005316 
0.36107524679591674 
0.36096071108338307 
0.36055920345352277 
0.3607272600907281 
0.36104883056362497 
0.36106574763672605 
0.3605084107505548 
0.36041702324138936 
0.36052240628902366 
0.36074353436081863 
0.3604627498976793 
0.36056643286624906 
0.36034832468409794 
0.36034832468409794 
0.36010136313089425 
0.3604125261828894 
0.3608606985651552 
0.36052908204144346 
0.36052908204144346 
0.36047483330311236 
0.3604468933513305 
0.36063227687323235 
0.3607333007311042 
0.36065332409214723 
0.3605271249579482 
0.3602032797414753 
0.3600470319354636 
0.3598542213839199 
0.35968693478768804 
0.3596581699582023 
0.35972814501172085 
0.35972705570530056 
0.35982914666966764 
0.35973142987956 
0.3597702078343059 
0.359456198553865 
0.35955998150725416 
0.3599171765867369 
0.3596636977412131 
0.3595191665066148 
0.3587156292832598 
0.3589180401443486 
0.3589180401443486 
0.35863082062044266 
0.35887267246911686 
0.35887267246911686 
0.3593829134399932 
0.35936707518074273 
0.35952443065200884 
0.359506106775381 
0.35937346529883807 
0.35946380255100585 
0.35946380255100585 
0.35938810680224204 
0.3596955702378192 
0.3596955702378192 
0.35990898538187166 
0.35991135789754314 
0.3599878401922669 
0.3599878401922669 
0.35948660084612777 
0.35933442695873735 
0.3591656616514685 
0.3592925618654618 
0.359365595049056 
0.359365595049056 
0.3594485957952784 
0.3594485957952784 
0.3592815593322303 
0.35900923150473907 
0.35900923150473907 
0.35900923150473907 
0.3590711348815072 
0.3590711348815072 
0.35885057646954904 
0.35906628979512767 
0.35922032740257237 
0.35957833726454946 
0.35957833726454946 
0.3596266181007169 
0.35954020281230803 
0.35970229628316464 
0.3597327653801017 
0.3597327653801017 
0.35994553131913604 
0.35996748692126096 
0.35989204504772304 
0.359727090776082 
0.359561938435388 
0.3594614876744143 
0.3595261920287886 
0.35943452768467543 
0.35943452768467543 
0.35943452768467543 
0.35943452768467543 
0.35943452768467543 
0.35969822686663905 
0.35973703074155683 
0.35973703074155683 
0.35973703074155683 
0.3596775744029431 
0.35978221208008077 
0.35975676531069944 
0.3597432525644714 
0.3597323347851235 
0.359736895657474 
0.36010417512508275 
0.3599310299793863 
0.359964615617927 
0.35994526371716784 
0.35992136716594497 
0.35992136716594497 
0.3599028048607345 
0.3599028048607345 
0.3599028048607345 
0.3599028048607345 
0.3600535084898174 
0.3600535084898174 
0.3600535084898174 
0.3600535084898174 
0.3600535084898174 
0.36006944673560415 
0.36006944673560415 
0.36006944673560415 
0.36014880815326566 
0.36014880815326566 
0.35989473699225255 
0.359930763204869 
0.359930763204869 
0.359930763204869 
0.35974831729548673 
0.35974831729548673 
0.35974831729548673 
0.35974831729548673 
0.35974831729548673 
0.35974831729548673 
0.35985283931001566 
0.35974147683348695 
0.35984594262566466 
0.35984594262566466 
0.35969508852857807 
0.35969508852857807 
0.35986339553702307 
0.35986339553702307 
0.36002271782139134 
0.36002271782139134 
0.36000945263227474 
0.36000945263227474 
0.36000945263227474 
0.36000945263227474 
0.36000945263227474 
0.36000945263227474 
0.35995317865788307 
0.35995317865788307 
0.35995317865788307 
0.35995317865788307 
0.35995317865788307 
0.35995317865788307 
0.35976141901924097 
0.35976141901924097 
0.35976141901924097 
0.35976141901924097 
0.35976141901924097 
0.35976141901924097 
0.35976141901924097 
0.35976141901924097 
0.35971724221359047 
0.35971724221359047 
0.3600295033511169 
0.3600295033511169 
0.3600295033511169 
0.3600295033511169 
0.3600295033511169 
0.36022845793454517 
0.36019543620941996 
0.36019543620941996 
0.36018561419224926 
0.36018561419224926 
0.36041823851725024 
0.36041823851725024 
0.36052865925935845 
0.36052865925935845 
0.36052865925935845 
0.36052865925935845 
0.36052865925935845 
0.36052865925935845 
0.36046584488470956 
0.36041393919485365 
0.36041393919485365 
0.3603618861438945 
0.3603618861438945 
0.3603618861438945 
0.3603618861438945 
0.3603618861438945 
0.3603618861438945 
0.360400106067373 
0.360400106067373 
0.360400106067373 
0.360400106067373 
0.360400106067373 
0.360400106067373 
0.360400106067373 
0.360400106067373 
0.360400106067373 
0.36045748005320954 
0.36045748005320954 
0.3605776843091148 
0.3605776843091148 
0.3605776843091148 
0.3605776843091148 
0.3605776843091148 
0.3605776843091148 
0.3605776843091148 
0.3605776843091148 
0.36098721608312956 
0.36127433139179754 
0.36127433139179754 
0.36127433139179754 
0.36127433139179754 
0.36127433139179754 
0.36127433139179754 
0.361111054925468 
0.361111054925468 
0.361111054925468 
0.361111054925468 
0.361111054925468 
0.361111054925468 
0.361111054925468 
0.361111054925468 
0.361111054925468 
0.361111054925468 
0.361111054925468 
0.361111054925468 
0.361111054925468 
0.361111054925468 
0.361111054925468 
0.361111054925468 
0.361111054925468 
0.361111054925468 
0.361111054925468 
0.3610307354974566 
0.3610307354974566 
0.3610307354974566 
0.3610307354974566 
0.3610307354974566 
0.3610307354974566 
0.3610307354974566 
0.3610307354974566 
0.3610307354974566 
0.3610307354974566 
0.3610307354974566 
0.3610307354974566 
0.3610307354974566 
0.3610307354974566 
0.3610307354974566 
0.3610307354974566 
0.3610307354974566 
0.3610307354974566 
0.3610307354974566 
0.3610307354974566 
0.3610307354974566 
0.3610307354974566 
0.3610307354974566 
0.3610307354974566 
0.3610307354974566 
0.3610307354974566 
0.3610307354974566 
0.3610307354974566 
0.3610307354974566 
0.3610307354974566 
0.3610307354974566 
0.3610307354974566 
0.3610307354974566 
0.3610307354974566 
0.3610307354974566 
0.3610307354974566 
0.3610307354974566 
0.3610307354974566 
0.3610307354974566 
0.36116152872979873 
0.36116152872979873 
0.36116152872979873 
0.36116152872979873 
0.36116152872979873 
0.36116152872979873 
0.36112856771444524 
0.36112856771444524 
0.36112856771444524 
0.36112856771444524 
0.36112856771444524 
0.36112856771444524 
0.36112856771444524 
0.36112856771444524 
0.36112856771444524 
0.36112856771444524 
0.36112856771444524 
0.36112856771444524 
0.36112856771444524 
0.36112856771444524 
0.36112856771444524 
0.36112856771444524 
0.36112856771444524 
0.36112856771444524 
0.36140356439587223 
0.36140356439587223 
0.36140356439587223 
0.36140356439587223 
0.36140356439587223 
0.36140356439587223 
0.36140356439587223 
0.36140356439587223 
0.36140356439587223 
0.36140356439587223 
0.36140356439587223 
0.36140356439587223 
0.36140356439587223 
0.36140356439587223 
0.36140356439587223 
0.36140356439587223 
0.36124345546132847 
0.36124345546132847 
0.36124345546132847 
0.36124345546132847 
0.36124345546132847 
0.3613992187427469 
0.3613992187427469 
0.3613992187427469 
0.3613992187427469 
0.3613992187427469 
0.3613992187427469 
0.3613992187427469 
0.3613992187427469 
0.3613992187427469 
0.3613992187427469 
0.3613992187427469 
0.3613992187427469 
0.3613992187427469 
0.3613992187427469 
0.3613992187427469 
0.3613992187427469 
0.3613992187427469 
0.3613992187427469 
0.3613992187427469 
0.3613992187427469 
0.3613992187427469 
0.3613992187427469 
0.3613992187427469 
0.3613992187427469 
0.3613992187427469 
0.3613992187427469 
0.3613992187427469 
0.3613992187427469 
0.3613992187427469 
0.3613992187427469 
0.3613992187427469 
0.3613992187427469 
0.3613992187427469 
0.3613957698984941 
0.3613957698984941 
0.3613957698984941 
0.3613957698984941 
0.3613957698984941 
0.3613957698984941 
0.3613957698984941 
0.3613957698984941 
0.3613957698984941 
0.3613957698984941 
0.3613957698984941 
0.3613957698984941 
0.3613957698984941 
0.3613957698984941 
0.3613957698984941 
0.3613957698984941 
0.3613957698984941 
0.3613957698984941 
0.3613957698984941 
0.3613957698984941 
0.3613957698984941 
0.3613957698984941 
0.3613957698984941 
0.3613957698984941 
0.3613957698984941 
0.3613957698984941 
0.3613957698984941 
0.3613957698984941 
0.3613957698984941 
0.3613957698984941 
0.3613957698984941 
0.3613957698984941 
0.3613957698984941 
0.3613957698984941 
0.3613957698984941 
0.3613957698984941 
0.3613957698984941 
0.3613957698984941 
0.3613957698984941 
0.3613957698984941 
0.3613957698984941 
0.3613957698984941 
0.3613957698984941 
0.3613957698984941 
0.3613957698984941 
0.3613957698984941 
0.3613957698984941 
0.3613957698984941 
0.3613957698984941 
0.3613957698984941 
0.3613957698984941 
0.3613957698984941 
0.3613957698984941 
0.3613957698984941 
0.3613957698984941 
0.3613957698984941 
0.3613957698984941 
0.3614853370075747 
0.3614853370075747 
0.3614853370075747 
0.3614853370075747 
0.3614853370075747 
0.3614853370075747 
0.3614853370075747 
0.3614853370075747 
0.3615313580903565 
0.3615313580903565 
0.3615313580903565 
0.361584571264618 
0.361584571264618 
0.361584571264618 
0.361584571264618 
0.361584571264618 
0.361584571264618 
0.361584571264618 
0.361584571264618 
0.361584571264618 
0.361584571264618 
0.361584571264618 
0.361584571264618 
0.361584571264618 
0.361584571264618 
0.361584571264618 
0.361584571264618 
0.361584571264618 
0.361584571264618 
0.361584571264618 
0.361584571264618 
0.361584571264618 
0.361584571264618 
0.361584571264618 
0.361584571264618 
0.361584571264618 
0.361584571264618 
0.361584571264618 
0.361584571264618 
0.361584571264618 
0.361584571264618 
0.361584571264618 
0.361584571264618 
0.36161455826782035 
0.36161455826782035 
0.36161455826782035 
0.36161455826782035 
0.36161455826782035 
0.36161455826782035 
0.36161455826782035 
0.36161455826782035 
0.36161455826782035 
0.36161455826782035 
0.36161455826782035 
0.36161455826782035 
0.36161455826782035 
0.36161455826782035 
0.36161455826782035 
0.36161455826782035 
0.36161455826782035 
0.36161455826782035 
0.36161455826782035 
0.36161455826782035 
0.36161455826782035 
0.36161455826782035 
0.36161455826782035 
0.36161455826782035 
0.36161455826782035 
0.36161455826782035 
0.36161455826782035 
0.36161455826782035 
0.36161455826782035 
0.36161455826782035 
0.36161455826782035 
0.36161455826782035 
0.36161455826782035 
0.36161455826782035 
0.36161455826782035 
0.36161455826782035 
0.36161455826782035 
0.36161455826782035 
0.36161455826782035 
0.36161455826782035 
0.36161455826782035 
0.36161455826782035 
0.36161455826782035 
0.36161455826782035 
0.36161455826782035 
0.36161455826782035 
0.36161455826782035 
0.36161455826782035 
0.36161455826782035 
0.36161455826782035 
0.36161455826782035 
0.36161455826782035 
0.36161455826782035 
0.36161455826782035 
0.36161455826782035 
0.36161455826782035 
0.36161455826782035 
0.36161455826782035 
0.36161455826782035 
0.36161455826782035 
0.36161455826782035 
0.36161455826782035 
0.36161455826782035 
0.36161455826782035 
0.36161455826782035 
0.36161455826782035 
0.36161455826782035 
0.36161455826782035 
0.36161455826782035 
0.36161455826782035 
0.36161455826782035 
0.36161455826782035 
0.36161455826782035 
0.36161455826782035 
0.36161455826782035 
0.36161455826782035 
0.36161455826782035 
0.36161455826782035 
0.36161455826782035 
0.36161455826782035 
0.36161455826782035 
0.36161455826782035 
0.36161455826782035 
0.36161455826782035 
0.36161455826782035 
0.36161455826782035 
0.36161455826782035 
0.36161455826782035 
0.36161455826782035 
0.36161455826782035 
0.36161455826782035 
0.36161455826782035 
0.36161455826782035 
0.36161455826782035 
0.36161455826782035 
0.36161455826782035 
0.36161455826782035 
0.36161455826782035 
0.36161455826782035 
0.36161455826782035 
0.36161455826782035 
0.36161455826782035 
0.36161455826782035 
0.36161455826782035 
0.36161455826782035 
0.36161455826782035 
0.36161455826782035 
0.36161455826782035 
0.36161455826782035 
0.36161455826782035 
0.36161455826782035 
0.36161455826782035 
0.36161455826782035 
0.36161455826782035 
0.36161455826782035 
0.36161455826782035 
0.36161455826782035 
0.36161455826782035 
0.36161455826782035 
0.36161455826782035 
0.36161455826782035 
0.36161455826782035 
0.36161455826782035 
0.36161455826782035 
0.36161455826782035 
0.36161455826782035 
0.36161455826782035 
0.36161455826782035 
0.36161455826782035 
0.36161455826782035 
0.36161455826782035 
0.36161455826782035 
0.36161455826782035 
0.36161455826782035 
0.36161455826782035 
0.36161455826782035 
0.36161455826782035 
0.36161455826782035 
0.36161455826782035 
0.36161455826782035 
0.36161455826782035 
0.36161455826782035 
0.36161455826782035 
0.36161455826782035 
