0.016247714423881284 
0.01623022168671765 
0.016189428649584888 
0.01615767111931667 
0.016092872459570414 
0.016038401915402917 
0.01599491719265842 
0.015943650773897425 
0.015908788011661984 
0.01586850768030819 
0.01581440153783886 
0.01581678298517116 
0.015807287433332765 
0.015795241815179658 
0.015774969540382638 
0.01574643883549547 
0.015721323099535868 
0.015721323099535868 
0.015729593001727667 
0.015705742134646167 
0.015667292810182618 
0.01562638998617403 
0.015610168993319707 
0.01558301434254618 
0.015576267075265498 
0.015555709434159537 
0.015541255547734873 
0.01549869878409152 
0.015524145838016336 
0.015493195409598369 
0.015456662511680845 
0.015436633829951397 
0.01542141679613128 
0.015462861830851365 
0.015463524048547282 
0.01545993324694515 
0.015443462824120761 
0.0154544491975612 
0.01544895905878451 
0.015433098975902408 
0.015433098975902408 
0.015420736169197629 
0.015390925118393633 
0.01536390783622448 
0.01537011958313923 
0.015400652453711174 
0.015390259776884858 
0.015369453340961738 
0.01537011958313923 
0.015390925118393633 
0.01538052586877315 
0.015347934844792634 
0.01535208962975399 
0.015350622137229486 
0.015341664055766573 
0.015334601918537045 
0.015334601918537043 
0.015390727598135185 
0.015383521573423948 
0.015365105401525888 
0.015365871794336954 
0.015376280954769263 
0.015382600040305278 
0.015394428082913636 
0.015394428082913636 
0.015370696275705927 
0.015382600040305281 
0.01538816376310052 
0.015393721317472265 
0.015415200809590513 
0.015392997888650539 
0.015383323958104765 
0.015404817947642226 
0.015382600040305278 
0.015408944934679987 
0.015415889984039194 
0.01542693747961662 
0.015424871344682265 
0.015405507586574354 
0.015404817947642225 
0.01540411165890458 
0.015428968079557362 
0.015413033445756223 
0.015413033445756223 
0.015420038910456743 
0.01541035703674642 
0.015420736169197629 
0.01542693747961662 
0.015428854007994243 
0.015439825905754247 
0.015461125444158326 
0.015466586436573521 
0.015456801221468818 
0.015457877732729029 
0.015442080688819108 
0.015446446322698306 
0.015442080688819108 
0.015447523555573559 
0.01545734776732412 
0.015441541891922579 
0.015451345054719345 
0.015460537636188465 
0.015460537636188465 
0.015460537636188465 
0.015465411213414276 
0.015476348923437983 
0.015466586436573521 
0.01545734776732412 
0.015457877732729029 
0.01544260288940954 
0.015448037286335115 
0.015458391119388848 
0.01544406992991161 
0.015459831823147365 
0.015464775976392287 
0.01545395431596716 
0.015458887928955304 
0.015458887928955304 
0.015475118610207806 
0.015491724758721993 
0.015507417579984101 
0.01549750121793833 
0.015476838953739878 
0.015471865563014693 
0.015451914573929018 
0.015457267028812045 
0.015452262488063034 
0.015452262488063036 
0.015451914573929018 
0.015446556121025815 
0.015451914573929018 
0.015472610122406628 
0.01546761468358971 
0.015472957571194976 
0.01548895038406412 
0.015509596513126962 
0.015498954803469814 
0.015493955466568246 
0.015489545377447334 
0.015499276886358281 
0.015504278635267104 
0.015509901869451012 
0.015509901869451012 
0.01552521767963335 
0.01551990927808536 
0.015514594935092569 
0.015530215194903128 
0.015530215194903128 
0.01553021519490313 
0.015535816682749575 
0.015525794794470266 
0.015520775238370022 
0.015531080580564894 
0.015526058611250955 
0.015531336066159923 
0.015542095611596269 
0.015552164608182359 
0.015562449164575607 
0.015557190491859383 
0.015557190491859385 
0.015562449164575607 
0.015562671236005727 
0.015572726928832985 
0.015567471727933218 
0.0155882437753584 
0.015588457268119894 
0.015577976248537547 
0.015577746178443144 
0.015582997914393753 
0.015592769606455423 
0.01558750473937378 
0.01558750473937378 
0.015592498709315323 
0.015587225538882794 
0.015587225538882794 
0.015587225538882794 
0.015566682369727984 
0.015571962496743948 
0.015571962496743948 
0.015577236725427268 
0.015572488561562663 
0.015572488561562663 
0.015577746178443144 
0.015567471727933218 
0.015567471727933218 
0.015562210639880183 
0.015567225057793697 
0.015577236725427268 
0.015577236725427268 
0.015587767511738168 
0.015593024081299945 
0.01559827477639755 
0.015588013856806773 
0.015582997914393753 
0.015582997914393753 
0.015582997914393753 
0.015582997914393753 
0.015588013856806773 
0.01559827477639755 
0.01559827477639755 
0.01559827477639755 
0.015603519602961378 
0.015603519602961378 
0.015608528950544955 
0.015603519602961378 
0.015598504543705462 
0.015598274776397547 
0.015598274776397547 
0.015603519602961378 
0.015598504543705462 
0.015593483767266375 
0.015598717896032354 
0.015598717896032354 
0.015593483767266375 
0.015593483767266375 
0.015598717896032352 
0.015588654335766125 
0.015593877773023616 
0.01559909535838537 
0.015594050147411992 
0.01559909535838537 
0.01559909535838537 
0.01559909535838537 
0.01559909535838537 
0.01559909535838537 
0.01559909535838537 
0.015609512996887507 
0.015609512996887507 
0.015609512996887507 
0.01560966059848836 
0.0156148524168498 
0.015619759793287476 
0.01561455731040749 
0.015619595897461624 
0.015624800798730205 
0.01561455731040749 
0.015624800798730205 
0.015624800798730205 
0.01563503757590624 
0.015640069565062684 
0.015640069565062684 
0.01563988951367624 
0.01563988951367624 
0.01563988951367624 
0.01563988951367624 
0.01564509584502441 
0.01564509584502441 
0.01564509584502441 
0.01564509584502441 
0.01564509584502441 
0.015650296355021524 
0.015650296355021524 
0.015650296355021524 
0.01564509584502441 
0.01564509584502441 
0.015655131299353576 
0.015649920127591706 
0.015649920127591706 
0.015649920127591706 
0.015654926892195952 
0.015654926892195952 
0.015654926892195952 
0.015654926892195952 
0.015654926892195952 
0.015654926892195952 
0.015649707473304412 
0.01564448222217661 
0.015639251132966697 
0.015639251132966697 
0.01564424494822297 
0.01564424494822297 
0.01564399130656879 
0.01564399130656879 
0.015648971339995484 
0.015648971339995484 
0.01565394570068518 
0.01565394570068518 
0.01565394570068518 
0.01565394570068518 
0.01565394570068518 
0.01565394570068518 
0.015658914394044054 
0.015658914394044054 
0.015658914394044054 
0.015658914394044054 
0.015658914394044054 
0.015658914394044054 
0.015658914394044054 
0.015658914394044054 
0.015658914394044054 
0.015658914394044054 
0.015658914394044054 
0.015658914394044054 
0.015658914394044054 
0.015658914394044054 
0.01566416343122096 
0.01566416343122096 
0.01565394570068518 
0.01565394570068518 
0.01565394570068518 
0.01565394570068518 
0.01565394570068518 
0.015648693236177902 
0.015658914394044054 
0.015658914394044054 
0.01566416343122096 
0.01566416343122096 
0.015658914394044054 
0.015658914394044054 
0.015653659508242795 
0.015653659508242795 
0.015653659508242795 
0.015653659508242795 
0.015653659508242795 
0.015653659508242795 
0.015648398767925106 
0.015653659508242795 
0.015653659508242795 
0.015648693236177902 
0.015648693236177902 
0.015648693236177902 
0.015648693236177902 
0.015648693236177902 
0.015648693236177902 
0.015643721296417935 
0.015643721296417935 
0.015643721296417935 
0.015643721296417935 
0.015643721296417935 
0.015643721296417935 
0.015643721296417935 
0.015643721296417935 
0.015643721296417935 
0.015638743683557194 
0.015638743683557194 
0.015633490205325232 
0.015633490205325232 
0.015633490205325232 
0.015633490205325232 
0.015633490205325232 
0.015633490205325232 
0.015633490205325232 
0.015633490205325232 
0.01562850933390642 
0.015633760392176926 
0.015633760392176926 
0.015633760392176926 
0.015633760392176926 
0.015633760392176926 
0.015633760392176926 
0.015638743683557194 
0.015638743683557194 
0.015638743683557194 
0.015638743683557194 
0.015638743683557194 
0.015638743683557194 
0.015638743683557194 
0.015638743683557194 
0.015638743683557194 
0.015638743683557194 
0.015638743683557194 
0.015638743683557194 
0.015638743683557194 
0.015638743683557194 
0.015638743683557194 
0.015638743683557194 
0.015638743683557194 
0.015638743683557194 
0.015638743683557194 
0.015643721296417935 
0.015643721296417935 
0.015643721296417935 
0.015643721296417935 
0.015643721296417935 
0.015643721296417935 
0.015643721296417935 
0.015643721296417935 
0.015643721296417935 
0.015643721296417935 
0.015643721296417935 
0.015643721296417935 
0.015643721296417935 
0.015643721296417935 
0.015643721296417935 
0.015643721296417935 
0.015643721296417935 
0.015643721296417935 
0.015643721296417935 
0.015643721296417935 
0.015643721296417935 
0.015643721296417935 
0.015643721296417935 
0.015643721296417935 
0.015643721296417935 
0.015643721296417935 
0.015643721296417935 
0.015643721296417935 
0.015643721296417935 
0.015643721296417935 
0.015643721296417935 
0.015643721296417935 
0.015643721296417935 
0.015643721296417935 
0.015643721296417935 
0.015643721296417935 
0.015643721296417935 
0.015643721296417935 
0.015643721296417935 
0.015648693236177902 
0.015648693236177902 
0.015648693236177902 
0.015648693236177902 
0.015648693236177902 
0.015648693236177902 
0.01565394570068518 
0.01565394570068518 
0.01565394570068518 
0.01565394570068518 
0.01565394570068518 
0.01565394570068518 
0.01565394570068518 
0.01565394570068518 
0.01565394570068518 
0.01565394570068518 
0.01565394570068518 
0.01565394570068518 
0.01565394570068518 
0.01565394570068518 
0.01565394570068518 
0.01565394570068518 
0.01565394570068518 
0.01565394570068518 
0.015648971339995484 
0.015648971339995484 
0.015648971339995484 
0.015648971339995484 
0.015648971339995484 
0.015648971339995484 
0.015648971339995484 
0.015648971339995484 
0.015648971339995484 
0.015648971339995484 
0.015648971339995484 
0.015648971339995484 
0.015648971339995484 
0.015648971339995484 
0.015648971339995484 
0.015648971339995484 
0.015654215534481437 
0.015654215534481437 
0.015654215534481437 
0.015654215534481437 
0.015654215534481437 
0.01565945388575221 
0.01565945388575221 
0.01565945388575221 
0.01565945388575221 
0.01565945388575221 
0.01565945388575221 
0.01565945388575221 
0.01565945388575221 
0.01565945388575221 
0.01565945388575221 
0.01565945388575221 
0.01565945388575221 
0.01565945388575221 
0.01565945388575221 
0.01565945388575221 
0.01565945388575221 
0.01565945388575221 
0.01565945388575221 
0.01565945388575221 
0.01565945388575221 
0.01565945388575221 
0.01565945388575221 
0.01565945388575221 
0.01565945388575221 
0.01565945388575221 
0.01565945388575221 
0.01565945388575221 
0.01565945388575221 
0.01565945388575221 
0.01565945388575221 
0.01565945388575221 
0.01565945388575221 
0.01565945388575221 
0.015654469010477488 
0.015654469010477488 
0.015654469010477488 
0.015654469010477488 
0.015654469010477488 
0.015654469010477488 
0.015654469010477488 
0.015654469010477488 
0.015654469010477488 
0.015654469010477488 
0.015654469010477488 
0.015654469010477488 
0.015654469010477488 
0.015654469010477488 
0.015654469010477488 
0.015654469010477488 
0.015654469010477488 
0.015654469010477488 
0.015654469010477488 
0.015654469010477488 
0.015654469010477488 
0.015654469010477488 
0.015654469010477488 
0.015654469010477488 
0.015654469010477488 
0.015654469010477488 
0.015654469010477488 
0.015654469010477488 
0.015654469010477488 
0.015654469010477488 
0.015654469010477488 
0.015654469010477488 
0.015654469010477488 
0.015654469010477488 
0.015654469010477488 
0.015654469010477488 
0.015654469010477488 
0.015654469010477488 
0.015654469010477488 
0.015654469010477488 
0.015654469010477488 
0.015654469010477488 
0.015654469010477488 
0.015654469010477488 
0.015654469010477488 
0.015654469010477488 
0.015654469010477488 
0.015654469010477488 
0.015654469010477488 
0.015654469010477488 
0.015654469010477488 
0.015654469010477488 
0.015654469010477488 
0.015654469010477488 
0.015654469010477488 
0.015654469010477488 
0.015654469010477488 
0.015659699103111782 
0.015659699103111782 
0.015659699103111782 
0.015659699103111782 
0.015659699103111782 
0.015659699103111782 
0.015659699103111782 
0.015659699103111782 
0.0156646863996698 
0.0156646863996698 
0.0156646863996698 
0.015659699103111782 
0.015659699103111782 
0.015659699103111782 
0.015659699103111782 
0.015659699103111782 
0.015659699103111782 
0.015659699103111782 
0.015659699103111782 
0.015659699103111782 
0.015659699103111782 
0.015659699103111782 
0.015659699103111782 
0.015659699103111782 
0.015659699103111782 
0.015659699103111782 
0.015659699103111782 
0.015659699103111782 
0.015659699103111782 
0.015659699103111782 
0.015659699103111782 
0.015659699103111782 
0.015659699103111782 
0.015659699103111782 
0.015659699103111782 
0.015659699103111782 
0.015659699103111782 
0.015659699103111782 
0.015659699103111782 
0.015659699103111782 
0.015659699103111782 
0.015659699103111782 
0.015659699103111782 
0.0156646863996698 
0.0156646863996698 
0.0156646863996698 
0.0156646863996698 
0.0156646863996698 
0.0156646863996698 
0.0156646863996698 
0.0156646863996698 
0.0156646863996698 
0.0156646863996698 
0.0156646863996698 
0.0156646863996698 
0.0156646863996698 
0.0156646863996698 
0.0156646863996698 
0.0156646863996698 
0.0156646863996698 
0.0156646863996698 
0.0156646863996698 
0.0156646863996698 
0.0156646863996698 
0.0156646863996698 
0.0156646863996698 
0.0156646863996698 
0.0156646863996698 
0.0156646863996698 
0.0156646863996698 
0.0156646863996698 
0.0156646863996698 
0.0156646863996698 
0.0156646863996698 
0.0156646863996698 
0.0156646863996698 
0.0156646863996698 
0.0156646863996698 
0.0156646863996698 
0.0156646863996698 
0.0156646863996698 
0.0156646863996698 
0.0156646863996698 
0.0156646863996698 
0.0156646863996698 
0.0156646863996698 
0.0156646863996698 
0.0156646863996698 
0.0156646863996698 
0.0156646863996698 
0.0156646863996698 
0.0156646863996698 
0.0156646863996698 
0.0156646863996698 
0.0156646863996698 
0.0156646863996698 
0.0156646863996698 
0.0156646863996698 
0.0156646863996698 
0.0156646863996698 
0.0156646863996698 
0.0156646863996698 
0.0156646863996698 
0.0156646863996698 
0.0156646863996698 
0.0156646863996698 
0.0156646863996698 
0.0156646863996698 
0.0156646863996698 
0.0156646863996698 
0.0156646863996698 
0.0156646863996698 
0.0156646863996698 
0.0156646863996698 
0.0156646863996698 
0.0156646863996698 
0.0156646863996698 
0.0156646863996698 
0.0156646863996698 
0.0156646863996698 
0.0156646863996698 
0.0156646863996698 
0.0156646863996698 
0.0156646863996698 
0.0156646863996698 
0.0156646863996698 
0.0156646863996698 
0.0156646863996698 
0.0156646863996698 
0.0156646863996698 
0.0156646863996698 
0.0156646863996698 
0.0156646863996698 
0.0156646863996698 
0.0156646863996698 
0.0156646863996698 
0.0156646863996698 
0.0156646863996698 
0.0156646863996698 
0.0156646863996698 
0.0156646863996698 
0.0156646863996698 
0.0156646863996698 
0.0156646863996698 
0.0156646863996698 
0.0156646863996698 
0.0156646863996698 
0.0156646863996698 
0.0156646863996698 
0.0156646863996698 
0.0156646863996698 
0.0156646863996698 
0.0156646863996698 
0.0156646863996698 
0.0156646863996698 
0.0156646863996698 
0.0156646863996698 
0.0156646863996698 
0.0156646863996698 
0.0156646863996698 
0.0156646863996698 
0.0156646863996698 
0.0156646863996698 
0.0156646863996698 
0.0156646863996698 
0.0156646863996698 
0.0156646863996698 
0.0156646863996698 
0.0156646863996698 
0.0156646863996698 
0.0156646863996698 
0.0156646863996698 
0.0156646863996698 
0.0156646863996698 
0.0156646863996698 
0.0156646863996698 
0.0156646863996698 
0.0156646863996698 
0.0156646863996698 
0.0156646863996698 
0.0156646863996698 
0.0156646863996698 
0.0156646863996698 
0.0156646863996698 
0.0156646863996698 
0.0156646863996698 
0.0156646863996698 
