[-0.0152  0.02  ] 
[-0.0116  0.0204] 
[-0.012   0.0204] 
[-0.014  0.022] 
[-0.0116  0.0228] 
[-0.0104  0.0264] 
[-0.0092  0.0248] 
[-0.0088  0.0244] 
[-0.0112  0.0228] 
[-0.012   0.0224] 
[-0.0164  0.024 ] 
[-0.0196  0.0256] 
[-0.0224  0.0232] 
[-0.022   0.0212] 
[-0.0208  0.0204] 
[-0.0212  0.0204] 
[-0.0224  0.0196] 
[-0.024   0.0184] 
[-0.026   0.0192] 
[-0.0256  0.02  ] 
[-0.0256  0.02  ] 
[-0.026   0.0216] 
[-0.0248  0.0196] 
[-0.0248  0.022 ] 
[-0.0236  0.024 ] 
[-0.024   0.0236] 
[-0.0252  0.0252] 
[-0.0252  0.0248] 
[-0.0232  0.0268] 
[-0.0244  0.0268] 
[-0.026   0.0252] 
[-0.0268  0.0252] 
[-0.0272  0.0252] 
[-0.0276  0.0264] 
[-0.0264  0.028 ] 
[-0.0268  0.03  ] 
[-0.026  0.03 ] 
[-0.0264  0.0312] 
[-0.0268  0.0312] 
[-0.0268  0.032 ] 
[-0.0284  0.0316] 
[-0.0268  0.0312] 
[-0.0292  0.0316] 
[-0.03    0.0296] 
[-0.03    0.0308] 
[-0.0316  0.0316] 
[-0.0316  0.0316] 
[-0.0332  0.0328] 
[-0.0348  0.0328] 
[-0.0344  0.0328] 
[-0.0328  0.0356] 
[-0.0312  0.036 ] 
[-0.0312  0.036 ] 
[-0.0324  0.036 ] 
[-0.0332  0.0352] 
[-0.0348  0.0356] 
[-0.0364  0.0356] 
[-0.0364  0.0364] 
[-0.0372  0.0364] 
[-0.038   0.0356] 
[-0.0372  0.034 ] 
[-0.0364  0.0344] 
[-0.036   0.0364] 
[-0.0348  0.0364] 
[-0.0352  0.0364] 
[-0.036   0.0364] 
[-0.034   0.0368] 
[-0.0356  0.0376] 
[-0.0376  0.0392] 
[-0.0388  0.0392] 
[-0.0396  0.0392] 
[-0.0392  0.0404] 
[-0.0388  0.0412] 
[-0.0404  0.0412] 
[-0.04    0.0412] 
[-0.0408  0.0412] 
[-0.042   0.0392] 
[-0.0424  0.0376] 
[-0.0412  0.0388] 
[-0.0432  0.0356] 
[-0.0428  0.0376] 
[-0.0428  0.0364] 
[-0.0424  0.0372] 
[-0.0444  0.0368] 
[-0.0444  0.0376] 
[-0.0424  0.0388] 
[-0.0436  0.0372] 
[-0.0436  0.036 ] 
[-0.042  0.036] 
[-0.0448  0.036 ] 
[-0.0468  0.0356] 
[-0.0464  0.0368] 
[-0.0472  0.0356] 
[-0.0476  0.0364] 
[-0.0472  0.0364] 
[-0.048   0.0352] 
[-0.0488  0.0372] 
[-0.0504  0.0368] 
[-0.05    0.0352] 
[-0.0488  0.0336] 
[-0.0516  0.0344] 
[-0.0512  0.0364] 
[-0.0516  0.0344] 
[-0.0516  0.0356] 
[-0.0516  0.0356] 
[-0.0524  0.0356] 
[-0.0532  0.0352] 
[-0.0544  0.0344] 
[-0.0548  0.0368] 
[-0.0528  0.0388] 
[-0.0524  0.0392] 
[-0.0536  0.0384] 
[-0.056   0.0388] 
[-0.056   0.0388] 
[-0.0548  0.04  ] 
[-0.054  0.04 ] 
[-0.0524  0.0404] 
[-0.0532  0.0396] 
[-0.054   0.0404] 
[-0.0552  0.04  ] 
[-0.0528  0.0404] 
[-0.0544  0.0388] 
[-0.0548  0.0388] 
[-0.0552  0.0396] 
[-0.0556  0.04  ] 
[-0.056   0.0412] 
[-0.0568  0.0428] 
[-0.056   0.0424] 
[-0.0584  0.042 ] 
[-0.0572  0.0416] 
[-0.0568  0.0424] 
[-0.0576  0.0416] 
[-0.0568  0.0408] 
[-0.0568  0.0416] 
[-0.0564  0.0412] 
[-0.0576  0.0416] 
[-0.0568  0.0404] 
[-0.0572  0.0396] 
[-0.0584  0.04  ] 
[-0.0592  0.0384] 
[-0.0608  0.038 ] 
[-0.06    0.0384] 
[-0.0592  0.0388] 
[-0.06    0.0384] 
[-0.0584  0.0392] 
[-0.058   0.0396] 
[-0.058  0.04 ] 
[-0.0572  0.04  ] 
[-0.0576  0.0408] 
[-0.058  0.042] 
[-0.0596  0.0416] 
[-0.0616  0.0416] 
[-0.062   0.0412] 
[-0.0628  0.0424] 
[-0.0624  0.042 ] 
[-0.064   0.0416] 
[-0.062   0.0416] 
[-0.062   0.0424] 
[-0.0616  0.0428] 
[-0.0592  0.0432] 
[-0.0592  0.0432] 
[-0.062   0.0428] 
[-0.062   0.0424] 
[-0.0616  0.0424] 
[-0.0592  0.0424] 
[-0.06    0.0424] 
[-0.0608  0.0448] 
[-0.0616  0.0456] 
[-0.0616  0.0456] 
[-0.0616  0.0456] 
[-0.0632  0.046 ] 
[-0.0668  0.0472] 
[-0.0672  0.0464] 
[-0.0656  0.0476] 
[-0.0656  0.0476] 
[-0.0652  0.0452] 
[-0.0648  0.0448] 
[-0.0648  0.0472] 
[-0.0648  0.0484] 
[-0.0644  0.05  ] 
[-0.066   0.0496] 
[-0.0668  0.0504] 
[-0.0656  0.0508] 
[-0.0668  0.0508] 
[-0.066   0.0524] 
[-0.064   0.0516] 
[-0.0652  0.0516] 
[-0.0652  0.054 ] 
[-0.068   0.0552] 
[-0.0672  0.056 ] 
[-0.0692  0.0548] 
[-0.0704  0.0552] 
[-0.07    0.0564] 
[-0.0704  0.0572] 
[-0.0712  0.0568] 
[-0.0712  0.0568] 
[-0.0704  0.0584] 
[-0.0704  0.0596] 
[-0.0708  0.0608] 
[-0.0716  0.0608] 
[-0.0732  0.0612] 
[-0.0736  0.0608] 
[-0.0748  0.0612] 
[-0.0744  0.0628] 
[-0.0748  0.064 ] 
[-0.074   0.0644] 
[-0.0732  0.0644] 
[-0.0732  0.0656] 
[-0.0748  0.066 ] 
[-0.0744  0.0648] 
[-0.0732  0.0652] 
[-0.074   0.0664] 
[-0.0736  0.066 ] 
[-0.0712  0.0656] 
[-0.074   0.0652] 
[-0.0748  0.0664] 
[-0.0744  0.0664] 
[-0.0744  0.0684] 
[-0.0736  0.0696] 
[-0.0728  0.0712] 
[-0.074   0.0724] 
[-0.0732  0.074 ] 
[-0.072  0.072] 
[-0.0724  0.072 ] 
[-0.0736  0.0732] 
[-0.0752  0.074 ] 
[-0.0768  0.0764] 
[-0.078   0.0768] 
[-0.0784  0.0772] 
[-0.0776  0.0764] 
[-0.076   0.0776] 
[-0.078   0.0792] 
[-0.078   0.0784] 
[-0.0776  0.0784] 
[-0.078  0.078] 
[-0.0784  0.0772] 
[-0.0784  0.0772] 
[-0.0784  0.0784] 
[-0.078  0.08 ] 
[-0.0784  0.0808] 
[-0.0792  0.0804] 
[-0.0784  0.0812] 
[-0.076   0.0836] 
[-0.0772  0.0848] 
[-0.0776  0.0864] 
[-0.078  0.088] 
[-0.076  0.088] 
[-0.0752  0.0896] 
[-0.0748  0.0916] 
[-0.074   0.0932] 
[-0.0736  0.0948] 
[-0.0732  0.094 ] 
[-0.0732  0.0952] 
[-0.0744  0.0968] 
[-0.0748  0.0976] 
[-0.0756  0.1   ] 
[-0.076   0.1004] 
[-0.0764  0.1028] 
[-0.0768  0.1048] 
[-0.0772  0.1064] 
[-0.0764  0.1068] 
[-0.0744  0.106 ] 
[-0.0752  0.1056] 
[-0.0756  0.1064] 
[-0.0768  0.1088] 
[-0.0772  0.1068] 
[-0.076   0.1064] 
[-0.076   0.1068] 
[-0.0752  0.1076] 
[-0.0756  0.1068] 
[-0.0756  0.1096] 
[-0.0768  0.1108] 
[-0.076   0.1108] 
[-0.076   0.1108] 
[-0.0756  0.1136] 
[-0.0752  0.114 ] 
[-0.0748  0.116 ] 
[-0.0736  0.1172] 
[-0.074  0.118] 
[-0.0748  0.1208] 
[-0.0752  0.1208] 
[-0.0744  0.1208] 
[-0.0736  0.1208] 
[-0.0728  0.122 ] 
[-0.0716  0.1232] 
[-0.0712  0.124 ] 
[-0.0704  0.1232] 
[-0.07   0.124] 
[-0.0708  0.1244] 
[-0.0708  0.1248] 
[-0.072   0.1256] 
[-0.0724  0.1256] 
[-0.0712  0.1272] 
[-0.0716  0.1284] 
[-0.0716  0.1284] 
[-0.0716  0.1304] 
[-0.072   0.1312] 
[-0.0712  0.1328] 
[-0.0716  0.132 ] 
[-0.0716  0.1336] 
[-0.0724  0.1332] 
[-0.0716  0.134 ] 
[-0.0712  0.1336] 
[-0.0712  0.1328] 
[-0.072   0.1356] 
[-0.072  0.136] 
[-0.0704  0.1372] 
[-0.0704  0.138 ] 
[-0.0704  0.1392] 
[-0.0712  0.1396] 
[-0.0716  0.1384] 
[-0.0712  0.1384] 
[-0.0712  0.1404] 
[-0.0712  0.1416] 
[-0.0704  0.1432] 
[-0.0704  0.1448] 
[-0.0708  0.1452] 
[-0.0712  0.1452] 
[-0.0712  0.1472] 
[-0.07    0.1476] 
[-0.0692  0.148 ] 
[-0.068   0.1492] 
[-0.0684  0.1484] 
[-0.0688  0.148 ] 
[-0.0688  0.1468] 
[-0.0688  0.1476] 
[-0.0672  0.1484] 
[-0.0668  0.1492] 
[-0.0668  0.1496] 
[-0.0652  0.152 ] 
[-0.0664  0.154 ] 
[-0.0672  0.1552] 
[-0.066   0.1544] 
[-0.0668  0.1548] 
[-0.0656  0.1556] 
[-0.0652  0.1556] 
[-0.0652  0.156 ] 
[-0.0644  0.1564] 
[-0.064   0.1576] 
[-0.0644  0.1568] 
[-0.0644  0.158 ] 
[-0.0636  0.16  ] 
[-0.0632  0.1608] 
[-0.0628  0.1604] 
[-0.0636  0.1604] 
[-0.062   0.1612] 
[-0.0612  0.1624] 
[-0.0608  0.1632] 
[-0.0608  0.1644] 
[-0.0612  0.1668] 
[-0.062   0.1664] 
[-0.0616  0.1664] 
[-0.0616  0.1668] 
[-0.0612  0.1688] 
[-0.0608  0.1704] 
[-0.0608  0.1708] 
[-0.0608  0.17  ] 
[-0.0604  0.1708] 
[-0.06    0.1724] 
[-0.0596  0.1752] 
[-0.0592  0.1764] 
[-0.0596  0.1764] 
[-0.0588  0.1764] 
[-0.0588  0.176 ] 
[-0.0576  0.176 ] 
[-0.0576  0.1752] 
[-0.0572  0.176 ] 
[-0.0564  0.178 ] 
[-0.0564  0.1776] 
[-0.0564  0.1784] 
[-0.056   0.1772] 
[-0.0552  0.1776] 
[-0.0544  0.1756] 
[-0.0536  0.1768] 
[-0.0528  0.1784] 
[-0.052   0.1792] 
[-0.052  0.18 ] 
[-0.0524  0.1804] 
[-0.052   0.1808] 
[-0.0516  0.1804] 
[-0.0516  0.1808] 
[-0.0508  0.1816] 
[-0.0516  0.1804] 
[-0.0516  0.1816] 
[-0.0504  0.182 ] 
[-0.0508  0.1824] 
[-0.0512  0.182 ] 
[-0.0508  0.1816] 
[-0.0508  0.1816] 
[-0.0504  0.1824] 
[-0.0496  0.1824] 
[-0.05    0.1832] 
[-0.05   0.184] 
[-0.05   0.184] 
[-0.0496  0.1848] 
[-0.0492  0.1852] 
[-0.0488  0.1848] 
[-0.0484  0.1844] 
[-0.0484  0.184 ] 
[-0.0492  0.1836] 
[-0.0492  0.1824] 
[-0.0484  0.1828] 
[-0.0488  0.1832] 
[-0.0484  0.1832] 
[-0.0488  0.1832] 
[-0.0488  0.184 ] 
[-0.0488  0.184 ] 
[-0.0484  0.1844] 
[-0.0484  0.1844] 
[-0.048   0.1848] 
[-0.0476  0.1856] 
[-0.0472  0.186 ] 
[-0.0472  0.1876] 
[-0.0472  0.188 ] 
[-0.0476  0.1884] 
[-0.0476  0.1888] 
[-0.0476  0.1888] 
[-0.0476  0.1888] 
[-0.0468  0.1896] 
[-0.046  0.19 ] 
[-0.046   0.1904] 
[-0.046   0.1908] 
[-0.0456  0.1912] 
[-0.0456  0.1904] 
[-0.0452  0.1904] 
[-0.0452  0.1904] 
[-0.0456  0.1904] 
[-0.0456  0.1908] 
[-0.046   0.1904] 
[-0.0464  0.1904] 
[-0.046   0.1908] 
[-0.0456  0.1908] 
[-0.046   0.1908] 
[-0.0456  0.1908] 
[-0.0456  0.1904] 
[-0.046   0.1904] 
[-0.0456  0.1904] 
[-0.0448  0.1904] 
[-0.0448  0.1904] 
[-0.0448  0.1908] 
[-0.0448  0.1912] 
[-0.044   0.1912] 
[-0.0444  0.1928] 
[-0.0444  0.1932] 
[-0.044   0.1936] 
[-0.044   0.1936] 
[-0.0444  0.194 ] 
[-0.044   0.1944] 
[-0.044   0.1952] 
[-0.044   0.1952] 
[-0.044  0.194] 
[-0.044   0.1944] 
[-0.0432  0.194 ] 
[-0.0432  0.1936] 
[-0.0432  0.1928] 
[-0.0428  0.1924] 
[-0.0428  0.1924] 
[-0.0428  0.1928] 
[-0.0424  0.1944] 
[-0.0424  0.1936] 
[-0.0416  0.1944] 
[-0.0416  0.1936] 
[-0.0412  0.194 ] 
[-0.0412  0.1944] 
[-0.0408  0.1948] 
[-0.0408  0.1952] 
[-0.0408  0.1952] 
[-0.0404  0.1956] 
[-0.0408  0.1952] 
[-0.0412  0.1952] 
[-0.0412  0.1956] 
[-0.0412  0.1952] 
[-0.0416  0.1948] 
[-0.042   0.1948] 
[-0.0424  0.1952] 
[-0.0424  0.1948] 
[-0.0424  0.1948] 
[-0.0424  0.1948] 
[-0.0416  0.1952] 
[-0.0412  0.1956] 
[-0.0404  0.1956] 
[-0.0408  0.1948] 
[-0.0408  0.1952] 
[-0.0408  0.1948] 
[-0.0404  0.1948] 
[-0.04    0.1948] 
[-0.0396  0.1944] 
[-0.0396  0.1944] 
[-0.0396  0.194 ] 
[-0.0396  0.194 ] 
[-0.04   0.194] 
[-0.04   0.194] 
[-0.04    0.1932] 
[-0.04    0.1928] 
[-0.0396  0.1924] 
[-0.0396  0.192 ] 
[-0.0396  0.192 ] 
[-0.0396  0.1904] 
[-0.0396  0.19  ] 
[-0.0396  0.19  ] 
[-0.04    0.1896] 
[-0.0396  0.19  ] 
[-0.0388  0.1892] 
[-0.0392  0.1896] 
[-0.0392  0.1896] 
[-0.0396  0.19  ] 
[-0.0396  0.1904] 
[-0.0404  0.1908] 
[-0.0404  0.1912] 
[-0.0408  0.1916] 
[-0.0408  0.1916] 
[-0.0408  0.1924] 
[-0.0404  0.192 ] 
[-0.04    0.1912] 
[-0.04    0.1916] 
[-0.04   0.192] 
[-0.04   0.192] 
[-0.0396  0.1924] 
[-0.0396  0.1932] 
[-0.0396  0.1928] 
[-0.0396  0.1928] 
[-0.0396  0.1928] 
[-0.04   0.192] 
[-0.04    0.1924] 
[-0.0404  0.1924] 
[-0.0404  0.1924] 
[-0.0404  0.1928] 
[-0.0404  0.1928] 
[-0.0408  0.1928] 
[-0.0408  0.1928] 
[-0.0408  0.1936] 
[-0.0408  0.1944] 
[-0.0408  0.1944] 
[-0.0412  0.1944] 
[-0.0412  0.1948] 
[-0.0412  0.1944] 
[-0.0408  0.1948] 
[-0.0404  0.1948] 
[-0.0404  0.1948] 
[-0.0396  0.1948] 
[-0.0392  0.1944] 
[-0.0392  0.1944] 
[-0.0392  0.1944] 
[-0.0388  0.1952] 
[-0.0388  0.1956] 
[-0.0384  0.1952] 
[-0.038   0.1948] 
[-0.0376  0.1948] 
[-0.0376  0.1944] 
[-0.0376  0.194 ] 
[-0.0376  0.1936] 
[-0.0376  0.1936] 
[-0.0376  0.1936] 
[-0.0376  0.1936] 
[-0.0376  0.1936] 
[-0.0376  0.1932] 
[-0.0376  0.1932] 
[-0.0376  0.1928] 
[-0.0376  0.1932] 
[-0.038   0.1936] 
[-0.038   0.1936] 
[-0.038  0.194] 
[-0.038  0.194] 
[-0.0376  0.194 ] 
[-0.0372  0.1944] 
[-0.0368  0.194 ] 
[-0.0368  0.1944] 
[-0.0368  0.1944] 
[-0.0368  0.1936] 
[-0.0368  0.194 ] 
[-0.0364  0.194 ] 
[-0.0364  0.1944] 
[-0.0364  0.194 ] 
[-0.0364  0.1936] 
[-0.0364  0.1936] 
[-0.0364  0.1936] 
[-0.0364  0.1936] 
[-0.0364  0.1936] 
[-0.0364  0.1932] 
[-0.0364  0.1928] 
[-0.0364  0.1928] 
[-0.0364  0.1928] 
[-0.0368  0.1928] 
[-0.0364  0.1928] 
[-0.0364  0.1924] 
[-0.0364  0.1924] 
[-0.036   0.1924] 
[-0.0364  0.1924] 
[-0.0364  0.1924] 
[-0.0364  0.1928] 
[-0.0364  0.1932] 
[-0.0368  0.1932] 
[-0.0372  0.1932] 
[-0.0372  0.1932] 
[-0.0368  0.1932] 
[-0.0368  0.1924] 
[-0.0368  0.1924] 
[-0.0368  0.192 ] 
[-0.0368  0.1912] 
[-0.0364  0.19  ] 
[-0.0364  0.19  ] 
[-0.0364  0.1896] 
[-0.0364  0.19  ] 
[-0.0364  0.19  ] 
[-0.0364  0.1904] 
[-0.0364  0.1904] 
[-0.0364  0.19  ] 
[-0.0364  0.1904] 
[-0.0364  0.1904] 
[-0.0364  0.1904] 
[-0.0364  0.19  ] 
[-0.036  0.19 ] 
[-0.036   0.1896] 
[-0.036   0.1896] 
[-0.036   0.1896] 
[-0.036   0.1896] 
[-0.0364  0.19  ] 
[-0.0364  0.19  ] 
[-0.0364  0.1904] 
[-0.0356  0.1904] 
[-0.0356  0.1904] 
[-0.0352  0.19  ] 
[-0.0352  0.1896] 
[-0.0352  0.19  ] 
[-0.0348  0.19  ] 
[-0.0348  0.19  ] 
[-0.0348  0.19  ] 
[-0.0348  0.19  ] 
[-0.0348  0.19  ] 
[-0.0348  0.19  ] 
[-0.0344  0.19  ] 
[-0.0344  0.19  ] 
[-0.034   0.1904] 
[-0.034  0.19 ] 
[-0.034   0.1896] 
[-0.034   0.1892] 
[-0.034   0.1892] 
[-0.034   0.1896] 
[-0.034   0.1892] 
[-0.0332  0.1888] 
[-0.0332  0.1884] 
[-0.0332  0.188 ] 
[-0.0332  0.188 ] 
[-0.0328  0.1872] 
[-0.0328  0.1876] 
[-0.0328  0.1876] 
[-0.0328  0.1872] 
[-0.0328  0.1872] 
[-0.0328  0.1872] 
[-0.0328  0.1868] 
[-0.0332  0.1864] 
[-0.0332  0.1864] 
[-0.0332  0.1868] 
[-0.0332  0.1868] 
[-0.0328  0.1868] 
[-0.0328  0.1868] 
[-0.0328  0.1868] 
[-0.0328  0.1868] 
[-0.0328  0.1868] 
[-0.0328  0.1864] 
[-0.0328  0.1864] 
[-0.0328  0.1864] 
[-0.0328  0.1864] 
[-0.0328  0.1864] 
[-0.0328  0.1864] 
[-0.0328  0.1864] 
[-0.0328  0.1864] 
[-0.0332  0.1868] 
[-0.0332  0.1868] 
[-0.0332  0.1868] 
[-0.0332  0.1868] 
[-0.0328  0.1868] 
[-0.0328  0.1864] 
[-0.0328  0.1868] 
[-0.0328  0.1868] 
[-0.0328  0.1868] 
[-0.0328  0.1868] 
[-0.0328  0.1868] 
[-0.0328  0.1868] 
[-0.0328  0.1868] 
[-0.0328  0.1868] 
[-0.0328  0.1868] 
[-0.0328  0.1868] 
[-0.0328  0.1872] 
[-0.0328  0.1872] 
[-0.0328  0.1868] 
[-0.0328  0.1868] 
[-0.0328  0.1868] 
[-0.0328  0.1868] 
[-0.0324  0.1868] 
[-0.0324  0.1864] 
[-0.0324  0.1864] 
[-0.0324  0.1864] 
[-0.0324  0.1864] 
[-0.0324  0.1864] 
[-0.0324  0.1864] 
[-0.0324  0.186 ] 
[-0.0324  0.186 ] 
[-0.0324  0.186 ] 
[-0.0324  0.186 ] 
[-0.0324  0.186 ] 
[-0.0324  0.1856] 
[-0.0324  0.1856] 
[-0.0324  0.1856] 
[-0.032   0.1856] 
[-0.032   0.1856] 
[-0.0316  0.1856] 
[-0.0316  0.1852] 
[-0.0316  0.1852] 
[-0.0312  0.1856] 
[-0.0312  0.1856] 
[-0.0308  0.1852] 
[-0.0308  0.1852] 
[-0.0304  0.1848] 
[-0.0304  0.1848] 
[-0.0304  0.1848] 
[-0.0304  0.1848] 
[-0.0304  0.1848] 
[-0.0304  0.1848] 
[-0.0304  0.1848] 
[-0.0304  0.1844] 
[-0.0304  0.1844] 
[-0.0304  0.1836] 
[-0.0304  0.1836] 
[-0.0304  0.1836] 
[-0.0304  0.1832] 
[-0.0304  0.1832] 
[-0.0304  0.1832] 
[-0.0304  0.1832] 
[-0.0304  0.1832] 
[-0.03    0.1832] 
[-0.03    0.1832] 
[-0.0304  0.1832] 
[-0.0308  0.1832] 
[-0.0308  0.1832] 
[-0.0308  0.1836] 
[-0.0308  0.1836] 
[-0.0308  0.1836] 
[-0.0308  0.1832] 
[-0.0308  0.1832] 
[-0.0308  0.1832] 
[-0.0308  0.1832] 
[-0.0308  0.1832] 
[-0.0308  0.1832] 
[-0.0308  0.1828] 
[-0.0308  0.1828] 
[-0.0308  0.1828] 
[-0.0308  0.1828] 
[-0.0308  0.1828] 
[-0.0308  0.1828] 
[-0.0308  0.1824] 
[-0.0308  0.1824] 
[-0.0308  0.1824] 
[-0.0308  0.1824] 
[-0.0308  0.1824] 
[-0.0308  0.1824] 
[-0.0304  0.182 ] 
[-0.0304  0.182 ] 
[-0.0304  0.182 ] 
[-0.0304  0.182 ] 
[-0.0304  0.182 ] 
[-0.0304  0.182 ] 
[-0.0304  0.182 ] 
[-0.0304  0.1816] 
[-0.0304  0.1816] 
[-0.0304  0.182 ] 
[-0.0304  0.182 ] 
[-0.0304  0.182 ] 
[-0.0304  0.182 ] 
[-0.0308  0.182 ] 
[-0.0308  0.182 ] 
[-0.0308  0.182 ] 
[-0.0308  0.182 ] 
[-0.0308  0.182 ] 
[-0.0308  0.182 ] 
[-0.0308  0.182 ] 
[-0.0304  0.182 ] 
[-0.03   0.182] 
[-0.03   0.182] 
[-0.03   0.182] 
[-0.03   0.182] 
[-0.03   0.182] 
[-0.03   0.182] 
[-0.03   0.182] 
[-0.03   0.182] 
[-0.03   0.182] 
[-0.03   0.182] 
[-0.03   0.182] 
[-0.03   0.182] 
[-0.03   0.182] 
[-0.03    0.1816] 
[-0.03    0.1816] 
[-0.03    0.1816] 
[-0.03    0.1816] 
[-0.03    0.1816] 
[-0.03    0.1816] 
[-0.0296  0.1816] 
[-0.0296  0.1816] 
[-0.0296  0.1812] 
[-0.0296  0.1812] 
[-0.0296  0.1812] 
[-0.0296  0.1812] 
[-0.0296  0.1812] 
[-0.0296  0.1812] 
[-0.0296  0.1812] 
[-0.0296  0.1812] 
[-0.0292  0.1812] 
[-0.0292  0.1812] 
[-0.0292  0.1812] 
[-0.0292  0.1812] 
[-0.0292  0.1812] 
[-0.0292  0.1812] 
[-0.0292  0.1812] 
[-0.0292  0.1812] 
[-0.0292  0.1812] 
[-0.0292  0.1812] 
[-0.0292  0.1812] 
[-0.0292  0.1812] 
[-0.0292  0.1812] 
[-0.0292  0.1812] 
[-0.0292  0.1808] 
[-0.0292  0.1808] 
[-0.0292  0.1808] 
[-0.0292  0.1808] 
[-0.0292  0.1808] 
[-0.0292  0.1808] 
[-0.0292  0.1808] 
[-0.0292  0.1808] 
[-0.0292  0.1808] 
[-0.0292  0.1808] 
[-0.0292  0.1808] 
[-0.0292  0.1808] 
[-0.0292  0.1808] 
[-0.0292  0.1808] 
[-0.0292  0.1808] 
[-0.0296  0.1808] 
[-0.0296  0.1808] 
[-0.0296  0.1808] 
[-0.0296  0.1808] 
[-0.0296  0.1808] 
[-0.0296  0.1804] 
[-0.0296  0.1804] 
[-0.0296  0.1804] 
[-0.0296  0.1804] 
[-0.0296  0.1804] 
[-0.0296  0.1804] 
[-0.0296  0.1804] 
[-0.0296  0.1804] 
[-0.0296  0.1804] 
[-0.0296  0.1804] 
[-0.0296  0.1804] 
[-0.0296  0.1804] 
[-0.0296  0.1804] 
[-0.0296  0.1804] 
[-0.0296  0.1804] 
[-0.0296  0.1804] 
[-0.0296  0.1804] 
[-0.0296  0.1804] 
[-0.0296  0.1804] 
[-0.0296  0.1804] 
[-0.0296  0.1804] 
[-0.0296  0.1804] 
[-0.0296  0.1804] 
[-0.0296  0.1804] 
[-0.0296  0.1804] 
[-0.0296  0.1804] 
[-0.0296  0.1804] 
[-0.0296  0.1804] 
[-0.0296  0.1804] 
[-0.0296  0.1804] 
[-0.0296  0.1804] 
[-0.0296  0.1804] 
[-0.0296  0.1804] 
[-0.0296  0.1804] 
[-0.0296  0.1804] 
[-0.0296  0.1804] 
[-0.0296  0.1804] 
[-0.0296  0.1804] 
[-0.0296  0.1804] 
[-0.0296  0.1804] 
[-0.0296  0.1804] 
[-0.0296  0.1804] 
[-0.0296  0.1804] 
[-0.03    0.1804] 
[-0.03    0.1804] 
[-0.03    0.1804] 
[-0.03    0.1804] 
[-0.03    0.1804] 
[-0.03    0.1804] 
[-0.03    0.1804] 
[-0.03    0.1804] 
[-0.03    0.1804] 
[-0.03    0.1804] 
[-0.03    0.1804] 
[-0.03    0.1804] 
[-0.03    0.1804] 
[-0.03    0.1804] 
[-0.03    0.1804] 
[-0.03    0.1804] 
[-0.03    0.1804] 
[-0.03    0.1804] 
[-0.03    0.1804] 
[-0.03    0.1804] 
[-0.03    0.1804] 
[-0.03  0.18] 
[-0.03  0.18] 
[-0.03  0.18] 
[-0.03  0.18] 
[-0.03  0.18] 
[-0.03  0.18] 
[-0.03  0.18] 
[-0.03  0.18] 
[-0.03  0.18] 
[-0.03  0.18] 
[-0.03  0.18] 
[-0.03  0.18] 
[-0.03  0.18] 
[-0.03  0.18] 
[-0.03  0.18] 
[-0.03  0.18] 
[-0.03  0.18] 
[-0.03  0.18] 
[-0.03  0.18] 
[-0.03  0.18] 
[-0.03  0.18] 
[-0.03  0.18] 
[-0.03  0.18] 
[-0.03  0.18] 
[-0.03  0.18] 
[-0.03  0.18] 
[-0.03  0.18] 
[-0.03  0.18] 
[-0.03  0.18] 
[-0.03  0.18] 
[-0.03  0.18] 
[-0.03  0.18] 
[-0.03  0.18] 
[-0.03  0.18] 
[-0.03  0.18] 
[-0.03  0.18] 
[-0.03  0.18] 
[-0.03  0.18] 
[-0.0304  0.18  ] 
[-0.0304  0.18  ] 
[-0.0304  0.18  ] 
[-0.0304  0.18  ] 
[-0.0304  0.18  ] 
[-0.0304  0.18  ] 
[-0.0304  0.18  ] 
[-0.0304  0.18  ] 
[-0.0304  0.18  ] 
[-0.0304  0.18  ] 
[-0.0304  0.18  ] 
[-0.0304  0.18  ] 
[-0.0304  0.18  ] 
[-0.0304  0.18  ] 
[-0.0304  0.18  ] 
[-0.0304  0.18  ] 
[-0.0304  0.18  ] 
[-0.0304  0.18  ] 
[-0.0304  0.1796] 
[-0.0304  0.1796] 
[-0.0304  0.1796] 
[-0.0304  0.1796] 
[-0.0304  0.1796] 
[-0.0304  0.1796] 
[-0.0304  0.1796] 
[-0.0304  0.1796] 
[-0.0304  0.1796] 
[-0.0304  0.1796] 
[-0.0304  0.1796] 
[-0.0304  0.1796] 
[-0.0304  0.1796] 
[-0.0304  0.1796] 
[-0.0304  0.1796] 
[-0.0304  0.1796] 
[-0.0304  0.1796] 
[-0.0304  0.1796] 
[-0.0304  0.1796] 
[-0.0304  0.1792] 
[-0.0304  0.1792] 
[-0.0304  0.1792] 
[-0.0304  0.1792] 
[-0.0304  0.1792] 
[-0.0304  0.1792] 
[-0.0304  0.1792] 
[-0.0304  0.1792] 
[-0.0304  0.1792] 
[-0.0304  0.1792] 
[-0.0304  0.1792] 
[-0.0304  0.1792] 
[-0.0304  0.1792] 
[-0.0304  0.1792] 
[-0.0304  0.1792] 
[-0.0304  0.1792] 
[-0.0304  0.1792] 
[-0.0304  0.1792] 
[-0.0304  0.1792] 
[-0.0304  0.1792] 
[-0.0304  0.1792] 
[-0.0304  0.1792] 
[-0.0304  0.1792] 
[-0.0304  0.1796] 
[-0.0304  0.1796] 
[-0.0304  0.1796] 
[-0.0304  0.1796] 
[-0.03  0.18] 
[-0.03  0.18] 
[-0.03  0.18] 
[-0.03  0.18] 
[-0.03  0.18] 
[-0.03  0.18] 
[-0.03  0.18] 
[-0.03  0.18] 
[-0.03  0.18] 
[-0.03  0.18] 
[-0.03  0.18] 
[-0.03  0.18] 
[-0.03  0.18] 
[-0.03  0.18] 
[-0.03  0.18] 
[-0.03  0.18] 
[-0.03  0.18] 
[-0.03  0.18] 
[-0.03  0.18] 
[-0.03  0.18] 
[-0.03  0.18] 
[-0.03  0.18] 
[-0.03  0.18] 
[-0.03  0.18] 
[-0.03  0.18] 
[-0.03  0.18] 
[-0.03  0.18] 
[-0.03  0.18] 
[-0.03  0.18] 
[-0.03  0.18] 
[-0.03  0.18] 
[-0.03  0.18] 
[-0.03  0.18] 
[-0.03  0.18] 
[-0.03  0.18] 
[-0.03  0.18] 
[-0.03  0.18] 
[-0.03  0.18] 
[-0.03  0.18] 
[-0.03  0.18] 
[-0.03  0.18] 
[-0.03  0.18] 
[-0.03  0.18] 
[-0.03  0.18] 
[-0.03  0.18] 
[-0.0288  0.18  ] 
[-0.0288  0.18  ] 
[-0.0288  0.18  ] 
[-0.0288  0.18  ] 
[-0.0288  0.18  ] 
[-0.0288  0.18  ] 
[-0.0288  0.18  ] 
[-0.0288  0.18  ] 
[-0.0288  0.18  ] 
[-0.0288  0.18  ] 
[-0.0288  0.18  ] 
[-0.0288  0.18  ] 
[-0.0288  0.18  ] 
[-0.0288  0.18  ] 
[-0.0288  0.18  ] 
[-0.0288  0.18  ] 
[-0.0288  0.18  ] 
[-0.0284  0.18  ] 
[-0.0284  0.18  ] 
[-0.0284  0.18  ] 
[-0.0284  0.18  ] 
[-0.0284  0.18  ] 
[-0.0284  0.18  ] 
[-0.0284  0.18  ] 
[-0.0284  0.18  ] 
[-0.0284  0.18  ] 
[-0.0284  0.18  ] 
[-0.0284  0.18  ] 
[-0.0284  0.18  ] 
[-0.0284  0.18  ] 
[-0.0284  0.18  ] 
[-0.0284  0.18  ] 
[-0.0284  0.18  ] 
[-0.0284  0.18  ] 
[-0.0284  0.18  ] 
[-0.0284  0.18  ] 
[-0.0284  0.18  ] 
[-0.0284  0.18  ] 
[-0.0284  0.18  ] 
[-0.0284  0.18  ] 
[-0.0284  0.18  ] 
[-0.0284  0.18  ] 
[-0.0284  0.18  ] 
[-0.0284  0.18  ] 
