0.016287347727607464 
0.016218269204819606 
0.016161464785099153 
0.0161044590098519 
0.016044545989213906 
0.015984192191036743 
0.015906466106586966 
0.015861136907548586 
0.015795776144273507 
0.015732424606525214 
0.0156893028525808 
0.01565874835355623 
0.015620497303223095 
0.015579471621335557 
0.015556348671844557 
0.015507415516455342 
0.01547899273208693 
0.015455641817795856 
0.015432283564009573 
0.015393403262436801 
0.015377804264588622 
0.015333560056294819 
0.015276036658767221 
0.015228894116120186 
0.015202630824959212 
0.015181567244523866 
0.0152 
0.015171024487489299 
0.01514987471895395 
0.015136691316136429 
0.015115552785128302 
0.015078452971044477 
0.015081100755581469 
0.015033291589003385 
0.01501997816243419 
0.014987961035444414 
0.014977262767274933 
0.014961206368471763 
0.014937137075089053 
0.014921035352816504 
0.014902314451117988 
0.014883482925713322 
0.014875463824701401 
0.014862031624243034 
0.014837787436137504 
0.014816207341961707 
0.014805404418657398 
0.014818906302423265 
0.014797283534486996 
0.014783766231918037 
0.014764796510619443 
0.014745768749034415 
0.014740342465492448 
0.014743090042457179 
0.014721399390003656 
0.014724127682141309 
0.014718693420273416 
0.014707821048680188 
0.014702378583072877 
0.014702361170914011 
0.014702345935258088 
0.01470508755499266 
0.014699659315780076 
0.014680590723809448 
0.014677869600183807 
0.014672422567524424 
0.014677847798638599 
0.014672409481744982 
0.014680590723809448 
0.014677873960488965 
0.014672422567524424 
0.014672418205599239 
0.01466967702439287 
0.014647864554261824 
0.014650592342973712 
0.014656056222599584 
0.014666942967094405 
0.014658707173553881 
0.014658766114513187 
0.014644938511308268 
0.014655964519607706 
0.014658646049345758 
0.014645043393585421 
0.014650400131054444 
0.014650439447333994 
0.014650553027104472 
0.014664102563743887 
0.014677677745474592 
0.014694094051693014 
0.014696674998107563 
0.014718269463493323 
0.014729249268038067 
0.014737250218409133 
0.014734566705539732 
0.01474273841591175 
0.014750715779242713 
0.014753526493689568 
0.014772322227733866 
0.01478032800718577 
0.014782993472230175 
0.014790889628416539 
0.014791149245410246 
0.014796297374681276 
0.014809942606235853 
0.014809942606235851 
0.014820653696784094 
0.014828607486881562 
0.014841832770921522 
0.014855557882489635 
0.014872135018214432 
0.014893709276066855 
0.014912306863795419 
0.014930854496645529 
0.01494691995027738 
0.014957877389522888 
0.014973990784022808 
0.014992851630026892 
0.015014043559281424 
0.01503002009313361 
0.015040508502042076 
0.015064681344124076 
0.015085611157656158 
0.015077612543105093 
0.015096213564997019 
0.015112103228869236 
0.015128056583712267 
0.015143988906493558 
0.015167778479395062 
0.015191217989351611 
0.015201830942356909 
0.015209841024810222 
0.015214940026171644 
0.015214940026171644 
0.01524128918431771 
0.015251783371134014 
0.015262188571761261 
0.015275244809822197 
0.015288198847477095 
0.015293336588200758 
0.015303487707055538 
0.015316266385774309 
0.015334710430914564 
0.015337482974725676 
0.015355563942753775 
0.01536629870853746 
0.015376805389937147 
0.015379453826453003 
0.015379545376895898 
0.015387390162077519 
0.01540306463013124 
0.015400246751269928 
0.01543372929657638 
0.015454343596542687 
0.015472504128291582 
0.01548284159965476 
0.015500639470679912 
0.01551896852242442 
0.015544824990973684 
0.015560355265867165 
0.015594050147411992 
0.015619679894287206 
0.015650020319475627 
0.015672957091755212 
0.01569086154422376 
0.01570133038949248 
0.01570124275336191 
0.015731954741862186 
0.01576243635990325 
0.01578272473307445 
0.015808048582921296 
0.01582056939556854 
0.015840504537419257 
0.0158630619995006 
0.015876007054672153 
0.01588608195874615 
0.015918542646863123 
0.015928590647009546 
0.015958979415990233 
0.015991657324992928 
0.016024333496279967 
0.01605157637118548 
0.016066521216492383 
0.01608658124027601 
0.01609889437197474 
0.016128902752512334 
0.016151304095954604 
0.01617348150522948 
0.01618849764493296 
0.01622293487627932 
0.016237840250476664 
0.016252361797597297 
0.016281796461078857 
0.0163064865621016 
0.016318779856349556 
0.016335827619070913 
0.016335827619070913 
0.016355598429895493 
0.01637279255350168 
0.01638749523264614 
0.016392325521413977 
0.016414188983924854 
0.01643847973506066 
0.01644814591374967 
0.016465313358694392 
0.0164799373785218 
0.016487291590798047 
0.016506733656299177 
0.01652374727475581 
0.01654546028371529 
0.016574401467323037 
0.0165889601844118 
0.016596211133870286 
0.016610665970995867 
0.01661315334305923 
0.016627454886422036 
0.016634690979997195 
0.01665153446382645 
0.01667322404335766 
0.016694861484900077 
0.016723628314453773 
0.01675708041396233 
0.016761859562709622 
0.016776173580408615 
0.016802380307563567 
0.016811900071080604 
0.016830919642134828 
0.016845176876483074 
0.016854668670727407 
0.016878384282863094 
0.0169020666192037 
0.016913892041750766 
0.016939889491965406 
0.016954055090154685 
0.016961130151024725 
0.016975276139138355 
0.016991758472859716 
0.016996465985610068 
0.017003529045465825 
0.017015275489982523 
0.0170317181752165 
0.017052854775667325 
0.017066904112931554 
0.01706675786433967 
0.017090179168165562 
0.017106497479028256 
0.017127463326482413 
0.017153005567538303 
0.017180781821558647 
0.01718987422874292 
0.017194276256940855 
0.017201019039580184 
0.017212691131836415 
0.01723344422917253 
0.017244994172222847 
0.01726580481761566 
0.017288738068465263 
0.017316479549839222 
0.017341577321570264 
0.01735976958372432 
0.01736187593550881 
0.017377789963053416 
0.017389081171815833 
0.017400792625624845 
0.017412212266107948 
0.017423478412762476 
0.0174376714041755 
0.017460457725958962 
0.01747183836921576 
0.017471548986852884 
0.017478634271589986 
0.017484976408334095 
0.017507838244626317 
0.01752594921823066 
0.017539637852589773 
0.017566320047181196 
0.01756614516619967 
0.017588355693469473 
0.017601417670176457 
0.01761267725247925 
0.017618978403982452 
0.017621352502007328 
0.017639294316950438 
0.017661744421205966 
0.017672519231846942 
0.017689933408580147 
0.017705400757960833 
0.01771443524360853 
0.0177343846806141 
0.017750287434292435 
0.017761430122599925 
0.01777730868269998 
0.01779317217361761 
0.017808043126632415 
0.017816772322730063 
0.01783472388348079 
0.01783631845421022 
0.017833943366513196 
0.017828643919266546 
0.017835783806718446 
0.017826261526186583 
0.017837890458235243 
0.01785078776973162 
0.017859748710438227 
0.017873459206320413 
0.017879471580558522 
0.01789051145160473 
0.017909600107205076 
0.017918231609173937 
0.017915542302704656 
0.017926855385147725 
0.017922995731740828 
0.01794292105539118 
0.01795330431981812 
0.017963974615880528 
0.01797637382788865 
0.017980168631022343 
0.017997957217417756 
0.017995899532949167 
0.018015060366260226 
0.018027696025837578 
0.01803826643555306 
0.018046070375569302 
0.01806211504780102 
0.018062467605507285 
0.018069631982970763 
0.018082562207828848 
0.0180947687467953 
0.01811852709245429 
0.018129379912175708 
0.018136333036201116 
0.018149176951035552 
0.01816 
0.018175217852889683 
0.018182013089864387 
0.018192031222488598 
0.018216003513394478 
0.018222391061548427 
0.01823276172169208 
0.01824510630278706 
0.01825667614874077 
0.01825825577649738 
0.018276506887258296 
0.01828681011002192 
0.01829992961735099 
0.01830472551009711 
0.018307810792118212 
0.018308901004702602 
0.018319154565645215 
0.018329394534462945 
0.0183435237618076 
0.01835075104730049 
0.01836141868157251 
0.018363368318475782 
0.018366333983677853 
0.018376038310800293 
0.01838232847057195 
0.018391507170430595 
0.018388615608576953 
0.018398277745484765 
0.018409336326983654 
0.018421357604693527 
0.018428124592589447 
0.01843629637427214 
0.018434381356584765 
0.018435784333735303 
0.018449309580577805 
0.01845070882107243 
0.0184553879395693 
0.018457818289277853 
0.01847028965663506 
0.018470816332799154 
0.01847219055770051 
0.018479476615965072 
0.018484647034769153 
0.018491686348194425 
0.018499243660214867 
0.018494366709893045 
0.01850733908480633 
0.01850678405342214 
0.01850678405342214 
0.01851298830551135 
0.018520505824625846 
0.01852406694006475 
0.018525387985140824 
0.018532893567924032 
0.018532893567924032 
0.018542090928479454 
0.01855071793758937 
0.01855071793758937 
0.01855633584520392 
0.018560075861913924 
0.01856625368780681 
0.018569986537421077 
0.01858721065679302 
0.01858849364526346 
0.018592213423904103 
0.018596515802698093 
0.018605117575548936 
0.018603259499345805 
0.018610579356914174 
0.018613591163448285 
0.018619174632619997 
0.01863206011153893 
0.018629624150798104 
0.01863206011153893 
0.018644358288769286 
0.018644358288769286 
0.018648066923946837 
0.018648066923946837 
0.018651771390406864 
0.018657320279182647 
0.018656726829752314 
0.018664104157446185 
0.018674515683144235 
0.01867879910486753 
0.018680638532983823 
0.018684920551075405 
0.018684920551075405 
0.01868370455771553 
0.018689205440574518 
0.01869531663278266 
0.018697146734194498 
0.01870080383299071 
0.018709978514151213 
0.018707530462356597 
0.018707530462356597 
0.01871425381894774 
0.018720355124836704 
0.018725246700644557 
0.018736232278662644 
0.018739885165069716 
0.018745978128654688 
0.01874415364853799 
0.018750245225063057 
0.018752687700700398 
0.018759394020063654 
0.018756953270720703 
0.018760598711128597 
0.018760598711128597 
0.018762419886571135 
0.018764240032572595 
0.018767877237450162 
0.018777586213355537 
0.01877939977741568 
0.018778764176590534 
0.018778764176590534 
0.01878302382472002 
0.018786643766250534 
0.01878600159693382 
0.01878600159693382 
0.018784834308558592 
0.018786643766250534 
0.018788452198092317 
0.018790901628181655 
0.018800052765883396 
0.018804307591613154 
0.018812814356177546 
0.018818873505074635 
0.01882789419983021 
0.01882853833944632 
0.01882724663884765 
0.01882789419983021 
0.018831495320340338 
0.018833294348042248 
0.018836889339803427 
0.018838685304447336 
0.018838685304447336 
0.018842274172721295 
0.018847176552470663 
0.018849625990984543 
0.018851420742214627 
0.018853869629336044 
0.018854521367565925 
0.018852724365459757 
0.018856967306542162 
0.01885941207991384 
0.01885941207991384 
0.01886365351675014 
0.01886480066154954 
0.018868387954459706 
0.018867731607164654 
0.018866594817295464 
0.018868387954459703 
0.01887083463972911 
0.01887262737405685 
0.018870180073332632 
0.018870180073332632 
0.018874419090398515 
0.01887686584155325 
0.01887686584155325 
0.018879311428121527 
0.018879311428121527 
0.01887996228809793 
0.018886641204830468 
0.018886641204830468 
0.018889082137573544 
0.018889082137573544 
0.018890366221966156 
0.018892802439024234 
0.018892802439024234 
0.018897671390941263 
0.01890126937536207 
0.01890973252058315 
0.01891396267311533 
0.018918191879775403 
0.018922420141197584 
0.018924215598010927 
0.018926647458015377 
0.01892844251384672 
0.018932668485979465 
0.01893689351504095 
0.018936254751138096 
0.018936254751138096 
0.018938686754894067 
0.01894047898021589 
0.01893804636175548 
0.01893804636175548 
0.018941626540505966 
0.01894097948892823 
0.018943415109214073 
0.018943415109214073 
0.018943415109214073 
0.018950715026088066 
0.01895250442553701 
0.01895493603260111 
0.01895493603260111 
0.01895672503361274 
0.01895672503361274 
0.01895915609936265 
0.01895915609936265 
0.018962732292578513 
0.018970521974895682 
0.018970521974895682 
0.01896873680559673 
0.018974738575274232 
0.01897716986275878 
0.018976522336824522 
0.01897830508765206 
0.01897830508765206 
0.01897765254187145 
0.01897765254187145 
0.01897765254187145 
0.01897765254187145 
0.01898298985934513 
0.018980552573621242 
0.01898476694615976 
0.01898476694615976 
0.018986543023941985 
0.01898898038336972 
0.018991416587500788 
0.01899385163677973 
0.01899385163677973 
0.01899385163677973 
0.01899385163677973 
0.01899385163677973 
0.018996285531650656 
0.018996285531650656 
0.018998718272557228 
0.019000496414567702 
0.019004706364477195 
0.019004706364477195 
0.019002273548183648 
0.019002273548183648 
0.018999839578270127 
0.01900338959238588 
0.01900338959238588 
0.019005163087961123 
0.019005163087961123 
0.01901003356125391 
0.019007598901492003 
0.019013579989049928 
0.019011144100237628 
0.01901357998904993 
0.01901180727863608 
0.01901180727863608 
0.01901180727863608 
0.01901180727863608 
0.01901180727863608 
0.019014241399540503 
0.019012467067690088 
0.019012467067690088 
0.019012467067690088 
0.019014899421243334 
0.019016674367512316 
0.019019106182993982 
0.019019106182993982 
0.019016674367512316 
0.019019106182993982 
0.019019106182993982 
0.019016674367512316 
0.01901844830684144 
0.019016674367512316 
0.019019106182993982 
0.019019106182993982 
0.019016674367512316 
0.019021536846427527 
0.019021536846427527 
0.01901976067147008 
0.019024617315467875 
0.01902946935676347 
0.01902946935676347 
0.019031893652498168 
0.019037875511726615 
0.019037875511726615 
0.019039653358189062 
0.019039653358189062 
0.019037875511726615 
0.019039653358189062 
0.019043854651829287 
0.019043854651829287 
0.019046277956598235 
0.019048055018820162 
0.01905047778928392 
0.01905047778928392 
0.01905047778928392 
0.01905047778928392 
0.019046277956598235 
0.019046277956598235 
0.019048055018820165 
0.01905160612651857 
0.01905160612651857 
0.019055804784894284 
0.019054030124884342 
0.019055804784894284 
0.019057578440085196 
0.019057578440085196 
0.019061775782964186 
0.019061775782964186 
0.019061775782964186 
0.019061775782964186 
0.01906354804332079 
0.01906354804332079 
0.019067089552419897 
0.019069514938770727 
0.019071939177755366 
0.019074362269811275 
0.019074362269811275 
0.01907613336082551 
0.0190785559201948 
0.019080326621942298 
0.019082748648976123 
0.01908516953029236 
0.01908516953029236 
0.019087589266326956 
0.019089360806480656 
0.019089360806480656 
0.019091780011303294 
0.019091780011303294 
0.019091780011303294 
0.019094198071665645 
0.019094841607093786 
0.019094841607093786 
0.019096614988002455 
0.019096614988002455 
0.019094198071665642 
0.019094198071665642 
0.019094198071665642 
0.019094198071665642 
0.019094198071665642 
0.019096614988002452 
0.019096614988002452 
0.01910080375272203 
0.01910080375272203 
0.01910080375272203 
0.01910080375272203 
0.01910080375272203 
0.01910080375272203 
0.01910499159905599 
0.01910499159905599 
0.01910499159905599 
0.01910499159905599 
0.019106763200500497 
0.01910917852760814 
0.019110949740920778 
0.019110949740920778 
0.019110949740920778 
0.019110949740920778 
0.019110949740920778 
0.019110949740920778 
0.019110949740920778 
0.019110949740920778 
0.019110949740920778 
0.019110949740920778 
0.0191127199529528 
0.0191127199529528 
0.019110949740920778 
0.019110949740920778 
0.019110949740920778 
0.019110949740920778 
0.019108533800373067 
0.019110949740920778 
0.019110949740920778 
0.019110949740920778 
0.019110949740920778 
0.019110949740920778 
0.019110949740920778 
0.01910917852760814 
0.01910917852760814 
0.01910917852760814 
0.01910917852760814 
0.01910917852760814 
0.019111592712278067 
0.019111592712278067 
0.019111592712278067 
0.019113364538981617 
0.019113364538981617 
0.01911513536441738 
0.019117549633778902 
0.019117549633778902 
0.019121089508707396 
0.019121089508707396 
0.019121089508707396 
0.019121089508707396 
0.01912945540259837 
0.01912945540259837 
0.01912945540259837 
0.01912945540259837 
0.01912945540259837 
0.01912945540259837 
0.01912945540259837 
0.019131868701201146 
0.019131868701201146 
0.019132510969551278 
0.019132510969551278 
0.019132510969551278 
0.0191349213742832 
0.01913910175530712 
0.01913910175530712 
0.01913910175530712 
0.01913910175530712 
0.019136691877124426 
0.019136691877124426 
0.0191349213742832 
0.019133149871362005 
0.019133149871362005 
0.019130740079777366 
0.019130740079777366 
0.019130740079777366 
0.019133149871362005 
0.019133149871362005 
0.019133149871362005 
0.019133149871362005 
0.019133149871362005 
0.019133149871362005 
0.019135558523335556 
0.019135558523335556 
0.019135558523335556 
0.019135558523335556 
0.019135558523335556 
0.019135558523335556 
0.019133785406970572 
0.019133785406970572 
0.019133785406970572 
0.019133785406970572 
0.019133785406970572 
0.019133785406970572 
0.019133785406970572 
0.019133785406970572 
0.019133785406970572 
0.019133785406970572 
0.019133785406970572 
0.019133785406970572 
0.019133785406970572 
0.019136192306726016 
0.019136192306726016 
0.01913796603612829 
0.01913796603612829 
0.01913796603612829 
0.01913796603612829 
0.019140372410170078 
0.019140372410170078 
0.019140372410170078 
0.019140372410170078 
0.019140372410170078 
0.019140372410170078 
0.019140372410170078 
0.019142145752240002 
0.01914391809426691 
0.01914391809426691 
0.01914391809426691 
0.01914391809426691 
0.01914391809426691 
0.01914391809426691 
0.01914391809426691 
0.01914391809426691 
0.01914391809426691 
0.01914391809426691 
0.01914391809426691 
0.01914391809426691 
0.01914391809426691 
0.019142145752240002 
0.019142145752240002 
0.019142145752240002 
0.019142145752240002 
0.019142145752240002 
0.019142145752240002 
0.019139738765197402 
0.019139738765197402 
0.019142145752240002 
0.019142145752240002 
0.019142145752240002 
0.019142145752240002 
0.019142145752240002 
0.019142145752240002 
0.019142145752240002 
0.019142145752240002 
0.019143918094266913 
0.019143918094266913 
0.019143918094266913 
0.019143918094266913 
0.019143918094266913 
0.019143918094266913 
0.019143918094266913 
0.019143918094266913 
0.019143918094266913 
0.019143918094266913 
0.019143918094266913 
0.019143918094266913 
0.019143918094266913 
0.019143918094266913 
0.019146324555903677 
0.019146324555903677 
0.019146324555903677 
0.019146324555903677 
0.019146324555903677 
0.019146324555903677 
0.019146324555903677 
0.019146324555903677 
0.019146324555903677 
0.019146324555903677 
0.019146324555903677 
0.019146324555903677 
0.019146324555903677 
0.019146324555903677 
0.019146324555903677 
0.019144551600912465 
0.019144551600912465 
0.019144551600912465 
0.019144551600912465 
0.019144551600912465 
0.019146956311643898 
0.019146956311643898 
0.019146956311643898 
0.019146956311643898 
0.019146956311643898 
0.019146956311643898 
0.019146956311643898 
0.019146956311643898 
0.019146956311643898 
0.019146956311643898 
0.019146956311643898 
0.019146956311643898 
0.019146956311643898 
0.019146956311643898 
0.019146956311643898 
0.019146956311643898 
0.019146956311643898 
0.019146956311643898 
0.019146956311643898 
0.019146956311643898 
0.019146956311643898 
0.019146956311643898 
0.019146956311643898 
0.019146956311643898 
0.019146956311643898 
0.019146956311643898 
0.019146956311643898 
0.019146956311643898 
0.019146956311643898 
0.019146956311643898 
0.019146956311643898 
0.019146956311643898 
0.019146956311643898 
0.019146956311643898 
0.019146956311643898 
0.019146956311643898 
0.019146956311643898 
0.019146956311643898 
0.019146956311643898 
0.019146956311643898 
0.019146956311643898 
0.019146956311643898 
0.019146956311643898 
0.01914935988486299 
0.01914935988486299 
0.01914935988486299 
0.01914935988486299 
0.01914935988486299 
0.01914935988486299 
0.01914935988486299 
0.01914935988486299 
0.01914935988486299 
0.01914935988486299 
0.01914935988486299 
0.01914935988486299 
0.01914935988486299 
0.01914935988486299 
0.01914935988486299 
0.01914935988486299 
0.01914935988486299 
0.01914935988486299 
0.01914935988486299 
0.01914935988486299 
0.01914935988486299 
0.019151762320998033 
0.019151762320998033 
0.019151762320998033 
0.019151762320998033 
0.019151762320998033 
0.019151762320998033 
0.019151762320998033 
0.019151762320998033 
0.019151762320998033 
0.019151762320998033 
0.019151762320998033 
0.019151762320998033 
0.019151762320998033 
0.019151762320998033 
0.019151762320998033 
0.019151762320998033 
0.019151762320998033 
0.019151762320998033 
0.019151762320998033 
0.019151762320998033 
0.019151762320998033 
0.019151762320998033 
0.019151762320998033 
0.019151762320998033 
0.019151762320998033 
0.019151762320998033 
0.019151762320998033 
0.019151762320998033 
0.019151762320998033 
0.019151762320998033 
0.019151762320998033 
0.019151762320998033 
0.019151762320998033 
0.019151762320998033 
0.019151762320998033 
0.019151762320998033 
0.019151762320998033 
0.019151762320998033 
0.019149986527410404 
0.019149986527410404 
0.019149986527410404 
0.019149986527410404 
0.019149986527410404 
0.019149986527410404 
0.019149986527410404 
0.019149986527410404 
0.019149986527410404 
0.019149986527410404 
0.019149986527410404 
0.019149986527410404 
0.019149986527410404 
0.019149986527410404 
0.019149986527410404 
0.019149986527410404 
0.019149986527410404 
0.019149986527410404 
0.019148209733549505 
0.019148209733549505 
0.019148209733549505 
0.019148209733549505 
0.019148209733549505 
0.019148209733549505 
0.019148209733549505 
0.019148209733549505 
0.019148209733549505 
0.019148209733549505 
0.019148209733549505 
0.019148209733549505 
0.019148209733549505 
0.019148209733549505 
0.019148209733549505 
0.019148209733549505 
0.019148209733549505 
0.019148209733549505 
0.019148209733549505 
0.01914643193913686 
0.01914643193913686 
0.01914643193913686 
0.01914643193913686 
0.01914643193913686 
0.01914643193913686 
0.01914643193913686 
0.01914643193913686 
0.01914643193913686 
0.01914643193913686 
0.01914643193913686 
0.01914643193913686 
0.01914643193913686 
0.01914643193913686 
0.01914643193913686 
0.01914643193913686 
0.01914643193913686 
0.01914643193913686 
0.01914643193913686 
0.01914643193913686 
0.01914643193913686 
0.01914643193913686 
0.01914643193913686 
0.019148209733549505 
0.019148209733549505 
0.019148209733549505 
0.019148209733549505 
0.019151762320998033 
0.019151762320998033 
0.019151762320998033 
0.019151762320998033 
0.019151762320998033 
0.019151762320998033 
0.019151762320998033 
0.019151762320998033 
0.019151762320998033 
0.019151762320998033 
0.019151762320998033 
0.019151762320998033 
0.019151762320998033 
0.019151762320998033 
0.019151762320998033 
0.019151762320998033 
0.019151762320998033 
0.019151762320998033 
0.019151762320998033 
0.019151762320998033 
0.019151762320998033 
0.019151762320998033 
0.019151762320998033 
0.019151762320998033 
0.019151762320998033 
0.019151762320998033 
0.019151762320998033 
0.019151762320998033 
0.019151762320998033 
0.019151762320998033 
0.019151762320998033 
0.019151762320998033 
0.019151762320998033 
0.019151762320998033 
0.019151762320998033 
0.019151762320998033 
0.019151762320998033 
0.019151762320998033 
0.019151762320998033 
0.019151762320998033 
0.019151762320998033 
0.019151762320998033 
0.019151762320998033 
0.019151762320998033 
0.019151762320998033 
0.019157083702902172 
0.019157083702902172 
0.019157083702902172 
0.019157083702902172 
0.019157083702902172 
0.019157083702902172 
0.019157083702902172 
0.019157083702902172 
0.019157083702902172 
0.019157083702902172 
0.019157083702902172 
0.019157083702902172 
0.019157083702902172 
0.019157083702902172 
0.019157083702902172 
0.019157083702902172 
0.019157083702902172 
0.019154679428275482 
0.019154679428275482 
0.019154679428275482 
0.019154679428275482 
0.019154679428275482 
0.019154679428275482 
0.019154679428275482 
0.019154679428275482 
0.019154679428275482 
0.019154679428275482 
0.019154679428275482 
0.019154679428275482 
0.019154679428275482 
0.019154679428275482 
0.019154679428275482 
0.019154679428275482 
0.019154679428275482 
0.019154679428275482 
0.019154679428275482 
0.019154679428275482 
0.019154679428275482 
0.019154679428275482 
0.019154679428275482 
0.019154679428275482 
0.019154679428275482 
0.019154679428275482 
0.019154679428275482 
