0.11434335737662416 
0.11498450622658858 
0.11573538976015811 
0.11672026857411649 
0.11744595724687265 
0.11906116283370732 
0.12017016174897471 
0.12125137201978864 
0.12262106806881108 
0.12431499356286915 
0.1258058321055428 
0.12623590910952293 
0.12707862156826538 
0.12779900308679257 
0.12895852657306298 
0.12984020598229978 
0.13072459360480085 
0.13121662930343558 
0.13197776204465458 
0.13225674933216194 
0.1329137360339442 
0.1345814966958598 
0.13589752521978743 
0.13702485516254426 
0.13805366652366166 
0.1383301823667477 
0.13834331920830695 
0.13919192146683798 
0.1397414777705556 
0.1407331146014705 
0.14160189180338253 
0.14231478564514177 
0.14259193068249146 
0.14354667429598392 
0.14422670313791866 
0.14561827565427363 
0.1467235080590704 
0.14733630374605222 
0.14811431411420264 
0.14831752350486294 
0.14847406643667008 
0.14904974259866213 
0.14929180749696458 
0.15038166441116477 
0.15084761145041398 
0.15205306436152372 
0.15258956331683576 
0.1526874292238339 
0.15376134203228478 
0.15458589190874947 
0.15584001012771354 
0.15634744176920698 
0.15663544032659185 
0.15653334219757972 
0.15735873536479986 
0.1576746150674912 
0.1591978352235026 
0.1595307761500715 
0.1600327127953818 
0.1600465362756631 
0.16015828405584523 
0.16059743090479064 
0.16091300067897962 
0.16185745299638285 
0.16189838997963132 
0.16276904267414896 
0.16292775001472773 
0.16380159687219434 
0.16387204069176944 
0.16413887539331132 
0.16479226011128723 
0.1645940898612064 
0.16510813556209394 
0.16577082124873838 
0.1661167375303077 
0.16660014878240556 
0.16711211751846744 
0.16821245980743724 
0.16859742196429992 
0.16998667032094492 
0.1700280095058954 
0.16981598419251215 
0.17105009763743712 
0.17149928587011992 
0.1718174575357394 
0.1726374025836559 
0.1730809945882871 
0.1733059054754391 
0.17292503224825506 
0.17315420617857472 
0.1736959985657956 
0.1738446758056924 
0.1739744034331776 
0.17452509352000184 
0.17490546162072443 
0.17476052309587972 
0.17533162667347002 
0.1751842438034679 
0.17554474341334397 
0.17559356756872077 
0.175963069380699 
0.17610118651035 
0.17623354489741652 
0.17697667862864747 
0.1775008966481691 
0.1781332498403793 
0.17897957124294753 
0.1793041508546552 
0.17934919144214415 
0.17974139376267653 
0.17938661806133815 
0.17939157001919478 
0.17994841050297083 
0.1798436516554516 
0.17987407282498497 
0.1796851101751153 
0.18005939962187661 
0.17990921272823815 
0.1804759136807734 
0.18128254540426741 
0.18220707537682215 
0.1825061306291397 
0.18293905741599634 
0.1830774617679948 
0.183365026542012 
0.1839887097677871 
0.18439631820135494 
0.18495337715392982 
0.18541725740048343 
0.18586516658576133 
0.18671957452254034 
0.18737181789053092 
0.18774361679292031 
0.18843877907405834 
0.18926495437374818 
0.19036287912983213 
0.1908389840604401 
0.19112565786796148 
0.19145986206797436 
0.19195367828698218 
0.1921908106146586 
0.19286898637432645 
0.19248843400407642 
0.1929338720484246 
0.1935231646698414 
0.19427976040677208 
0.1946698606950811 
0.19538492321101064 
0.19604849840976207 
0.1967675194846191 
0.19757192321348446 
0.1979662170611464 
0.19890445949186375 
0.20010770372778502 
0.2008948320128998 
0.20164233775207369 
0.20237349865951243 
0.2022501997545068 
0.20284887920494724 
0.20344003667902608 
0.20439851455219463 
0.2054462484013307 
0.20636873114401605 
0.2071359863550548 
0.20773016093237356 
0.2081735510399123 
0.20926351376751567 
0.21011662674492737 
0.21167305148690402 
0.2125654292642982 
0.21316996171967142 
0.21380592041775676 
0.2144724576484729 
0.21517488277118632 
0.21566403963509642 
0.21655897104119176 
0.21765785186619765 
0.21849785337672956 
0.21970858617578773 
0.22114714600539515 
0.22349922993008509 
0.2243214834065815 
0.22539065898587515 
0.22607279173204475 
0.22721655712861516 
0.22817433622495628 
0.23015262682155202 
0.2316098898788714 
0.233019476619306 
0.2338342123731038 
0.23491381896418664 
0.23644327897536646 
0.23773483089995065 
0.23884478141277973 
0.239849855754234 
0.24065240161486712 
0.24122488114339607 
0.241460256855645 
0.24258140658527833 
0.24356585101662218 
0.24486488726854214 
0.24578822278436854 
0.24648796162485628 
0.2481660182913096 
0.2492678199982255 
0.24973190312055435 
0.25095851954155884 
0.25299410051041393 
0.25463187889806904 
0.25557979440792294 
0.25622855973988823 
0.25661626691168254 
0.2578357869924033 
0.2586181977080976 
0.25998512010465985 
0.26115328341215643 
0.26249331451080177 
0.2630234584111779 
0.26484581866439705 
0.26688152028154993 
0.2690247255018358 
0.27049250289710075 
0.27164851318543476 
0.27266918827784475 
0.2732457132640008 
0.2734857691476879 
0.27482911922731357 
0.27665994041660996 
0.27731239872591856 
0.2784729236602331 
0.2803843747945997 
0.2833981659662298 
0.28444172578505605 
0.28530453141580514 
0.28640734593448836 
0.2870018447030297 
0.287781414066506 
0.2890914284755293 
0.29019916776093985 
0.2916703087980543 
0.29299806699321146 
0.29426961627443665 
0.29476477375877946 
0.29568720960427514 
0.2973784098700027 
0.29939136968564334 
0.3009516994873192 
0.3030610694377733 
0.30405168836244345 
0.30469559899279397 
0.3060711282741133 
0.3066076246929401 
0.3078045039958373 
0.3088983611581001 
0.3103519613098731 
0.3121116999870127 
0.3129732265849602 
0.31411834869889677 
0.31535450168407764 
0.3163220897250387 
0.3177849277726126 
0.3179033642240876 
0.31926918618445305 
0.3198956149644055 
0.3223708867474921 
0.3237983065219228 
0.32525470449005134 
0.3267091778214622 
0.32737967977218774 
0.32907530274941965 
0.32986145828637975 
0.3320683736976409 
0.33380359324238285 
0.3345174034016722 
0.3371175849425378 
0.33769683826787517 
0.3403375727738438 
0.34199360726600203 
0.34310809533131303 
0.3442108007203946 
0.3446253137913523 
0.3458680745192281 
0.34706936294071594 
0.3486279777977334 
0.3501881241759672 
0.3517721511795367 
0.3537461025506692 
0.3549293040062921 
0.3562536284339992 
0.3576093899884944 
0.35917936854533167 
0.36105449223635405 
0.36238297817630855 
0.3638134368611802 
0.36502800020015885 
0.3662010293019214 
0.36637316879412174 
0.36734914483599973 
0.3679981818222361 
0.36840308486854967 
0.3687792541911787 
0.36999699329546665 
0.3706717094633363 
0.37142969880562526 
0.3723245725579886 
0.3735258338374522 
0.3760960702198891 
0.37735081327090986 
0.3775739043355143 
0.37875524879420824 
0.3788678112869532 
0.3811319572758926 
0.38273179888566045 
0.3837404195888792 
0.3856809181911901 
0.38620936586268517 
0.38808579610715876 
0.38810809001588725 
0.3892864771735411 
0.3906267453618051 
0.3916988630204194 
0.39291249364888087 
0.39491451677802736 
0.3956811693832168 
0.3958755012442213 
0.3966981577364678 
0.39785969958046985 
0.4001326913038405 
0.400675086655071 
0.40171286781848226 
0.40324185965431586 
0.40533305193735947 
0.4065487048757971 
0.4072643954200079 
0.40863330219041305 
0.41037392689007385 
0.410536742501364 
0.41104877618749114 
0.4133173010877185 
0.41364231945618185 
0.4146454414553639 
0.4156321407389374 
0.4167540564714709 
0.41777138155153426 
0.41853415627667107 
0.4192814446214658 
0.4199601289196431 
0.42077701451870286 
0.4224667017861228 
0.42342903711970076 
0.4245378301750808 
0.42583300998049317 
0.42631405975321884 
0.42728336435419323 
0.4281883989100862 
0.428897873466941 
0.429366402156962 
0.4297468925219315 
0.4312748299344713 
0.43330621767082467 
0.4346976832279473 
0.43596769871053903 
0.43687222952384674 
0.4369631930233101 
0.43725027986228626 
0.4394206430227506 
0.440575030644587 
0.44172523966721183 
0.44156697061184097 
0.4430996845939152 
0.4429788590297895 
0.44349821591005795 
0.4445951447858476 
0.44536820029534163 
0.44658425976752586 
0.44727800022683223 
0.4474425426013112 
0.4491276702569442 
0.4497282473081706 
0.4507826894165551 
0.4511054845784653 
0.4521703959501454 
0.45269904546596 
0.4532427244664813 
0.45417885123155066 
0.45426101357102816 
0.4553389209347326 
0.45635119714238415 
0.4562153144464046 
0.4572351106641122 
0.45765685637579034 
0.4586723869986321 
0.4590364687103124 
0.4609498347345144 
0.46122448112054415 
0.4616211606921524 
0.4624326881569769 
0.4634047215575789 
0.46320515395307293 
0.46457666658309327 
0.46518104310335073 
0.46655721470811967 
0.4674246774107663 
0.4673398627630484 
0.46784680009601515 
0.47007724072379614 
0.47007724072379614 
0.47063850734530577 
0.47063850734530577 
0.47141187377119503 
0.4724799877467578 
0.472650343418714 
0.47406869006264685 
0.47524599200858647 
0.4761075264648489 
0.4767538883546671 
0.4771900712551722 
0.4776320484133561 
0.47813108926948017 
0.4787968641601168 
0.47955221872948867 
0.4805718010272505 
0.4811612321748352 
0.4821055107964375 
0.48199993458901097 
0.48199993458901097 
0.48336735293713745 
0.48454211347972426 
0.4851385721306835 
0.48610279503082976 
0.48685854296049963 
0.4879950992655788 
0.48798938497986455 
0.4896095341312884 
0.4898377845131986 
0.4902807909941732 
0.49029480057201535 
0.4912733499938495 
0.4916210580643415 
0.49206047332153213 
0.49265505646195545 
0.49347462683855065 
0.4952371095825685 
0.4955931222858353 
0.49566451398981953 
0.49615636622682224 
0.496717059203737 
0.49758328999132617 
0.49800290105887196 
0.49800290105887196 
0.49819341615537643 
0.4983174828482951 
0.49896105434778953 
0.4988381707641768 
0.4996428671364193 
0.500127189252492 
0.5009139418760599 
0.5016957888106323 
0.50343413416958 
0.503714219107099 
0.50485239210705 
0.5049674462687647 
0.5056660203751451 
0.5060471383327255 
0.506656244383983 
0.5078981275622053 
0.5079487986982018 
0.5087548661624883 
0.5091866574835605 
0.5095266756318075 
0.5099164375704767 
0.5100413683443812 
0.5100407008433382 
0.5098495557595423 
0.5108082337161334 
0.5113441863512876 
0.5113441863512876 
0.5119551284757977 
0.5122660971063301 
0.5123091072268353 
0.5123740079486045 
0.5121643228585968 
0.5125230315005623 
0.5126436133292493 
0.5129235873038803 
0.5130745986566967 
0.5133537780042636 
0.513665131548299 
0.5140815031361183 
0.5140815031361183 
0.5143557749334459 
0.5149137484926309 
0.515002571382008 
0.5160434779296827 
0.5160598229730587 
0.5162726037027958 
0.5161874212816742 
0.516368270488461 
0.5165781086338126 
0.5165781086338126 
0.5170503809082561 
0.5176155005734322 
0.5178923352025373 
0.5183254999088803 
0.5189264663554426 
0.5196832692010207 
0.5198758314146356 
0.5202033331100641 
0.5207432655379656 
0.5213297625864717 
0.5213751587249432 
0.5221269304869401 
0.5224812821278596 
0.5227751209133618 
0.5232481570964592 
0.5237013688597827 
0.5237013688597827 
0.5244149099658474 
0.5246754616268225 
0.5246701917855526 
0.5246701917855526 
0.5246701917855526 
0.5254275973857301 
0.5258644922491512 
0.5261176022809388 
0.5261176022809388 
0.5264171964633971 
0.5264171964633971 
0.5267924973050654 
0.5267924973050654 
0.5273265527337391 
0.5283119242237192 
0.5283119242237192 
0.528283019444288 
0.5292913234990387 
0.5295484167851989 
0.5298387578940976 
0.5303062969986104 
0.5303062969986104 
0.5305381566514804 
0.5307225549588407 
0.5307225549588407 
0.5307225549588407 
0.5323821077565725 
0.5322264589799445 
0.5330550284626252 
0.5331274921082246 
0.5332249541354922 
0.5333556126035579 
0.5336291023882561 
0.5338383323918527 
0.5338383323918527 
0.5338383323918527 
0.5338383323918527 
0.5338383323918527 
0.533919723187683 
0.533919723187683 
0.5344557182671206 
0.5346758151514486 
0.5355400179243406 
0.5355400179243406 
0.5356353258658441 
0.5356353258658441 
0.5355126320841357 
0.5361975840454166 
0.5361823318098597 
0.5366956484967731 
0.5366956484967731 
0.5369247760277641 
0.5367197334441667 
0.5377362712585779 
0.537736643847805 
0.5377935484236983 
0.5376505859613241 
0.5376505859613241 
0.5376505859613241 
0.5376505859613241 
0.5376505859613241 
0.5378113908249338 
0.5376709747148626 
0.5376709747148626 
0.5376709747148626 
0.5382672989713682 
0.5385510408133267 
0.538746150411454 
0.538746150411454 
0.5386133811261263 
0.5387547082496557 
0.5387547082496557 
0.5387524860274335 
0.5389060719079424 
0.5387901654679366 
0.5392648930972803 
0.5392648930972803 
0.5390294860923682 
0.5394121845682738 
0.5394121845682738 
0.5391248247118536 
0.539495227936353 
0.5402032735927219 
0.5402032735927219 
0.5403870660399138 
0.5413831355137155 
0.5413831355137155 
0.5416792307236798 
0.5416792307236798 
0.5416903033546325 
0.5422627969246074 
0.542847106924252 
0.542847106924252 
0.5429119183427186 
0.5430819354124929 
0.5434791061340698 
0.5434791061340698 
0.5434791061340698 
0.5434791061340698 
0.5433519766819257 
0.5433519766819257 
0.5439922603899141 
0.5445042790655608 
0.5445042790655608 
0.5447920451127573 
0.5446312725932231 
0.5450292267756409 
0.5453823908689416 
0.5453823908689416 
0.5460385216677304 
0.546042488841333 
0.546042488841333 
0.546042488841333 
0.5464060855608691 
0.5464060855608691 
0.5467836724906088 
0.5469841842751206 
0.5472206384413857 
0.5472945513869003 
0.5472945513869003 
0.5474508678608644 
0.5475503883032091 
0.5479695417014555 
0.5482652108052337 
0.5485762818160943 
0.5485762818160943 
0.5488775168220822 
0.5492540054982915 
0.5492540054982915 
0.5494242040990394 
0.5494242040990394 
0.5494242040990394 
0.5496229185701309 
0.549600714733788 
0.549600714733788 
0.549865446928673 
0.549865446928673 
0.5495723704875702 
0.5495723704875702 
0.5495723704875702 
0.5495723704875702 
0.5495723704875702 
0.5498769106753255 
0.5498769106753255 
0.550537723735944 
0.550537723735944 
0.550537723735944 
0.550537723735944 
0.550537723735944 
0.550537723735944 
0.5512170339673778 
0.5512170339673778 
0.5512170339673778 
0.5512170339673778 
0.5516537108663343 
0.5516911021706821 
0.5520797774637891 
0.5520797774637891 
0.5520797774637891 
0.5520797774637891 
0.5520797774637891 
0.5520797774637891 
0.5520797774637891 
0.5522194430293053 
0.5522194430293053 
0.5522194430293053 
0.5525659317069797 
0.5525659317069797 
0.5524577823810256 
0.5524577823810256 
0.5524577823810256 
0.5524577823810256 
0.5521533557298699 
0.5522560947044686 
0.5522560947044686 
0.5522560947044686 
0.5522560947044686 
0.5522560947044686 
0.5522560947044686 
0.5520433972046997 
0.5520433972046997 
0.5520433972046997 
0.5520433972046997 
0.5520433972046997 
0.552344006781805 
0.552344006781805 
0.552344006781805 
0.5523659171131888 
0.5523659171131888 
0.5528408943386924 
0.5528760848052804 
0.5528760848052804 
0.5534260736580825 
0.5534260736580825 
0.5536002969673144 
0.5536002969673144 
0.5549874404814432 
0.5549874404814432 
0.5549874404814432 
0.5549874404814432 
0.5549874404814432 
0.5549874404814432 
0.5549874404814432 
0.5550478424828236 
0.5550478424828236 
0.5550434541389297 
0.5550434541389297 
0.5550434541389297 
0.5552124857417112 
0.5560784815559374 
0.5560784815559374 
0.5560784815559374 
0.5560784815559374 
0.5558621079232645 
0.5558621079232645 
0.5558396589982709 
0.5558329603526774 
0.5558329603526774 
0.5556635288184447 
0.5556635288184447 
0.5556635288184447 
0.5560223094310305 
0.5560223094310305 
0.5560223094310305 
0.5560223094310305 
0.5560223094310305 
0.5560223094310305 
0.5563985307723991 
0.5563985307723991 
0.5563985307723991 
0.5563985307723991 
0.5563985307723991 
0.5563985307723991 
0.5562422851090651 
0.5562422851090651 
0.5562422851090651 
0.5562422851090651 
0.5562422851090651 
0.5562422851090651 
0.5564590927312687 
0.5564590927312687 
0.5564590927312687 
0.5564590927312687 
0.5564590927312687 
0.5564590927312687 
0.5564590927312687 
0.5566525324269235 
0.5566525324269235 
0.5566914213158123 
0.5566914213158123 
0.5566914213158123 
0.5566914213158123 
0.5569030976348353 
0.5569030976348353 
0.5569030976348353 
0.5569030976348353 
0.5569030976348353 
0.5569030976348353 
0.5569030976348353 
0.5571999533816228 
0.5571566785278216 
0.5571566785278216 
0.5571566785278216 
0.5571566785278216 
0.5571566785278216 
0.5571566785278216 
0.5571566785278216 
0.5571566785278216 
0.5571566785278216 
0.5571566785278216 
0.5571566785278216 
0.5571566785278216 
0.5571566785278216 
0.5569319197875098 
0.5569319197875098 
0.5569319197875098 
0.5569319197875098 
0.5569319197875098 
0.5569319197875098 
0.5566558562670431 
0.5566558562670431 
0.5568291509511432 
0.5568291509511432 
0.5568291509511432 
0.5568291509511432 
0.5568291509511432 
0.5568291509511432 
0.5568291509511432 
0.5568291509511432 
0.5572016066534471 
0.5572016066534471 
0.5572016066534471 
0.5572016066534471 
0.5572016066534471 
0.5572016066534471 
0.5572016066534471 
0.5572016066534471 
0.5572016066534471 
0.5572016066534471 
0.5572016066534471 
0.5572016066534471 
0.5572016066534471 
0.5572016066534471 
0.5575343326575833 
0.5575343326575833 
0.5575343326575833 
0.5575343326575833 
0.5575343326575833 
0.5575343326575833 
0.5575343326575833 
0.5575343326575833 
0.5575343326575833 
0.5575343326575833 
0.5575343326575833 
0.5575343326575833 
0.5575343326575833 
0.5575343326575833 
0.5575343326575833 
0.5572704727701939 
0.5572704727701939 
0.5572704727701939 
0.5572704727701939 
0.5572704727701939 
0.5574079498459764 
0.5574079498459764 
0.5574079498459764 
0.5574079498459764 
0.5574079498459764 
0.5574079498459764 
0.5574079498459764 
0.5574079498459764 
0.5574079498459764 
0.5574079498459764 
0.5574079498459764 
0.5574079498459764 
0.5574079498459764 
0.5574079498459764 
0.5574079498459764 
0.5574079498459764 
0.5574079498459764 
0.5574079498459764 
0.5574079498459764 
0.5574079498459764 
0.5574079498459764 
0.5574079498459764 
0.5574079498459764 
0.5574079498459764 
0.5574079498459764 
0.5574079498459764 
0.5574079498459764 
0.5574079498459764 
0.5574079498459764 
0.5574079498459764 
0.5574079498459764 
0.5574079498459764 
0.5574079498459764 
0.5574079498459764 
0.5574079498459764 
0.5574079498459764 
0.5574079498459764 
0.5574079498459764 
0.5574079498459764 
0.5574079498459764 
0.5574079498459764 
0.5574079498459764 
0.5574079498459764 
0.5575073261911055 
0.5575073261911055 
0.5575073261911055 
0.5575073261911055 
0.5575073261911055 
0.5575073261911055 
0.5575073261911055 
0.5575073261911055 
0.5575073261911055 
0.5575073261911055 
0.5575073261911055 
0.5575073261911055 
0.5575073261911055 
0.5575073261911055 
0.5575073261911055 
0.5575073261911055 
0.5575073261911055 
0.5575073261911055 
0.5575073261911055 
0.5575073261911055 
0.5575073261911055 
0.5578838830773906 
0.5578838830773906 
0.5578838830773906 
0.5578838830773906 
0.5578838830773906 
0.5578838830773906 
0.5578838830773906 
0.5578838830773906 
0.5578838830773906 
0.5578838830773906 
0.5578838830773906 
0.5578838830773906 
0.5578838830773906 
0.5578838830773906 
0.5578838830773906 
0.5578838830773906 
0.5578838830773906 
0.5578838830773906 
0.5578838830773906 
0.5578838830773906 
0.5578838830773906 
0.5578838830773906 
0.5578838830773906 
0.5578838830773906 
0.5578838830773906 
0.5578838830773906 
0.5578838830773906 
0.5578838830773906 
0.5578838830773906 
0.5578838830773906 
0.5578838830773906 
0.5578838830773906 
0.5578838830773906 
0.5578838830773906 
0.5578838830773906 
0.5578838830773906 
0.5578838830773906 
0.5578838830773906 
0.5578067249041797 
0.5578067249041797 
0.5578067249041797 
0.5578067249041797 
0.5578067249041797 
0.5578067249041797 
0.5578067249041797 
0.5578067249041797 
0.5578067249041797 
0.5578067249041797 
0.5578067249041797 
0.5578067249041797 
0.5578067249041797 
0.5578067249041797 
0.5578067249041797 
0.5578067249041797 
0.5578067249041797 
0.5578067249041797 
0.5576475460970096 
0.5576475460970096 
0.5576475460970096 
0.5576475460970096 
0.5576475460970096 
0.5576475460970096 
0.5576475460970096 
0.5576475460970096 
0.5576475460970096 
0.5576475460970096 
0.5576475460970096 
0.5576475460970096 
0.5576475460970096 
0.5576475460970096 
0.5576475460970096 
0.5576475460970096 
0.5576475460970096 
0.5576475460970096 
0.5576475460970096 
0.5575124628537872 
0.5575124628537872 
0.5575124628537872 
0.5575124628537872 
0.5575124628537872 
0.5575124628537872 
0.5575124628537872 
0.5575124628537872 
0.5575124628537872 
0.5575124628537872 
0.5575124628537872 
0.5575124628537872 
0.5575124628537872 
0.5575124628537872 
0.5575124628537872 
0.5575124628537872 
0.5575124628537872 
0.5575124628537872 
0.5575124628537872 
0.5575124628537872 
0.5575124628537872 
0.5575124628537872 
0.5575124628537872 
0.5578122523097305 
0.5578122523097305 
0.5578122523097305 
0.5578122523097305 
0.5583288450856069 
0.5583288450856069 
0.5583288450856069 
0.5583288450856069 
0.5583288450856069 
0.5583288450856069 
0.5583288450856069 
0.5583288450856069 
0.5583288450856069 
0.5583288450856069 
0.5583288450856069 
0.5583288450856069 
0.5583288450856069 
0.5583288450856069 
0.5583288450856069 
0.5583288450856069 
0.5583288450856069 
0.5583288450856069 
0.5583288450856069 
0.5583288450856069 
0.5583288450856069 
0.5583288450856069 
0.5583288450856069 
0.5583288450856069 
0.5583288450856069 
0.5583288450856069 
0.5583288450856069 
0.5583288450856069 
0.5583288450856069 
0.5583288450856069 
0.5583288450856069 
0.5583288450856069 
0.5583288450856069 
0.5583288450856069 
0.5583288450856069 
0.5583288450856069 
0.5583288450856069 
0.5583288450856069 
0.5583288450856069 
0.5583288450856069 
0.5583288450856069 
0.5583288450856069 
0.5583288450856069 
0.5583288450856069 
0.5583288450856069 
0.5594594904826191 
0.5594594904826191 
0.5594594904826191 
0.5594594904826191 
0.5594594904826191 
0.5594594904826191 
0.5594594904826191 
0.5594594904826191 
0.5594594904826191 
0.5594594904826191 
0.5594594904826191 
0.5594594904826191 
0.5594594904826191 
0.5594594904826191 
0.5594594904826191 
0.5594594904826191 
0.5594594904826191 
0.5594417500107497 
0.5594417500107497 
0.5594417500107497 
0.5594417500107497 
0.5594417500107497 
0.5594417500107497 
0.5594417500107497 
0.5594417500107497 
0.5594417500107497 
0.5594417500107497 
0.5594417500107497 
0.5594417500107497 
0.5594417500107497 
0.5594417500107497 
0.5594417500107497 
0.5594417500107497 
0.5594417500107497 
0.5594417500107497 
0.5594417500107497 
0.5594417500107497 
0.5594417500107497 
0.5594417500107497 
0.5594417500107497 
0.5594417500107497 
0.5594417500107497 
0.5594417500107497 
0.5594417500107497 
