0.01642924222233028 
0.016410135404682072 
0.01638191392969698 
0.016357953906280576 
0.016333327891155557 
0.016308660766598832 
0.016280098279801633 
0.01626520998942221 
0.01624552418360208 
0.016220439451506856 
0.016180934954445617 
0.016171344532845744 
0.016150593301795448 
0.01611020248165739 
0.016095483093091677 
0.016051220015936486 
0.016016791189248862 
0.016001301947029187 
0.015995767440169915 
0.01595122766435236 
0.015890930243380973 
0.01585024920939731 
0.015844241856270688 
0.015845728257167607 
0.015830403153426008 
0.015790263329026527 
0.015755824827662943 
0.01576129740852573 
0.015746186839993993 
0.01572088343573605 
0.015685762206536218 
0.015665348256582105 
0.015629459363650428 
0.015629836083593456 
0.015609512996887507 
0.015588999198152521 
0.01557838707954068 
0.015594050147411992 
0.015573935148189104 
0.01553278648536701 
0.015522853345954152 
0.015512501281224764 
0.015507365991682792 
0.015502224872578775 
0.015476332382060034 
0.015440174092282771 
0.015424603722624448 
0.01541939350298837 
0.015424636916310217 
0.015409088227406578 
0.015414277018400828 
0.015403893533779047 
0.015377831316541355 
0.01536223942008456 
0.015336156493724233 
0.01532576184076994 
0.015325786896600122 
0.015304901175767193 
0.01531012527708379 
0.015268265651343638 
0.015231546211727816 
0.01519471697663369 
0.015199991578945034 
0.015173642410443182 
0.015152555428045791 
0.015152538533196345 
0.01512613632095123 
0.015110242354111993 
0.015078459337744026 
0.015057222054549107 
0.015062536307010186 
0.01506252780910296 
0.015041242501867991 
0.01504654113077155 
0.01504119995213148 
0.015062459825672565 
0.015041242501867991 
0.015030601318643245 
0.015041242501867988 
0.015041140382298146 
0.01504119995213148 
0.015025139466906789 
0.015009193982356282 
0.014993227271004732 
0.014966492708714356 
0.014977239264964687 
0.014961178563201496 
0.014950531763117992 
0.014950566009352288 
0.014955901042732265 
0.014945224789209429 
0.014950583132440015 
0.014955935276671934 
0.014939774563225509 
0.01492911249873883 
0.01492911249873883 
0.014934489479054852 
0.014934489479054852 
0.014955858250197478 
0.014934446625168272 
0.014907662459285827 
0.01488621590599841 
0.014886215905998408 
0.014870104236352884 
0.014880851588534845 
0.014859331882692436 
0.014859331882692436 
0.014843178096351196 
0.014832343038104262 
0.01482150005903586 
0.014789165764166688 
0.014799980540527748 
0.014805404418657398 
0.014816207341961707 
0.01481617278516959 
0.014816198702771233 
0.014816198702771233 
0.01480539577316324 
0.014767529786663713 
0.014772939585607192 
0.014772913592111747 
0.014756673879977155 
0.014751236422754534 
0.014751262454447753 
0.014762104998949166 
0.014756673879977155 
0.01477294825009551 
0.01478374025745853 
0.014794558999848561 
0.01477825646008351 
0.014767477780582572 
0.014756673879977153 
0.014756639183770808 
0.014751236422754534 
0.014745792620269689 
0.014734938072486088 
0.014756639183770808 
0.014762078986375871 
0.014762078986375871 
0.014767512451323683 
0.014756639183770808 
0.014756639183770808 
0.014745827341997465 
0.014751262454447753 
0.014745844702830692 
0.014762078986375868 
0.014762078986375868 
0.014772913592111747 
0.014762104998949166 
0.014772870269517702 
0.014767512451323683 
0.014762035631985177 
0.014745740537524725 
0.01475119303649708 
0.014756639183770808 
0.014745844702830692 
0.014734990193413768 
0.014734990193413771 
0.014745827341997466 
0.014724127682141309 
0.014718695594379279 
0.014729553421607866 
0.014724110295702081 
0.014734885951374036 
0.014734816456271182 
0.014723953816825154 
0.014734729586931686 
0.014740203526410344 
0.014729423070847006 
0.01472402336319798 
0.014734885951374036 
0.014713152755273084 
0.014713152755273084 
0.014707742722797403 
0.014702326346534414 
0.014707786237228224 
0.014713204953374366 
0.01470227410981036 
0.014696799107288635 
0.01470227410981036 
0.014707681802377968 
0.014707681802377968 
0.014713152755273084 
0.01470227410981036 
0.014707603475753622 
0.014696720722664631 
0.014691230581540813 
0.014685620722325632 
0.0147020129234061 
0.01470750774264627 
0.014696624918667552 
0.014685829905047926 
0.014674931004948542 
0.014674835058698274 
0.014680335690984727 
0.014680335690984727 
0.014680335690984727 
0.014685734030003403 
0.014685734030003403 
0.014691126029001318 
0.014685829905047926 
0.014685969358540824 
0.014680544949013304 
0.014680544949013304 
0.014675070562010936 
0.014691387408954948 
0.01469131770808868 
0.01469672072266463 
0.01469131770808868 
0.01470211739852461 
0.014707603475753622 
0.014702204460556248 
0.014696799107288635 
0.014707681802377968 
0.01470227410981036 
0.014696860072818275 
0.014696903619470326 
0.014696860072818275 
0.014707742722797403 
0.014707742722797403 
0.014707742722797403 
0.014707742722797403 
0.01470227410981036 
0.01470227410981036 
0.014713204953374366 
0.014713204953374366 
0.014713204953374366 
0.014713239752005674 
0.014707812345824921 
0.014718686897953906 
0.014713257151290465 
0.014718686897953906 
0.014729553421607866 
0.014729553421607866 
0.014734990193413768 
0.014713257151290465 
0.014718686897953906 
0.014724110295702081 
0.014729562111617576 
0.014734972819791694 
0.014740385883687037 
0.014734938072486088 
0.014740342465492448 
0.014740342465492448 
0.014740342465492448 
0.014729483901345628 
0.014729483901345628 
0.014751132295522267 
0.014756517746406161 
0.014756431004819558 
0.014756326914242581 
0.014761688792275766 
0.014756205474308089 
0.014745480121040482 
0.014750845941843472 
0.014750845941843472 
0.014745219699956999 
0.01475056826024001 
0.014745219699956999 
0.014739864856911002 
0.014739864856911002 
0.014728858204219365 
0.014728858204219365 
0.014717991167275513 
0.014723345272050097 
0.014723345272050097 
0.014723345272050097 
0.014717991167275513 
0.014717991167275513 
0.014728858204219365 
0.01473436473011307 
0.014723640854082254 
0.014718269463493323 
0.014723762562606069 
0.014723762562606069 
0.014723640854082254 
0.014718269463493323 
0.014712769963538477 
0.01473436473011307 
0.01473436473011307 
0.014729005940660083 
0.014723640854082254 
0.014723640854082254 
0.014723762562606069 
0.014729249268038067 
0.014734729586931686 
0.014734729586931686 
0.014729344859836775 
0.014729344859836775 
0.014740108005031713 
0.014751054199615699 
0.014745584288186073 
0.014740108005031713 
0.014740203526410344 
0.014740203526410344 
0.014745584288186073 
0.014745584288186073 
0.014751054199615699 
0.014751054199615699 
0.014756517746406161 
0.014756517746406161 
0.014756517746406161 
0.014761974935624297 
0.014772870269517702 
0.014772870269517702 
0.014772870269517702 
0.014778308428233591 
0.014772870269517702 
0.014772870269517702 
0.014762078986375868 
0.014762078986375868 
0.014756639183770808 
0.014756639183770808 
0.014762035631985177 
0.014751236422754534 
0.014745827341997466 
0.014751236422754534 
0.014745827341997466 
0.014756639183770808 
0.014756639183770808 
0.014756673879977153 
0.014751236422754534 
0.014756639183770808 
0.014767477780582572 
0.014772913592111747 
0.014778343073565453 
0.014789183074125493 
0.014783774890061063 
0.014783766231918037 
0.014789183074125493 
0.014789183074125493 
0.014789183074125493 
0.014789183074125493 
0.014789183074125493 
0.014789183074125493 
0.014783766231918034 
0.014789165764166688 
0.014794584955313888 
0.014794584955313888 
0.014794584955313888 
0.014794584955313888 
0.01479999783783768 
0.01479999783783768 
0.014805404418657398 
0.014794584955313888 
0.014794584955313888 
0.014794584955313888 
0.014794584955313888 
0.014789165764166688 
0.014789165764166688 
0.014789165764166688 
0.014783766231918037 
0.014783766231918037 
0.014783766231918037 
0.014789165764166688 
0.014783766231918037 
0.014783766231918037 
0.014789183074125493 
0.014789183074125493 
0.014783766231918037 
0.014783766231918037 
0.014778343073565453 
0.014772913592111747 
0.014772913592111747 
0.014778308428233591 
