0.3306587633357425 
0.33020221790634985 
0.33014973212558796 
0.33035085333675457 
0.33005495318409833 
0.3304732113304919 
0.3308398627956078 
0.3306964696200612 
0.3302839620868699 
0.3300035784803245 
0.33014800605739747 
0.33039124838179557 
0.3299780303026645 
0.3300058512891274 
0.33004713353905896 
0.330607250682979 
0.33134322778084013 
0.33137961649015163 
0.33137501072780307 
0.33190691049702153 
0.33270568065148753 
0.3332547735353551 
0.33339850290590056 
0.3335447803580159 
0.3338973279815204 
0.333919279607741 
0.3347997509461234 
0.334646081234648 
0.33580743541340596 
0.33576167122273887 
0.3362811608094035 
0.33715209181159655 
0.33772346917727214 
0.3380594866556378 
0.3384475977983699 
0.33927604399702277 
0.3399951319649488 
0.34012788707457414 
0.3403301367972089 
0.3412964888516987 
0.34138496157381776 
0.3414912823106468 
0.3414761918729181 
0.3414480550936964 
0.3415929608971023 
0.3424370963775541 
0.34263658977424766 
0.34351921548991676 
0.3431298000654213 
0.34331627150820865 
0.3435964229095088 
0.34305839603037974 
0.34351716761369655 
0.3444946567864686 
0.3454501630803951 
0.3455776968858031 
0.34617838021358155 
0.3466815928449486 
0.34666944052632287 
0.34753139543283185 
0.34812777579353577 
0.3488182400756408 
0.3493186511858316 
0.3506285735538204 
0.3511192365026083 
0.35131938049381334 
0.3516901737364215 
0.35158101327499697 
0.35205099253457495 
0.35346448626796867 
0.3534856534331664 
0.35347768090888837 
0.35357748774950243 
0.3540687948803281 
0.3542092546521095 
0.3533420374266036 
0.353631065147379 
0.35426695040401757 
0.35398348808338936 
0.35433134071261646 
0.35474497063616106 
0.3551032631937554 
0.355337680895886 
0.35591670564905714 
0.3563452768032493 
0.3563869579396885 
0.35644307470088843 
0.3565996746951764 
0.35717498875180154 
0.35717586720561 
0.35792742912368386 
0.35813076342759864 
0.3577742908777558 
0.35880318367804964 
0.3595201302961635 
0.3596417918105218 
0.35958228118715524 
0.35936891856737346 
0.35883895855004005 
0.35862439693204784 
0.35932770665238334 
0.35932151929723716 
0.35904827109670356 
0.359763002263238 
0.35915271244761254 
0.3597956729275366 
0.3597031738653339 
0.36037407509389907 
0.3603910534434564 
0.3606666809205007 
0.36164588254156926 
0.361737137756702 
0.36220645878088287 
0.36166500729143525 
0.3619441742507992 
0.36177991726227954 
0.36154669714089294 
0.3619769415331419 
0.36286897422692 
0.36320912757808593 
0.36330192510888615 
0.3635914815377365 
0.36362099070163334 
0.36363523186412366 
0.3630404187936017 
0.36332827331812284 
0.36212450980853134 
0.3622801704748691 
0.36207107050635706 
0.3629846470044961 
0.3634277835185026 
0.3641070518525434 
0.3638877400571113 
0.3638043050798462 
0.36382142030093023 
0.36417330579003526 
0.36322287797878655 
0.36253602531935875 
0.36253602531935875 
0.36236844854138056 
0.36317288372271667 
0.3633865694952156 
0.3635903750739209 
0.3634654017638949 
0.3633276861356218 
0.3629220526862601 
0.36301411257982585 
0.3632436980770629 
0.3636475108608086 
0.36306678703583795 
0.362966269730469 
0.363087958542321 
0.3633502136075559 
0.3632317374734572 
0.36296954609273363 
0.36361927488325735 
0.3641160430879215 
0.3642815075881258 
0.3641733842724995 
0.36431686777490485 
0.3648492818873209 
0.36415480519981397 
0.3644206995570907 
0.36418866454454013 
0.3638669197710992 
0.3639594973679332 
0.36350571637957957 
0.363296585314707 
0.36317335763854014 
0.3633756280906274 
0.3632283769572835 
0.36382678178696554 
0.36378102193981304 
0.36381329346426533 
0.36401800191773304 
0.3639527282139686 
0.36354431197707343 
0.3639454823396798 
0.36420096778575783 
0.36362138154603935 
0.363666332439111 
0.36373358056993965 
0.3634095923435839 
0.36406059416717246 
0.36459184254249544 
0.3645330172113997 
0.36452306529416767 
0.3644220915419214 
0.3637142069904393 
0.36365375794451676 
0.36385678826344986 
0.364385874058534 
0.3648938907967774 
0.36508813373274984 
0.3654335272218213 
0.3654335272218213 
0.3654057151640756 
0.3651817184573329 
0.36511320681758686 
0.3651004007693663 
0.36539343551661735 
0.36548717985951257 
0.3653601583042315 
0.3651754915236127 
0.3652471717637407 
0.36468180857561705 
0.36478071908761084 
0.3645306614975498 
0.3647956565815894 
0.36473899695476564 
0.36445932784971746 
0.3648772309715899 
0.36528443948854694 
0.36468685533542416 
0.3649354021668245 
0.3654311463405915 
0.36570925005914035 
0.36553136226180294 
0.3649794957370552 
0.3649794957370552 
0.3649371943559742 
0.3647890944857413 
0.36479918564434977 
0.36479918564434977 
0.3645236460601451 
0.3645236460601451 
0.3645236460601451 
0.36445551863264647 
0.36503423842742144 
0.3650529982203836 
0.36529908062950434 
0.3651659993365877 
0.36467834026913576 
0.3650570806257811 
0.3646458247435369 
0.3652788731822608 
0.3653656748225755 
0.36543978956345446 
0.3658549039114179 
0.36626797114845305 
0.36620678725987776 
0.36624068580425295 
0.3662207279340294 
0.36594359356679623 
0.36594359356679623 
0.366460797923884 
0.366460797923884 
0.36598674870791 
0.3655627449907925 
0.36558323881636284 
0.36544743817597164 
0.36554009150752015 
0.3656713101369315 
0.36593855248256774 
0.3658367396504459 
0.36572914184363364 
0.3660216670578963 
0.3657076032698324 
0.36583282801942885 
0.3661433297956704 
0.3661433297956704 
0.36651173134057413 
0.36651173134057413 
0.36661514460492456 
0.3664500190869636 
0.3663354351116127 
0.3663354351116127 
0.36641123405674914 
0.36641123405674914 
0.3662150506330165 
0.3660098465042382 
0.3663728622614417 
0.3664739057579597 
0.3662383260242302 
0.3662383260242302 
0.3663995691525794 
0.3665277414590846 
0.3667595583027811 
0.3659409657425974 
0.36574809070322767 
0.3661123166680422 
0.36621175160257147 
0.36621175160257147 
0.3660378857683537 
0.3657815444247215 
0.3657374183482411 
0.3658322636012137 
0.3660461680283842 
0.3660461680283842 
0.36572361924729785 
0.3657015945768555 
0.3657199666417406 
0.36613234918189597 
0.366369061494465 
0.3666623120178961 
0.3664558352395193 
0.3664558352395193 
0.3661897527853494 
0.36640011893877705 
0.36631854270039516 
0.36631854270039516 
0.36628589207646445 
0.36588875002155 
0.36582412887706245 
0.36599867448044376 
0.36599867448044376 
0.3659493428151905 
0.36622579132769156 
0.36622579132769156 
0.3663501353847246 
0.3663501353847246 
0.3665324255559048 
0.3665324255559048 
0.3664883002609739 
0.36680210399024193 
0.36698888032501825 
0.36690366990775514 
0.36713449459103703 
0.3668561657982764 
0.3668561657982764 
0.3667119286975718 
0.3669405407779131 
0.36654851447209946 
0.36606593828582784 
0.36615746810500627 
0.36594850036444393 
0.3659545178652711 
0.3662220666264907 
0.3660721403306193 
0.3657157046708332 
0.3657341930774722 
0.3657341930774722 
0.3657341930774722 
0.3657341930774722 
0.3657341930774722 
0.36591603534032535 
0.36578119943583437 
0.365853647047027 
0.365853647047027 
0.3659995167202373 
0.3659995167202373 
0.36591068707343 
0.36591068707343 
0.36557053188719746 
0.36578184445074396 
0.36578184445074396 
0.36578184445074396 
0.36578184445074396 
0.3657896535032898 
0.3657896535032898 
0.3657896535032898 
0.36575937771914235 
0.36575937771914235 
0.36575937771914235 
0.36602774191291954 
0.3661658294795739 
0.3661658294795739 
0.36579231138191187 
0.36579231138191187 
0.36590444857958293 
0.36590444857958293 
0.3660116395115029 
0.36636297920177274 
0.36636297920177274 
0.36630035452380577 
