-0.0256 
-0.0292 
-0.0288 
-0.0284 
-0.0292 
-0.0292 
-0.0288 
-0.0272 
-0.026 
-0.0248 
-0.0252 
-0.0256 
-0.0252 
-0.024 
-0.0244 
-0.0236 
-0.0212 
-0.0204 
-0.0208 
-0.02 
-0.0192 
-0.0164 
-0.016 
-0.016 
-0.016 
-0.0148 
-0.0132 
-0.0156 
-0.016 
-0.0188 
-0.0164 
-0.0144 
-0.0132 
-0.0136 
-0.0132 
-0.0144 
-0.0128 
-0.0132 
-0.0128 
-0.0124 
-0.0136 
-0.0152 
-0.0156 
-0.0148 
-0.0156 
-0.0156 
-0.0116 
-0.0108 
-0.0112 
-0.0112 
-0.012 
-0.0116 
-0.0112 
-0.0104 
-0.0104 
-0.0096 
-0.01 
-0.01 
-0.0108 
-0.0128 
-0.0108 
-0.0108 
-0.0128 
-0.0124 
-0.0144 
-0.0148 
-0.0144 
-0.0136 
-0.014 
-0.014 
-0.0144 
-0.014 
-0.014 
-0.0112 
-0.01 
-0.0104 
-0.0112 
-0.0112 
-0.0108 
-0.0116 
-0.0128 
-0.0136 
-0.0132 
-0.0144 
-0.0152 
-0.0172 
-0.018 
-0.0176 
-0.0172 
-0.0176 
-0.0168 
-0.0168 
-0.0164 
-0.0168 
-0.0148 
-0.0152 
-0.0148 
-0.016 
-0.0168 
-0.0164 
-0.0164 
-0.0172 
-0.018 
-0.0184 
-0.018 
-0.018 
-0.0176 
-0.0176 
-0.018 
-0.0184 
-0.0184 
-0.018 
-0.0184 
-0.0204 
-0.0192 
-0.0192 
-0.0176 
-0.018 
-0.0168 
-0.016 
-0.0176 
-0.0164 
-0.0164 
-0.016 
-0.0156 
-0.016 
-0.0148 
-0.0152 
-0.0148 
-0.0152 
-0.0152 
-0.0148 
-0.0152 
-0.016 
-0.016 
-0.0156 
-0.0144 
-0.0152 
-0.0152 
-0.0144 
-0.014 
-0.0144 
-0.0144 
-0.0144 
-0.0144 
-0.014 
-0.0148 
-0.0156 
-0.016 
-0.0156 
-0.0156 
-0.0164 
-0.016 
-0.016 
-0.0152 
-0.0148 
-0.0144 
-0.0144 
-0.0136 
-0.0128 
-0.0136 
-0.0136 
-0.0128 
-0.0132 
-0.0132 
-0.0124 
-0.012 
-0.012 
-0.0124 
-0.0116 
-0.012 
-0.0124 
-0.0124 
-0.0124 
-0.0124 
-0.0124 
-0.012 
-0.0124 
-0.012 
-0.012 
-0.0112 
-0.0112 
-0.0108 
-0.0116 
-0.0116 
-0.0116 
-0.0116 
-0.012 
-0.012 
-0.0124 
-0.0132 
-0.0128 
-0.0124 
-0.0124 
-0.0124 
-0.0128 
-0.0128 
-0.0132 
-0.0132 
-0.0132 
-0.0128 
-0.0132 
-0.014 
-0.014 
-0.0136 
-0.0128 
-0.0128 
-0.0128 
-0.0124 
-0.0128 
-0.0128 
-0.0128 
-0.0128 
-0.0124 
-0.0132 
-0.0132 
-0.0132 
-0.0136 
-0.0136 
-0.0136 
-0.0136 
-0.0132 
-0.0132 
-0.0132 
-0.0132 
-0.0132 
-0.0128 
-0.0124 
-0.0124 
-0.0124 
-0.0124 
-0.0124 
-0.0128 
-0.0124 
-0.0124 
-0.012 
-0.012 
-0.012 
-0.012 
-0.0116 
-0.0116 
-0.0116 
-0.0112 
-0.0108 
-0.0108 
-0.0108 
-0.0108 
-0.0108 
-0.0108 
-0.0108 
-0.0108 
-0.0112 
-0.0112 
-0.0112 
-0.0112 
-0.0112 
-0.0112 
-0.0108 
-0.0108 
-0.0108 
-0.0108 
-0.0108 
-0.0108 
-0.0108 
-0.0108 
-0.0112 
-0.0112 
-0.0112 
-0.0116 
-0.0116 
-0.0116 
-0.0116 
-0.0116 
-0.0116 
-0.012 
-0.012 
-0.0116 
-0.0112 
-0.0112 
-0.0116 
-0.0116 
-0.0116 
-0.0116 
-0.0116 
-0.0116 
-0.0116 
-0.012 
-0.012 
-0.012 
-0.012 
-0.012 
-0.012 
-0.012 
-0.012 
-0.012 
-0.012 
-0.012 
-0.012 
-0.012 
-0.012 
-0.012 
-0.012 
-0.0124 
-0.0124 
-0.0124 
-0.0124 
-0.0124 
-0.0124 
-0.0124 
-0.0124 
-0.0124 
-0.0124 
-0.0124 
-0.0124 
-0.0128 
-0.0128 
-0.0128 
-0.0128 
-0.0128 
-0.0128 
-0.0128 
-0.0132 
-0.0132 
-0.0132 
-0.0132 
-0.0132 
-0.0136 
-0.0132 
-0.0132 
-0.0132 
-0.0132 
-0.0132 
-0.0132 
-0.0132 
-0.0132 
-0.0132 
-0.0132 
-0.0132 
-0.0132 
-0.0132 
-0.0132 
-0.0132 
-0.0132 
-0.0132 
-0.0132 
-0.0132 
-0.0132 
-0.0132 
-0.0132 
-0.0132 
-0.0132 
-0.0132 
-0.0128 
-0.0128 
-0.0128 
-0.0128 
-0.0128 
-0.0128 
-0.0128 
-0.0128 
-0.0128 
-0.0128 
-0.0128 
-0.0128 
-0.0128 
-0.0128 
-0.0128 
-0.0128 
-0.0128 
-0.0128 
-0.0128 
-0.0128 
-0.0128 
-0.0128 
-0.0128 
-0.0128 
-0.0128 
-0.0128 
-0.0128 
-0.0128 
-0.0128 
-0.0128 
-0.0128 
-0.0128 
-0.0128 
-0.0128 
-0.0128 
-0.0128 
-0.0128 
-0.0128 
-0.0128 
-0.0128 
-0.0128 
-0.0128 
-0.0128 
-0.0128 
-0.0128 
-0.0128 
-0.0128 
-0.0128 
-0.0128 
-0.0128 
-0.0128 
-0.0128 
-0.0128 
-0.0128 
-0.0128 
-0.0128 
-0.0128 
-0.0128 
-0.0128 
-0.0128 
-0.0128 
-0.0128 
-0.0128 
-0.0128 
-0.0128 
-0.0128 
-0.0128 
-0.0128 
-0.0128 
-0.0128 
-0.0128 
-0.0128 
-0.0128 
-0.0128 
-0.0128 
-0.0128 
-0.0128 
-0.0128 
-0.0128 
-0.0128 
-0.0128 
-0.0128 
-0.0124 
-0.0124 
-0.0124 
-0.0124 
-0.0124 
-0.0124 
-0.0124 
-0.0124 
-0.0124 
-0.0124 
-0.0124 
-0.0124 
-0.0124 
-0.0124 
-0.0124 
-0.0124 
-0.0124 
-0.0124 
-0.0124 
-0.0124 
-0.0124 
-0.0124 
-0.0124 
-0.0124 
-0.0124 
-0.0124 
-0.0124 
-0.0124 
-0.0124 
-0.0124 
-0.0124 
-0.0124 
-0.0124 
-0.0124 
-0.0124 
-0.0124 
-0.0124 
-0.0124 
-0.0124 
-0.0124 
-0.0124 
-0.0124 
-0.0124 
-0.0124 
-0.0124 
-0.0124 
-0.0124 
-0.0124 
-0.0124 
-0.0124 
-0.0124 
-0.0124 
-0.0124 
-0.0124 
-0.0124 
-0.0124 
-0.0124 
-0.0124 
-0.0124 
-0.0124 
-0.0124 
-0.0124 
-0.0124 
-0.0124 
-0.0124 
-0.0124 
-0.0124 
-0.0124 
-0.0124 
-0.0124 
-0.0124 
-0.0124 
-0.0124 
-0.0124 
-0.0124 
-0.0124 
-0.0124 
-0.0124 
-0.0124 
-0.0124 
-0.0124 
-0.0124 
-0.0124 
-0.0124 
-0.0124 
-0.0124 
-0.0124 
-0.0124 
-0.0124 
-0.0124 
-0.0124 
-0.0124 
-0.0124 
-0.0124 
-0.0124 
-0.0124 
-0.0124 
-0.0124 
-0.0124 
-0.0124 
-0.0124 
-0.0124 
-0.0124 
-0.0124 
-0.0124 
-0.0124 
-0.0124 
-0.0124 
-0.0124 
-0.0124 
-0.0124 
-0.0124 
-0.0124 
-0.0124 
-0.0124 
-0.0124 
-0.0124 
-0.0124 
-0.0124 
-0.0124 
-0.0124 
-0.0124 
-0.0124 
-0.0124 
-0.0124 
-0.0124 
-0.0124 
-0.0124 
-0.0124 
-0.0124 
-0.0124 
-0.0124 
-0.0124 
-0.0124 
-0.0124 
-0.0124 
-0.0124 
-0.0124 
-0.0124 
-0.0124 
-0.0124 
-0.0124 
-0.0124 
-0.0124 
-0.0124 
-0.0124 
-0.0124 
-0.0124 
-0.0124 
-0.0124 
-0.0124 
-0.0124 
-0.0124 
-0.0124 
-0.0124 
-0.0124 
-0.0124 
-0.0124 
-0.0124 
-0.0124 
-0.0124 
-0.0124 
-0.0124 
-0.0124 
-0.0124 
-0.0124 
-0.0124 
-0.0124 
-0.0124 
-0.0124 
-0.0124 
-0.0124 
-0.0124 
-0.0124 
-0.0124 
-0.0124 
-0.0124 
-0.0124 
-0.0124 
-0.0124 
-0.0124 
-0.0124 
-0.0124 
-0.0124 
-0.0124 
-0.0124 
-0.0124 
-0.0124 
-0.0124 
-0.0124 
-0.0124 
-0.0124 
-0.0124 
-0.0124 
-0.0124 
-0.0124 
-0.0124 
-0.0124 
-0.0124 
-0.0124 
-0.0124 
-0.0124 
-0.0124 
-0.0124 
-0.0124 
-0.0124 
-0.0124 
-0.0124 
-0.0124 
-0.0124 
-0.0124 
-0.0124 
-0.0124 
-0.0124 
-0.0124 
-0.0124 
-0.0124 
-0.0124 
-0.0124 
-0.0124 
-0.0124 
-0.0124 
-0.0124 
-0.0124 
-0.0124 
-0.0124 
-0.0124 
-0.0124 
-0.0124 
-0.0124 
-0.0124 
-0.0124 
-0.0124 
-0.0124 
-0.0124 
-0.0124 
-0.0124 
-0.0124 
-0.0124 
-0.0124 
-0.0124 
-0.0124 
-0.0124 
-0.0124 
-0.0124 
-0.0124 
-0.0124 
-0.0124 
-0.0124 
-0.0124 
-0.0124 
-0.0124 
-0.0124 
-0.0124 
-0.0124 
-0.0124 
-0.0124 
-0.0124 
-0.0124 
-0.0124 
-0.0124 
-0.0124 
-0.0124 
-0.0124 
-0.0124 
-0.0124 
-0.0124 
-0.0124 
-0.0124 
-0.0124 
-0.0124 
-0.0124 
-0.0124 
-0.0124 
-0.0124 
-0.0124 
-0.0124 
-0.0124 
-0.0124 
-0.0124 
-0.0124 
-0.0124 
-0.0124 
-0.0124 
-0.0124 
-0.0124 
-0.0124 
-0.0124 
-0.0124 
-0.0124 
-0.0124 
-0.0124 
-0.0124 
-0.0124 
-0.0124 
-0.0124 
