0.3310228908922838 
0.33172027769592466 
0.3312703284790291 
0.33287109642374196 
0.3339587724355473 
0.33400389818859944 
0.3358037813904771 
0.3363105547114459 
0.33820025822303384 
0.3391251376109076 
0.34024179254021986 
0.3400478925461596 
0.34108477146319444 
0.34119091296693144 
0.34250103493688305 
0.3425598647819625 
0.34343757754454246 
0.34484848814272423 
0.3454273003557118 
0.34602965213452974 
0.34679497473086524 
0.3468545722203035 
0.34791174413934867 
0.349019705311326 
0.34993046873921424 
0.3504642253465987 
0.3514323980834605 
0.35246148940629896 
0.3532483549852521 
0.3535776657955179 
0.3546750895581038 
0.3554158850869764 
0.35668759358751884 
0.3569667706070994 
0.35920067496423386 
0.3608316841201035 
0.3612130638127275 
0.3628951269826794 
0.36390814556397155 
0.3648157184327576 
0.3654483531418252 
0.366572349719373 
0.36710987016209506 
0.3664309327347966 
0.3667574132544389 
0.368489471740622 
0.36831904417522787 
0.3685805342397762 
0.3697224892461293 
0.3699088961452344 
0.37092035987501903 
0.37164010451403107 
0.3711387151180364 
0.3718726493704527 
0.3721382793118178 
0.3725582683912537 
0.373578300810134 
0.3725517921910966 
0.3725726321249732 
0.3734596176006633 
0.3742531721441987 
0.3746957118649879 
0.3759804237083996 
0.3760838479232341 
0.3780760349465032 
0.37745342109614705 
0.37778390491758695 
0.37873522037019486 
0.37900031766798026 
0.3797753545948414 
0.3812084445388695 
0.3803350603878282 
0.3810856628711879 
0.382209910149414 
0.3829975785976779 
0.3836101325169509 
0.3847580863930719 
0.3847580863930719 
0.3849272510760969 
0.38520530961394356 
0.3857752283354825 
0.3879887636179563 
0.38898662837941905 
0.3895106847514413 
0.38951217496404095 
0.38941172550152414 
0.38985750888898285 
0.3908327118850165 
0.3912364350624696 
0.3917114623617266 
0.39128564950541367 
0.3912793037790578 
0.39215118543567684 
0.3928708127074918 
0.39265967724445844 
0.3935204347905024 
0.39446648534064954 
0.3956575776598862 
0.39581877311689073 
0.3957307131643567 
0.39617627634040664 
0.3960375045279503 
0.3963936552996624 
0.39664369890902174 
0.39664292783057953 
0.39706310876390316 
0.39810818828288375 
0.3985276096549988 
0.3989270309333724 
0.3993661391890941 
0.39979511663986145 
0.39974675570257273 
0.3994264891388764 
0.398888444242108 
0.39946253244065094 
0.3990703985471642 
0.39919377216493224 
0.39897838181749323 
0.3993782147022452 
0.39897486547628164 
0.39829225889461517 
0.3982504943321559 
0.39873458929785527 
0.3986527249421407 
0.39929311316702804 
0.399019029483524 
0.3990654304991521 
0.3993672712881144 
0.39933292811646015 
0.39960277510004405 
0.3990910600108192 
0.3995526869214966 
0.3998999916368203 
0.40001118233569455 
0.40001118233569455 
0.4007773164321381 
0.4001731911670313 
0.39997743554228676 
0.39997743554228676 
0.40012152971917814 
0.40010167238340216 
0.4003159559912767 
0.4004281529705498 
0.4002329221822972 
0.4002329221822972 
0.40027435452615906 
0.40028504502296974 
0.4010540591979275 
0.4015294146899291 
0.40175875736158284 
0.4011543013415905 
0.40143859590644954 
0.4010418458093218 
0.4010418458093218 
0.4013281848125593 
0.400892906955358 
0.4005561465024243 
0.4005561465024243 
0.4005460404061299 
0.4003926414103936 
0.40026874312348276 
0.40026874312348276 
0.40079747939837096 
0.4011325649721762 
0.4012127116951579 
0.4015024358470391 
0.40174469155994347 
0.40174469155994347 
0.4017526043991223 
0.4019067564678017 
0.40162138403055886 
0.40148730006834216 
0.4012763067292593 
0.4012763067292593 
0.40186282027698755 
0.40186282027698755 
0.40153585930921204 
0.40145218353767353 
0.4022676671900605 
0.4022676671900605 
0.4021654813732385 
0.4021654813732385 
0.40249965101747104 
0.40307614463734787 
0.40307614463734787 
0.40307614463734787 
0.40307614463734787 
0.40304080081675964 
0.40304080081675964 
0.40283760469774427 
0.40272255981555927 
0.4025740009073797 
0.4027483268678866 
0.4027483268678866 
0.4027483268678866 
0.40266159927259443 
0.40250834718436124 
0.4028356458626094 
0.4028356458626094 
0.4028356458626094 
0.4027531175286246 
0.40227791350387954 
0.4024007560210263 
0.4024007560210263 
0.4028085749734877 
0.40313088953474596 
0.40313088953474596 
0.40313088953474596 
0.40329454615244464 
0.40351997452956095 
0.40351997452956095 
0.40351997452956095 
0.40328817221819463 
0.4034957952738345 
0.4032321314272007 
0.4032321314272007 
0.4032321314272007 
0.4031725801729032 
0.4031725801729032 
0.4031725801729032 
0.4031725801729032 
0.40323192711989175 
0.40323192711989175 
0.40323192711989175 
0.40323192711989175 
0.40323192711989175 
0.4033728030277987 
0.4036039419889266 
0.4044489732304821 
0.4044489732304821 
0.4044489732304821 
0.4044489732304821 
0.40468460262984346 
0.4045466875525836 
0.4045466875525836 
0.4041668521741687 
0.4041668521741687 
0.4041668521741687 
0.4041668521741687 
0.4039463162659983 
0.4039463162659983 
0.4039463162659983 
0.40379285066129716 
0.4040999135457615 
0.4040999135457615 
0.4040999135457615 
0.4040999135457615 
0.4040999135457615 
0.4040999135457615 
0.4040999135457615 
0.4040999135457615 
0.40455503785830155 
0.40455503785830155 
0.40455503785830155 
0.40455503785830155 
0.40455503785830155 
0.40455503785830155 
0.4041452176611697 
0.4041452176611697 
0.4041452176611697 
0.4041452176611697 
0.4041452176611697 
0.4041452176611697 
0.4041452176611697 
0.4041452176611697 
0.40432035669719085 
0.40432035669719085 
0.40432035669719085 
0.4043509231413567 
0.4043509231413567 
0.4043509231413567 
0.4043509231413567 
0.4043509231413567 
0.4043509231413567 
0.4048194254909858 
0.4048194254909858 
0.4046066153378384 
0.40469086234866614 
0.40469086234866614 
0.404467797032354 
0.404467797032354 
0.404467797032354 
0.404467797032354 
0.404467797032354 
0.404467797032354 
0.404467797032354 
0.40499386854316516 
0.40499386854316516 
0.4051781760888765 
0.4051781760888765 
0.4051781760888765 
0.4051781760888765 
0.4051781760888765 
0.4051781760888765 
0.4051781760888765 
0.4051781760888765 
0.4051781760888765 
0.4051781760888765 
0.4051781760888765 
0.4051781760888765 
0.4051781760888765 
0.4051781760888765 
0.40507153905694315 
0.40507153905694315 
0.40507153905694315 
0.40507153905694315 
0.40507153905694315 
0.40507153905694315 
0.40507153905694315 
0.40507153905694315 
0.40507153905694315 
0.40507153905694315 
0.40507153905694315 
0.40507153905694315 
0.40490144310730747 
0.40490144310730747 
0.40490144310730747 
0.40490144310730747 
0.40490144310730747 
0.40490144310730747 
0.40490144310730747 
0.4049748380611473 
0.4049748380611473 
0.4049748380611473 
0.4049748380611473 
0.4049748380611473 
0.40481341064591037 
0.40465074610423046 
0.40465074610423046 
0.40465074610423046 
0.40465074610423046 
0.40465074610423046 
0.40465074610423046 
0.40465074610423046 
0.40465074610423046 
0.40465074610423046 
0.40465074610423046 
0.40465074610423046 
0.40465074610423046 
0.40465074610423046 
0.40465074610423046 
0.40465074610423046 
0.40465074610423046 
0.40465074610423046 
0.40465074610423046 
0.40465074610423046 
0.40465074610423046 
0.40465074610423046 
0.40465074610423046 
0.40465074610423046 
0.40465074610423046 
0.40465074610423046 
0.4044789225231068 
0.4044789225231068 
0.4044789225231068 
0.4044789225231068 
0.4044789225231068 
0.4044789225231068 
0.4044789225231068 
0.4044789225231068 
0.4044789225231068 
0.4044789225231068 
0.4044789225231068 
0.4044789225231068 
0.4044789225231068 
0.4044789225231068 
0.4044789225231068 
0.4044789225231068 
0.4044789225231068 
0.4044789225231068 
0.4044789225231068 
0.4044789225231068 
0.4044789225231068 
0.4044789225231068 
0.4044789225231068 
0.4044789225231068 
0.4044789225231068 
0.4044789225231068 
0.4044789225231068 
0.4044789225231068 
0.4044789225231068 
0.4044789225231068 
0.4044789225231068 
0.4044789225231068 
0.4044789225231068 
0.4044789225231068 
0.4044789225231068 
0.4044789225231068 
0.4044789225231068 
0.4044789225231068 
0.4044789225231068 
0.4044789225231068 
0.4044789225231068 
0.4044789225231068 
0.4044789225231068 
0.4044789225231068 
0.4044789225231068 
0.4044789225231068 
0.4044789225231068 
0.4044789225231068 
0.4044789225231068 
0.4044789225231068 
0.4044789225231068 
0.4044789225231068 
0.4044789225231068 
0.4044789225231068 
0.4044789225231068 
0.4044789225231068 
0.4044789225231068 
0.4044789225231068 
0.4044789225231068 
0.4044789225231068 
0.4044789225231068 
0.4044789225231068 
0.4044789225231068 
0.4044789225231068 
0.4044789225231068 
0.4044789225231068 
0.4044789225231068 
0.4044789225231068 
0.4044789225231068 
0.4044789225231068 
0.4044789225231068 
0.4044789225231068 
0.4044789225231068 
0.4044789225231068 
0.4044789225231068 
0.4044789225231068 
0.4044789225231068 
0.4044789225231068 
0.4044789225231068 
0.4044789225231068 
0.4044789225231068 
0.4044789225231068 
0.404334473573675 
0.404334473573675 
0.404334473573675 
0.404334473573675 
0.404334473573675 
0.404334473573675 
0.404334473573675 
0.404334473573675 
0.404334473573675 
0.404334473573675 
0.404334473573675 
0.404334473573675 
0.404334473573675 
0.404334473573675 
0.404334473573675 
0.404334473573675 
0.404334473573675 
0.404334473573675 
0.404334473573675 
0.404334473573675 
0.404334473573675 
0.404334473573675 
0.404334473573675 
0.404334473573675 
0.404334473573675 
0.404334473573675 
0.404334473573675 
0.404334473573675 
0.404334473573675 
0.404334473573675 
0.404334473573675 
0.404334473573675 
0.404334473573675 
0.404334473573675 
0.404334473573675 
0.404334473573675 
0.404334473573675 
0.404334473573675 
0.404334473573675 
0.404334473573675 
0.404334473573675 
0.404334473573675 
0.404334473573675 
0.404334473573675 
0.404334473573675 
0.404334473573675 
0.404334473573675 
0.404334473573675 
0.404334473573675 
0.404334473573675 
0.404334473573675 
0.404334473573675 
0.404334473573675 
0.404334473573675 
0.404334473573675 
0.404334473573675 
0.404334473573675 
0.404334473573675 
0.404334473573675 
0.404334473573675 
0.404334473573675 
0.404334473573675 
0.404334473573675 
0.404334473573675 
0.404334473573675 
0.404334473573675 
0.404334473573675 
0.404334473573675 
0.404334473573675 
0.404334473573675 
0.404334473573675 
0.404334473573675 
0.404334473573675 
0.404334473573675 
0.404334473573675 
0.404334473573675 
0.404334473573675 
0.404334473573675 
0.404334473573675 
0.404334473573675 
0.404334473573675 
0.404334473573675 
0.404334473573675 
0.404334473573675 
0.404334473573675 
0.404334473573675 
0.404334473573675 
0.404334473573675 
0.404334473573675 
0.404334473573675 
0.404334473573675 
0.404334473573675 
0.404334473573675 
0.404334473573675 
0.404334473573675 
0.404334473573675 
0.404334473573675 
0.404334473573675 
0.404334473573675 
0.404334473573675 
0.404334473573675 
0.404334473573675 
0.404334473573675 
0.404334473573675 
0.404334473573675 
0.404334473573675 
0.404334473573675 
0.404334473573675 
0.404334473573675 
0.404334473573675 
0.404334473573675 
0.404334473573675 
0.404334473573675 
0.404334473573675 
0.404334473573675 
0.404334473573675 
0.404334473573675 
0.404334473573675 
0.404334473573675 
0.404334473573675 
0.404334473573675 
0.404334473573675 
0.404334473573675 
0.404334473573675 
0.404334473573675 
0.404334473573675 
0.404334473573675 
0.404334473573675 
0.404334473573675 
0.404334473573675 
0.404334473573675 
0.404334473573675 
0.404334473573675 
0.404334473573675 
0.404334473573675 
0.404334473573675 
0.404334473573675 
0.404334473573675 
0.404334473573675 
0.404334473573675 
0.404334473573675 
0.404334473573675 
0.404334473573675 
0.404334473573675 
0.404334473573675 
0.404334473573675 
0.404334473573675 
0.404334473573675 
0.404334473573675 
0.404334473573675 
0.404334473573675 
0.404334473573675 
0.404334473573675 
0.404334473573675 
0.404334473573675 
0.404334473573675 
0.404334473573675 
0.404334473573675 
0.404334473573675 
0.404334473573675 
0.404334473573675 
0.404334473573675 
0.404334473573675 
0.404334473573675 
0.404334473573675 
0.404334473573675 
0.404334473573675 
0.404334473573675 
0.404334473573675 
0.404334473573675 
0.404334473573675 
0.404334473573675 
0.404334473573675 
0.404334473573675 
0.404334473573675 
0.404334473573675 
0.404334473573675 
0.404334473573675 
0.404334473573675 
0.404334473573675 
0.404334473573675 
0.404334473573675 
0.404334473573675 
0.404334473573675 
0.404334473573675 
0.404334473573675 
0.404334473573675 
0.404334473573675 
0.404334473573675 
0.404334473573675 
0.404334473573675 
0.404334473573675 
0.404334473573675 
0.404334473573675 
0.404334473573675 
0.404334473573675 
0.404334473573675 
0.404334473573675 
0.404334473573675 
0.404334473573675 
0.404334473573675 
0.404334473573675 
0.404334473573675 
0.404334473573675 
0.404334473573675 
0.404334473573675 
0.404334473573675 
0.404334473573675 
0.404334473573675 
0.404334473573675 
0.404334473573675 
0.404334473573675 
0.404334473573675 
0.404334473573675 
0.404334473573675 
0.404334473573675 
0.404334473573675 
0.404334473573675 
0.404334473573675 
0.404334473573675 
0.404334473573675 
0.404334473573675 
0.404334473573675 
0.404334473573675 
0.404334473573675 
0.404334473573675 
0.404334473573675 
0.404334473573675 
0.404334473573675 
0.404334473573675 
0.404334473573675 
0.404334473573675 
0.404334473573675 
0.404334473573675 
0.404334473573675 
0.404334473573675 
0.404334473573675 
0.404334473573675 
0.404334473573675 
0.404334473573675 
0.404334473573675 
0.404334473573675 
0.404334473573675 
0.404334473573675 
0.404334473573675 
0.404334473573675 
0.404334473573675 
0.404334473573675 
0.404334473573675 
0.404334473573675 
0.404334473573675 
0.404334473573675 
0.404334473573675 
0.404334473573675 
0.404334473573675 
0.404334473573675 
0.404334473573675 
0.404334473573675 
0.404334473573675 
0.404334473573675 
0.404334473573675 
0.404334473573675 
0.404334473573675 
0.404334473573675 
0.404334473573675 
0.404334473573675 
0.404334473573675 
0.404334473573675 
0.404334473573675 
0.404334473573675 
0.404334473573675 
0.404334473573675 
0.404334473573675 
0.404334473573675 
0.404334473573675 
0.404334473573675 
0.404334473573675 
0.404334473573675 
0.404334473573675 
0.404334473573675 
0.404334473573675 
0.404334473573675 
0.404334473573675 
0.404334473573675 
0.404334473573675 
0.404334473573675 
0.404334473573675 
0.404334473573675 
0.404334473573675 
0.404334473573675 
0.404334473573675 
0.404334473573675 
0.404334473573675 
0.404334473573675 
0.404334473573675 
0.404334473573675 
