0.016210424300430883 
0.01616350655025078 
0.0160993237125042 
0.01599491719265842 
0.015944244855119354 
0.015924162269959446 
0.01585901081404512 
0.0158298472513161 
0.015774967511852443 
0.015699489928019953 
0.015622611305412419 
0.015576195170836813 
0.015509544932073278 
0.01547415910477852 
0.01540655237228628 
0.015386267123639835 
0.015335586848894958 
0.015315140743721556 
0.015299246517394248 
0.015278743403827422 
0.015247706188145154 
0.015201724112744579 
0.015154458089948319 
0.015122751072473552 
0.015101576076688156 
0.015043682527891898 
0.015022992511480529 
0.014958029816790713 
0.014920375330399702 
0.014902973662997596 
0.014861104131254852 
0.014834994304009691 
0.014819254502167105 
0.014813710406241916 
0.014765171993580028 
0.01473760686135982 
0.014749049596499428 
0.014700010340132418 
0.014672916001940445 
0.014634838434366124 
0.014639877595116703 
0.014595464501001677 
0.01457884275242723 
0.014568197692233584 
0.014567863810456222 
0.014512844517874504 
0.01450331603461774 
0.014503563148412873 
0.014475835865330888 
0.014453713156140881 
0.01443129931780226 
0.014414790182309279 
0.014409365843089696 
0.014398497699412949 
0.014387381137649756 
0.014365344966272127 
0.014348519087348353 
0.014370803735351758 
0.014370572152840677 
0.014342052293866455 
0.014314794584624676 
0.014292422607801659 
0.014274959334442951 
0.014269495295910085 
0.014218194540798772 
0.014223655788861034 
0.014218194540798772 
0.014195985911517382 
0.01419019379712624 
0.014167625065620564 
0.014139202806381979 
0.014156327207294976 
0.014133704397644662 
0.01410637529629777 
0.014089712559168834 
0.01407255257584778 
0.014049548889555136 
0.014049548889555136 
0.014032581515886518 
0.014020919228067752 
0.014003373307885496 
0.01394582432127983 
0.0139402404570366 
0.013922537699715522 
0.01392219752768937 
0.013938495758151237 
0.013926607627128726 
0.013898060871934619 
0.013892503877991182 
0.013886543702448066 
0.013898456892763311 
0.013898456892763311 
0.013892890843881268 
0.013875413651491619 
0.013870558171897768 
0.013853071284014966 
0.013835909222020791 
0.013806433283074961 
0.013794459177510366 
0.013800449847740473 
0.013788851148663548 
0.013788461262954617 
0.013788052799434734 
0.013770423958615073 
0.013776443663006793 
0.01376482473553514 
0.013747585097027042 
0.013735941758758299 
0.013729908958183226 
0.01372386884227622 
0.013712205366023366 
0.01371825061733456 
0.01372386884227622 
0.013740216009946859 
0.013735084419107152 
0.013735084419107152 
0.013735941758758299 
0.01374155740809607 
0.013736342453506318 
0.01374836717577764 
0.013759218582463177 
0.013765624431895562 
0.013753996364693427 
0.013771622998034765 
0.013754368615098258 
0.013760000000000001 
0.013766349697723066 
0.013760362785915203 
0.01375472224365145 
0.013748730268646632 
0.013760362785915203 
0.01375472224365145 
0.013748730268646632 
0.01374836717577764 
0.01374836717577764 
0.013731083569769723 
0.01374907473250473 
0.01374873026864663 
0.01374873026864663 
0.013737432656795811 
0.013743420243883982 
0.013737432656795811 
0.013737432656795811 
0.013737432656795811 
0.013737432656795811 
0.013731773374185869 
0.013731437797987505 
0.013719426227069412 
0.013713409495818318 
0.01370775897074354 
0.013719426227069412 
0.013719053028543916 
0.013725071948809595 
0.013725071948809595 
0.013713773514244722 
0.013719780756265749 
0.013725780706393353 
0.013725780706393353 
0.013737758769173375 
0.01373806623946762 
0.013737758769173375 
0.013737758769173375 
0.013726414826894896 
0.013720433812383631 
0.013720433812383631 
0.01370906619722875 
0.013703371847833656 
0.013703371847833656 
0.013709066197228751 
0.013709346300972924 
0.013715042836243712 
0.01372073234197067 
0.01372073234197067 
0.01372073234197067 
0.013709066197228751 
0.013709066197228751 
0.013715042836243712 
0.01372073234197067 
0.013703371847833656 
0.013703371847833656 
0.013703642727391867 
0.013703642727391867 
0.013697932106708659 
0.013685984655844094 
0.013685984655844094 
0.013685984655844094 
0.013685984655844094 
0.013691690910913816 
0.013691690910913816 
0.013697390116368884 
0.013697091078035512 
0.013703082281005247 
0.013697390116368884 
0.013697390116368884 
0.013697390116368884 
0.013703082281005247 
0.013714753515831044 
0.01370876741359339 
0.01370876741359339 
0.01370876741359339 
0.013714753515831044 
0.013720433812383631 
0.01372011661758019 
0.01372011661758019 
0.013714445522878422 
0.013703082281005247 
0.013703082281005247 
0.013703082281005247 
0.013697390116368884 
0.013691401097038973 
0.013691401097038973 
0.013691401097038973 
0.013703082281005247 
0.013697390116368884 
0.01370876741359339 
0.01370876741359339 
0.01370876741359339 
0.013714445522878422 
0.013714445522878422 
0.013714445522878422 
0.013714445522878422 
0.01370876741359339 
0.01370876741359339 
0.01370876741359339 
0.01370876741359339 
0.01370876741359339 
0.013703082281005247 
0.013697390116368884 
0.013685704073959803 
0.013685704073959803 
0.013685704073959803 
0.013685704073959803 
0.013679709938445332 
0.013685704073959803 
0.013685704073959803 
0.013691690910913816 
0.013691690910913816 
0.013691690910913816 
0.013691690910913816 
0.013697670458877305 
0.013697670458877305 
0.013697670458877305 
0.013703642727391867 
0.01369793210670866 
0.01369793210670866 
0.01369793210670866 
0.01369793210670866 
0.01369793210670866 
0.01369793210670866 
0.01369793210670866 
0.01369793210670866 
0.013691962021565793 
0.013691962021565793 
0.013691962021565793 
0.013691962021565793 
0.013691962021565793 
0.013691962021565793 
0.013697932106708659 
0.013697932106708659 
0.013697932106708659 
0.013697932106708659 
0.013697932106708659 
0.013697932106708659 
0.013697932106708659 
0.013697932106708659 
0.013691962021565793 
0.013691962021565793 
0.013691962021565793 
0.013685984655844094 
0.013685984655844094 
0.013685984655844094 
0.013685984655844094 
0.013685984655844094 
0.013685984655844094 
0.01368 
0.01368 
0.013685984655844094 
0.013680271342338205 
0.013680271342338205 
0.013685984655844094 
0.013685984655844094 
0.013685984655844094 
0.013685984655844094 
0.013685984655844094 
0.013685984655844094 
0.013685984655844094 
0.01368 
0.01368 
0.01366829908949903 
0.01366829908949903 
0.01366829908949903 
0.01366829908949903 
0.01366829908949903 
0.01366829908949903 
0.01366829908949903 
0.01366829908949903 
0.01366829908949903 
0.01366829908949903 
0.01366829908949903 
0.01366829908949903 
0.01366829908949903 
0.01366829908949903 
0.013674008044461578 
0.013674008044461578 
0.013674008044461578 
0.013674008044461578 
0.013674008044461578 
0.013674008044461578 
0.013674008044461578 
0.013674008044461578 
0.013674008044461578 
0.013674008044461578 
0.013674008044461578 
0.013674008044461578 
0.013679709938445332 
0.013679709938445332 
0.013679709938445332 
0.013679709938445332 
0.013679709938445332 
0.013679709938445332 
0.013679709938445332 
0.013673708494772003 
0.013673708494772003 
0.013673708494772003 
0.013673708494772003 
0.013673708494772003 
0.013679401156483424 
0.013685404780275958 
0.013685404780275958 
0.013685404780275958 
0.013685404780275958 
0.013685404780275958 
0.013685404780275958 
0.013685404780275958 
0.013685404780275958 
0.013685404780275958 
0.013685404780275958 
0.013685404780275958 
0.013685404780275958 
0.013685404780275958 
0.013685404780275958 
0.013685404780275958 
0.013685404780275958 
0.013685404780275958 
0.013685404780275958 
0.013685404780275958 
0.013685404780275958 
0.013685404780275958 
0.013685404780275958 
0.013685404780275958 
0.013685404780275958 
0.013685404780275958 
0.013691401097038971 
0.013691401097038971 
0.013691401097038971 
0.013691401097038971 
0.013691401097038971 
0.013691401097038971 
0.013691401097038971 
0.013691401097038971 
0.013691401097038971 
0.013691401097038971 
0.013691401097038971 
0.013691401097038971 
0.013691401097038971 
0.013691401097038971 
0.013691401097038971 
0.013691401097038971 
0.013691401097038971 
0.013691401097038971 
0.013691401097038971 
0.013691401097038971 
0.013691401097038971 
0.013691401097038971 
0.013691401097038971 
0.013691401097038971 
0.013691401097038971 
0.013691401097038971 
0.013691401097038971 
0.013691401097038971 
0.013691401097038971 
0.013691401097038971 
0.013691401097038971 
0.013691401097038971 
0.013691401097038971 
0.013691401097038971 
0.013691401097038971 
0.013691401097038971 
0.013691401097038971 
0.013691401097038971 
0.013691401097038971 
0.013691401097038971 
0.013691401097038971 
0.013691401097038971 
0.013691401097038971 
0.013691401097038971 
0.013691401097038971 
0.013691401097038971 
0.013691401097038971 
0.013691401097038971 
0.013691401097038971 
0.013691401097038971 
0.013691401097038971 
0.013691401097038971 
0.013691401097038971 
0.013691401097038971 
0.013691401097038971 
0.013691401097038971 
0.013691401097038971 
0.013691401097038971 
0.013691401097038971 
0.013691401097038971 
0.013691401097038971 
0.013691401097038971 
0.013691401097038971 
0.013691401097038971 
0.013691401097038971 
0.013691401097038971 
0.013691401097038971 
0.013691401097038971 
0.013691401097038971 
0.013691401097038971 
0.013691401097038971 
0.013691401097038971 
0.013691401097038971 
0.013691401097038971 
0.013691401097038971 
0.013691401097038971 
0.013691401097038971 
0.013691401097038971 
0.013691401097038971 
0.013691401097038971 
0.013691401097038971 
0.013691401097038971 
0.013697390116368884 
0.013697390116368884 
0.013697390116368884 
0.013697390116368884 
0.013697390116368884 
0.013697390116368884 
0.013697390116368884 
0.013697390116368884 
0.013697390116368884 
0.013697390116368884 
0.013697390116368884 
0.013697390116368884 
0.013697390116368884 
0.013697390116368884 
0.013697390116368884 
0.013697390116368884 
0.013697390116368884 
0.013697390116368884 
0.013697390116368884 
0.013697390116368884 
0.013697390116368884 
0.013697390116368884 
0.013697390116368884 
0.013697390116368884 
0.013697390116368884 
0.013697390116368884 
0.013697390116368884 
0.013697390116368884 
0.013697390116368884 
0.013697390116368884 
0.013697390116368884 
0.013697390116368884 
0.013697390116368884 
0.013697390116368884 
0.013697390116368884 
0.013697390116368884 
0.013697390116368884 
0.013697390116368884 
0.013697390116368884 
0.013697390116368884 
0.013697390116368884 
0.013697390116368884 
0.013697390116368884 
0.013697390116368884 
0.013697390116368884 
0.013697390116368884 
0.013697390116368884 
0.013697390116368884 
0.013697390116368884 
0.013697390116368884 
0.013697390116368884 
0.013697390116368884 
0.013697390116368884 
0.013697390116368884 
0.013697390116368884 
0.013697390116368884 
0.013697390116368884 
0.013697390116368884 
0.013697390116368884 
0.013697390116368884 
0.013697390116368884 
0.013697390116368884 
0.013697390116368884 
0.013697390116368884 
0.013697390116368884 
0.013697390116368884 
0.013697390116368884 
0.013697390116368884 
0.013697390116368884 
0.013697390116368884 
0.013697390116368884 
0.013697390116368884 
0.013697390116368884 
0.013697390116368884 
0.013697390116368884 
0.013697390116368884 
0.013697390116368884 
0.013697390116368884 
0.013697390116368884 
0.013697390116368884 
0.013697390116368884 
0.013697390116368884 
0.013697390116368884 
0.013697390116368884 
0.013697390116368884 
0.013697390116368884 
0.013697390116368884 
0.013697390116368884 
0.013697390116368884 
0.013697390116368884 
0.013697390116368884 
0.013697390116368884 
0.013697390116368884 
0.013697390116368884 
0.013697390116368884 
0.013697390116368884 
0.013697390116368884 
0.013697390116368884 
0.013697390116368884 
0.013697390116368884 
0.013697390116368884 
0.013697390116368884 
0.013697390116368884 
0.013697390116368884 
0.013697390116368884 
0.013697390116368884 
0.013697390116368884 
0.013697390116368884 
0.013697390116368884 
0.013697390116368884 
0.013697390116368884 
0.013697390116368884 
0.013697390116368884 
0.013697390116368884 
0.013697390116368884 
0.013697390116368884 
0.013697390116368884 
0.013697390116368884 
0.013697390116368884 
0.013697390116368884 
0.013697390116368884 
0.013697390116368884 
0.013697390116368884 
0.013697390116368884 
0.013697390116368884 
0.013697390116368884 
0.013697390116368884 
0.013697390116368884 
0.013697390116368884 
0.013697390116368884 
0.013697390116368884 
0.013697390116368884 
0.013697390116368884 
0.013697390116368884 
0.013697390116368884 
0.013697390116368884 
0.013697390116368884 
0.013697390116368884 
0.013697390116368884 
0.013697390116368884 
0.013697390116368884 
0.013697390116368884 
0.013697390116368884 
0.013697390116368884 
0.013697390116368884 
0.013697390116368884 
0.013697390116368884 
0.013697390116368884 
0.013697390116368884 
0.013697390116368884 
0.013697390116368884 
0.013697390116368884 
0.013697390116368884 
0.013697390116368884 
0.013697390116368884 
0.013697390116368884 
0.013697390116368884 
0.013697390116368884 
0.013697390116368884 
0.013697390116368884 
0.013697390116368884 
0.013697390116368884 
0.013697390116368884 
0.013697390116368884 
0.013697390116368884 
0.013697390116368884 
0.013697390116368884 
0.013697390116368884 
0.013697390116368884 
0.013697390116368884 
0.013697390116368884 
0.013697390116368884 
0.013697390116368884 
0.013697390116368884 
0.013697390116368884 
0.013697390116368884 
0.013697390116368884 
0.013697390116368884 
0.013697390116368884 
0.013697390116368884 
0.013697390116368884 
0.013697390116368884 
0.013697390116368884 
0.013697390116368884 
0.013697390116368884 
0.013697390116368884 
0.013697390116368884 
0.013697390116368884 
0.013697390116368884 
0.013697390116368884 
0.013697390116368884 
0.013697390116368884 
0.013697390116368884 
0.013697390116368884 
0.013697390116368884 
0.013697390116368884 
0.013697390116368884 
0.013697390116368884 
0.013697390116368884 
0.013697390116368884 
0.013697390116368884 
0.013697390116368884 
0.013697390116368884 
0.013697390116368884 
0.013697390116368884 
0.013697390116368884 
0.013697390116368884 
0.013697390116368884 
0.013697390116368884 
0.013697390116368884 
0.013697390116368884 
0.013697390116368884 
0.013697390116368884 
0.013697390116368884 
0.013697390116368884 
0.013697390116368884 
0.013697390116368884 
0.013697390116368884 
0.013697390116368884 
0.013697390116368884 
0.013697390116368884 
0.013697390116368884 
0.013697390116368884 
0.013697390116368884 
0.013697390116368884 
0.013697390116368884 
0.013697390116368884 
0.013697390116368884 
0.013697390116368884 
0.013697390116368884 
0.013697390116368884 
0.013697390116368884 
0.013697390116368884 
0.013697390116368884 
0.013697390116368884 
0.013697390116368884 
0.013697390116368884 
0.013697390116368884 
0.013697390116368884 
0.013697390116368884 
0.013697390116368884 
0.013697390116368884 
0.013697390116368884 
0.013697390116368884 
0.013697390116368884 
0.013697390116368884 
0.013697390116368884 
0.013697390116368884 
0.013697390116368884 
0.013697390116368884 
0.013697390116368884 
0.013697390116368884 
0.013697390116368884 
0.013697390116368884 
0.013697390116368884 
0.013697390116368884 
0.013697390116368884 
0.013697390116368884 
0.013697390116368884 
0.013697390116368884 
0.013697390116368884 
0.013697390116368884 
0.013697390116368884 
0.013697390116368884 
0.013697390116368884 
0.013697390116368884 
0.013697390116368884 
0.013697390116368884 
0.013697390116368884 
0.013697390116368884 
0.013697390116368884 
0.013697390116368884 
0.013697390116368884 
0.013697390116368884 
0.013697390116368884 
0.013697390116368884 
0.013697390116368884 
0.013697390116368884 
0.013697390116368884 
0.013697390116368884 
0.013697390116368884 
0.013697390116368884 
0.013697390116368884 
0.013697390116368884 
0.013697390116368884 
0.013697390116368884 
0.013697390116368884 
0.013697390116368884 
0.013697390116368884 
0.013697390116368884 
0.013697390116368884 
0.013697390116368884 
0.013697390116368884 
0.013697390116368884 
0.013697390116368884 
0.013697390116368884 
