-0.0236 
-0.0244 
-0.0252 
-0.026 
-0.03 
-0.03 
-0.0328 
-0.0332 
-0.0328 
-0.0316 
-0.0324 
-0.0308 
-0.0304 
-0.032 
-0.0328 
-0.0332 
-0.0364 
-0.0364 
-0.0364 
-0.0372 
-0.0388 
-0.0392 
-0.0416 
-0.0428 
-0.0412 
-0.0404 
-0.04 
-0.0408 
-0.0436 
-0.044 
-0.0428 
-0.044 
-0.0456 
-0.0468 
-0.048 
-0.0488 
-0.0484 
-0.0476 
-0.0488 
-0.0492 
-0.052 
-0.0496 
-0.0504 
-0.0512 
-0.05 
-0.0484 
-0.0504 
-0.0524 
-0.0516 
-0.0524 
-0.0524 
-0.0524 
-0.0544 
-0.0548 
-0.0556 
-0.0564 
-0.056 
-0.0568 
-0.0568 
-0.0576 
-0.0568 
-0.0564 
-0.0556 
-0.056 
-0.056 
-0.058 
-0.06 
-0.0604 
-0.0604 
-0.0612 
-0.062 
-0.062 
-0.0632 
-0.0632 
-0.066 
-0.066 
-0.0656 
-0.0668 
-0.0684 
-0.0696 
-0.0704 
-0.0704 
-0.07 
-0.072 
-0.0716 
-0.0704 
-0.0708 
-0.0716 
-0.0712 
-0.072 
-0.0704 
-0.0712 
-0.0724 
-0.0724 
-0.0732 
-0.0732 
-0.0724 
-0.0736 
-0.074 
-0.0752 
-0.0756 
-0.076 
-0.0756 
-0.0772 
-0.0772 
-0.0768 
-0.076 
-0.076 
-0.0768 
-0.078 
-0.0788 
-0.08 
-0.0804 
-0.0812 
-0.082 
-0.0828 
-0.0824 
-0.0816 
-0.0812 
-0.0836 
-0.0844 
-0.0876 
-0.0876 
-0.0868 
-0.0872 
-0.0876 
-0.09 
-0.0912 
-0.0928 
-0.0924 
-0.0932 
-0.0916 
-0.0936 
-0.0932 
-0.0936 
-0.0924 
-0.0916 
-0.0928 
-0.0948 
-0.0964 
-0.0984 
-0.0988 
-0.098 
-0.0976 
-0.0984 
-0.098 
-0.1016 
-0.102 
-0.1048 
-0.1072 
-0.1072 
-0.106 
-0.1072 
-0.1112 
-0.1144 
-0.1156 
-0.1172 
-0.1168 
-0.1164 
-0.1184 
-0.1188 
-0.1188 
-0.12 
-0.1208 
-0.1208 
-0.1208 
-0.1196 
-0.1208 
-0.1224 
-0.126 
-0.1276 
-0.1276 
-0.128 
-0.1312 
-0.1336 
-0.1372 
-0.138 
-0.1412 
-0.1448 
-0.146 
-0.148 
-0.1512 
-0.1516 
-0.1536 
-0.1544 
-0.1552 
-0.1544 
-0.1548 
-0.1536 
-0.1556 
-0.1564 
-0.1544 
-0.1556 
-0.154 
-0.1572 
-0.1584 
-0.1608 
-0.162 
-0.1624 
-0.1648 
-0.1668 
-0.1664 
-0.1684 
-0.1672 
-0.1696 
-0.1692 
-0.1704 
-0.1708 
-0.1752 
-0.1756 
-0.1768 
-0.1768 
-0.1796 
-0.1808 
-0.178 
-0.1776 
-0.1808 
-0.1812 
-0.1816 
-0.1844 
-0.1852 
-0.1872 
-0.1876 
-0.1876 
-0.1868 
-0.1868 
-0.1892 
-0.1896 
-0.1908 
-0.1916 
-0.1912 
-0.1888 
-0.1896 
-0.1896 
-0.1896 
-0.1892 
-0.188 
-0.1868 
-0.1868 
-0.1884 
-0.1908 
-0.1892 
-0.1888 
-0.1884 
-0.1884 
-0.1892 
-0.1904 
-0.1924 
-0.1932 
-0.194 
-0.1948 
-0.1928 
-0.1924 
-0.1924 
-0.192 
-0.1932 
-0.1928 
-0.1924 
-0.1932 
-0.194 
-0.1932 
-0.1936 
-0.1924 
-0.1912 
-0.192 
-0.192 
-0.1916 
-0.194 
-0.194 
-0.194 
-0.1936 
-0.1928 
-0.1924 
-0.192 
-0.1916 
-0.1916 
-0.19 
-0.1904 
-0.1908 
-0.1908 
-0.1908 
-0.1916 
-0.1908 
-0.1916 
-0.192 
-0.1908 
-0.1904 
-0.1908 
-0.19 
-0.1896 
-0.19 
-0.19 
-0.1888 
-0.188 
-0.1876 
-0.186 
-0.186 
-0.1856 
-0.1876 
-0.188 
-0.1876 
-0.1864 
-0.186 
-0.186 
-0.1856 
-0.186 
-0.186 
-0.1848 
-0.1856 
-0.1848 
-0.1836 
-0.1832 
-0.184 
-0.1836 
-0.1836 
-0.1836 
-0.184 
-0.1832 
-0.1836 
-0.184 
-0.1832 
-0.1848 
-0.1836 
-0.1828 
-0.184 
-0.1832 
-0.1812 
-0.1812 
-0.1812 
-0.1792 
-0.1796 
-0.1792 
-0.1796 
-0.18 
-0.1796 
-0.1796 
-0.1792 
-0.1784 
-0.1776 
-0.1772 
-0.1784 
-0.1784 
-0.1772 
-0.1772 
-0.1776 
-0.178 
-0.1776 
-0.178 
-0.1768 
-0.1752 
-0.1752 
-0.1752 
-0.176 
-0.1764 
-0.1752 
-0.1752 
-0.1756 
-0.1756 
-0.176 
-0.1756 
-0.1748 
-0.1756 
-0.1756 
-0.1756 
-0.176 
-0.176 
-0.1752 
-0.1744 
-0.174 
-0.174 
-0.1724 
-0.172 
-0.172 
-0.1712 
-0.1704 
-0.1704 
-0.17 
-0.17 
-0.17 
-0.1692 
-0.1684 
-0.1696 
-0.17 
-0.1692 
-0.168 
-0.168 
-0.168 
-0.1668 
-0.166 
-0.1664 
-0.1664 
-0.1668 
-0.166 
-0.166 
-0.1648 
-0.1644 
-0.1636 
-0.1636 
-0.1632 
-0.1624 
-0.162 
-0.1616 
-0.1608 
-0.1608 
-0.1608 
-0.1604 
-0.16 
-0.1588 
-0.1584 
-0.1576 
-0.1568 
-0.1556 
-0.1544 
-0.154 
-0.154 
-0.1536 
-0.1528 
-0.1528 
-0.1528 
-0.1524 
-0.1532 
-0.1528 
-0.1532 
-0.1536 
-0.1528 
-0.1536 
-0.1532 
-0.152 
-0.1516 
-0.1516 
-0.1516 
-0.1504 
-0.1504 
-0.15 
-0.15 
-0.15 
-0.15 
-0.1508 
-0.15 
-0.1492 
-0.1496 
-0.1496 
-0.1508 
-0.1504 
-0.15 
-0.15 
-0.15 
-0.1496 
-0.1492 
-0.1492 
-0.1476 
-0.1476 
-0.1468 
-0.1468 
-0.1464 
-0.1464 
-0.1464 
-0.146 
-0.1456 
-0.1444 
-0.1444 
-0.1432 
-0.1432 
-0.1436 
-0.1416 
-0.1412 
-0.1412 
-0.1412 
-0.1412 
-0.1416 
-0.1416 
-0.1412 
-0.1412 
-0.1408 
-0.1408 
-0.1396 
-0.1388 
-0.1384 
-0.1376 
-0.1372 
-0.1372 
-0.1372 
-0.1372 
-0.1372 
-0.1376 
-0.1376 
-0.1376 
-0.1372 
-0.1372 
-0.1368 
-0.1368 
-0.1364 
-0.136 
-0.1364 
-0.1364 
-0.136 
-0.1356 
-0.1356 
-0.1356 
-0.1348 
-0.1348 
-0.1344 
-0.134 
-0.1336 
-0.1336 
-0.1332 
-0.1324 
-0.1324 
-0.1312 
-0.1312 
-0.1312 
-0.1308 
-0.1308 
-0.1304 
-0.1304 
-0.1292 
-0.1292 
-0.1284 
-0.1284 
-0.1284 
-0.1272 
-0.1272 
-0.1272 
-0.1268 
-0.1268 
-0.1264 
-0.126 
-0.1252 
-0.1252 
-0.1248 
-0.1248 
-0.1248 
-0.1248 
-0.1244 
-0.1244 
-0.124 
-0.124 
-0.124 
-0.1236 
-0.1236 
-0.1232 
-0.1228 
-0.1224 
-0.1224 
-0.122 
-0.122 
-0.122 
-0.1216 
-0.1216 
-0.1216 
-0.1216 
-0.122 
-0.122 
-0.122 
-0.122 
-0.1212 
-0.1212 
-0.1212 
-0.1212 
-0.1212 
-0.1212 
-0.1212 
-0.1212 
-0.1212 
-0.1216 
-0.1212 
-0.1212 
-0.1212 
-0.1208 
-0.1204 
-0.1204 
-0.1204 
-0.1196 
-0.1188 
-0.1188 
-0.1184 
-0.118 
-0.1172 
-0.1172 
-0.1172 
-0.1168 
-0.1164 
-0.1168 
-0.1164 
-0.1164 
-0.1164 
-0.116 
-0.116 
-0.116 
-0.116 
-0.116 
-0.1156 
-0.1156 
-0.1156 
-0.1156 
-0.1156 
-0.1152 
-0.1152 
-0.1148 
-0.1148 
-0.1144 
-0.1144 
-0.1148 
-0.1148 
-0.1148 
-0.1148 
-0.1148 
-0.1144 
-0.1144 
-0.1144 
-0.114 
-0.1136 
-0.114 
-0.114 
-0.1136 
-0.1132 
-0.1132 
-0.1132 
-0.1132 
-0.1132 
-0.1132 
-0.1132 
-0.1124 
-0.1124 
-0.1124 
-0.1124 
-0.112 
-0.112 
-0.112 
-0.112 
-0.1124 
-0.112 
-0.1112 
-0.1112 
-0.1112 
-0.1108 
-0.1104 
-0.1104 
-0.1108 
-0.1108 
-0.1104 
-0.1104 
-0.11 
-0.11 
-0.11 
-0.11 
-0.11 
-0.11 
-0.1096 
-0.1096 
-0.1096 
-0.1092 
-0.1092 
-0.1092 
-0.1092 
-0.1092 
-0.1088 
-0.1088 
-0.1088 
-0.1092 
-0.1092 
-0.1092 
-0.1092 
-0.1092 
-0.1092 
-0.1092 
-0.1092 
-0.1088 
-0.1088 
-0.1088 
-0.1088 
-0.1088 
-0.1088 
-0.1088 
-0.1088 
-0.1088 
-0.1088 
-0.1088 
-0.1088 
-0.1088 
-0.1088 
-0.1088 
-0.1088 
-0.1088 
-0.1088 
-0.1088 
-0.1088 
-0.1088 
-0.1084 
-0.1084 
-0.1084 
-0.108 
-0.108 
-0.108 
-0.1084 
-0.1084 
-0.1084 
-0.1084 
-0.1084 
-0.1084 
-0.1084 
-0.1084 
-0.1084 
-0.1084 
-0.1084 
-0.1084 
-0.1084 
-0.108 
-0.108 
-0.108 
-0.108 
-0.108 
-0.108 
-0.108 
-0.108 
-0.108 
-0.1076 
-0.1076 
-0.1076 
-0.1076 
-0.1076 
-0.1076 
-0.1072 
-0.1072 
-0.1076 
-0.1076 
-0.1076 
-0.1076 
-0.1076 
-0.1068 
-0.1064 
-0.1064 
-0.1064 
-0.1064 
-0.1064 
-0.1064 
-0.1064 
-0.1064 
-0.1064 
-0.1064 
-0.1064 
-0.1064 
-0.1064 
-0.1064 
-0.1064 
-0.1064 
-0.1064 
-0.1064 
-0.106 
-0.1056 
-0.1056 
-0.1056 
-0.1056 
-0.1056 
-0.1056 
-0.1056 
-0.1056 
-0.1056 
-0.1056 
-0.1056 
-0.1056 
-0.1056 
-0.1056 
-0.1056 
-0.1056 
-0.1056 
-0.1052 
-0.1048 
-0.1048 
-0.1048 
-0.1048 
-0.1048 
-0.1048 
-0.1048 
-0.1048 
-0.1048 
-0.1048 
-0.1048 
-0.1048 
-0.1048 
-0.1048 
-0.1048 
-0.1048 
-0.1044 
-0.1044 
-0.1044 
-0.1044 
-0.1044 
-0.1044 
-0.1044 
-0.1044 
-0.1044 
-0.1044 
-0.1044 
-0.1048 
-0.1048 
-0.1048 
-0.1048 
-0.1048 
-0.1048 
-0.1048 
-0.1048 
-0.1048 
-0.1048 
-0.1048 
-0.1048 
-0.1048 
-0.1048 
-0.1048 
-0.1048 
-0.1048 
-0.1048 
-0.1048 
-0.1048 
-0.1048 
-0.1048 
-0.1048 
-0.1044 
-0.1044 
-0.1044 
-0.1044 
-0.1044 
-0.1044 
-0.1044 
-0.1044 
-0.1044 
-0.1044 
-0.1044 
-0.1044 
-0.1044 
-0.1044 
-0.1044 
-0.1044 
-0.1044 
-0.1044 
-0.1044 
-0.1044 
-0.1044 
-0.1044 
-0.1044 
-0.1044 
-0.1044 
-0.1044 
-0.1044 
-0.1044 
-0.1044 
-0.1044 
-0.1044 
-0.1044 
-0.1044 
-0.1044 
-0.1044 
-0.1044 
-0.1044 
-0.1044 
-0.1044 
-0.1044 
-0.1044 
-0.1044 
-0.1044 
-0.1044 
-0.1044 
-0.1044 
-0.1044 
-0.1044 
-0.1044 
-0.1044 
-0.1044 
-0.1044 
-0.1044 
-0.1044 
-0.1044 
-0.1044 
-0.1044 
-0.1044 
-0.1044 
-0.1044 
-0.1044 
-0.1044 
-0.1044 
-0.1044 
-0.1044 
-0.1044 
-0.1044 
-0.1044 
-0.1044 
-0.1044 
-0.1044 
-0.1044 
-0.1044 
-0.1044 
-0.1044 
-0.1044 
-0.1044 
-0.1044 
-0.1044 
-0.1044 
-0.1044 
-0.1044 
-0.1044 
-0.1044 
-0.1044 
-0.1044 
-0.1044 
-0.1044 
-0.1044 
-0.1044 
-0.1044 
-0.104 
-0.104 
-0.104 
-0.104 
-0.1036 
-0.1036 
-0.1036 
-0.1036 
-0.1036 
-0.1036 
-0.1036 
-0.1036 
-0.1036 
-0.1036 
-0.1036 
-0.1036 
-0.1036 
-0.1036 
-0.1036 
-0.1036 
-0.1036 
-0.1036 
-0.1036 
-0.1036 
-0.1036 
-0.1036 
-0.1036 
-0.1036 
-0.1036 
-0.1036 
-0.1036 
-0.1036 
-0.1036 
-0.1036 
-0.1036 
-0.1036 
-0.1036 
-0.1036 
-0.1036 
-0.1036 
-0.1036 
-0.1036 
-0.1036 
-0.1036 
-0.1036 
-0.1036 
-0.1036 
-0.1036 
-0.1036 
-0.1036 
-0.1036 
-0.1036 
-0.1036 
-0.1036 
-0.1036 
-0.1036 
-0.1036 
-0.1036 
-0.1036 
-0.1036 
-0.1036 
-0.1036 
-0.1036 
-0.1036 
-0.1036 
-0.1036 
-0.1036 
-0.1036 
-0.1036 
-0.1036 
-0.1036 
-0.1036 
-0.1036 
-0.1036 
-0.1036 
-0.1036 
-0.1036 
-0.1036 
-0.1036 
-0.1036 
-0.1036 
-0.1036 
-0.1036 
-0.1036 
-0.1036 
-0.1036 
-0.1036 
-0.1036 
-0.1036 
-0.1036 
-0.1036 
-0.1036 
-0.1036 
-0.1036 
-0.1036 
-0.1036 
-0.1036 
-0.1036 
-0.1036 
-0.1036 
-0.1036 
-0.1036 
-0.1036 
-0.1036 
-0.1036 
-0.1036 
-0.1036 
-0.1036 
-0.1036 
-0.1036 
-0.1036 
-0.1036 
-0.1036 
-0.1036 
-0.1036 
-0.1036 
-0.1036 
-0.1036 
-0.1036 
-0.1036 
-0.1036 
-0.1036 
-0.1036 
-0.1036 
-0.1036 
-0.1036 
-0.1032 
-0.1032 
-0.1032 
-0.1032 
-0.1032 
-0.1032 
-0.1032 
-0.1032 
-0.1032 
-0.1032 
-0.1032 
-0.1032 
-0.1032 
-0.1032 
-0.1032 
-0.1032 
-0.1032 
-0.1032 
-0.1032 
-0.1032 
-0.1032 
-0.1032 
-0.1032 
-0.1032 
-0.1032 
-0.1032 
-0.1032 
-0.1032 
-0.1032 
-0.1032 
-0.1032 
-0.1032 
-0.1032 
-0.1032 
-0.1032 
-0.1032 
-0.1032 
-0.1032 
-0.1032 
-0.1032 
-0.1032 
-0.1032 
-0.1032 
-0.1032 
-0.1032 
-0.1032 
-0.1032 
-0.1032 
-0.1032 
-0.1032 
-0.1032 
-0.1032 
-0.1032 
-0.1032 
-0.1032 
-0.1032 
-0.1032 
-0.1032 
-0.1032 
-0.1032 
-0.1032 
-0.1032 
-0.1032 
-0.1032 
-0.1032 
-0.1032 
-0.1032 
-0.1032 
-0.1032 
-0.1032 
-0.1032 
-0.1032 
-0.1032 
-0.1032 
-0.1032 
-0.1032 
-0.1032 
-0.1032 
-0.1032 
-0.1032 
-0.1032 
-0.1032 
-0.1032 
-0.1032 
-0.1032 
-0.1032 
-0.1032 
-0.1032 
-0.1032 
-0.1032 
-0.1032 
-0.1032 
-0.1032 
-0.1032 
-0.1032 
-0.1032 
-0.1032 
-0.1032 
-0.1032 
-0.1032 
-0.1032 
-0.1032 
-0.1032 
-0.1032 
-0.1032 
-0.1032 
-0.1032 
-0.1032 
-0.1032 
-0.1032 
-0.1032 
-0.1032 
-0.1032 
-0.1032 
-0.1032 
-0.1032 
-0.1032 
-0.1032 
-0.1032 
-0.1032 
-0.1032 
-0.1032 
-0.1032 
-0.1032 
-0.1032 
-0.1032 
-0.1032 
-0.1032 
-0.1032 
-0.1028 
-0.1028 
-0.1028 
-0.1028 
-0.1028 
-0.1028 
-0.1024 
-0.1024 
-0.1024 
-0.1024 
-0.1024 
-0.1024 
-0.1024 
-0.1024 
-0.1024 
-0.1024 
-0.1024 
-0.1024 
-0.1024 
-0.1024 
-0.1024 
-0.1024 
-0.1024 
-0.1024 
-0.1024 
-0.1024 
-0.1024 
-0.1024 
-0.1024 
-0.1024 
-0.1024 
-0.1024 
-0.1024 
-0.102 
-0.102 
-0.102 
-0.102 
-0.102 
-0.102 
-0.1016 
-0.1016 
-0.1016 
-0.1016 
-0.1016 
-0.1016 
-0.1016 
-0.1016 
-0.1016 
-0.1016 
-0.1016 
-0.1016 
-0.1016 
-0.1016 
-0.1016 
-0.1016 
-0.1016 
-0.1012 
-0.1012 
-0.1012 
-0.1012 
-0.1012 
-0.1012 
-0.1012 
-0.1012 
-0.1012 
-0.1012 
-0.1012 
-0.1012 
-0.1012 
-0.1012 
-0.1012 
-0.1012 
-0.1012 
-0.1012 
-0.1012 
-0.1016 
-0.1016 
-0.1016 
-0.1016 
-0.1016 
-0.1016 
-0.1016 
-0.1016 
-0.1016 
-0.1016 
-0.1016 
-0.1016 
-0.1016 
-0.1016 
-0.1016 
-0.1016 
-0.1016 
-0.1016 
-0.1016 
-0.1016 
-0.1016 
-0.1016 
-0.1016 
-0.1016 
-0.1016 
-0.1016 
-0.1016 
-0.1016 
-0.1016 
-0.1016 
-0.1016 
-0.1016 
-0.1016 
-0.1016 
-0.1016 
-0.1016 
-0.1016 
-0.1016 
-0.1016 
-0.1016 
-0.1016 
-0.1016 
-0.1016 
-0.1016 
-0.1016 
-0.1016 
-0.1016 
-0.1016 
-0.1016 
-0.1016 
-0.1016 
-0.1016 
-0.1016 
-0.1016 
-0.1016 
-0.1016 
-0.1016 
-0.1016 
-0.1016 
-0.1016 
-0.1016 
-0.1016 
-0.1016 
-0.1016 
-0.102 
-0.102 
-0.102 
-0.102 
-0.102 
-0.102 
-0.102 
-0.102 
-0.102 
-0.102 
-0.102 
-0.102 
-0.102 
-0.102 
-0.102 
-0.102 
-0.102 
-0.102 
-0.102 
-0.102 
-0.102 
-0.102 
-0.102 
-0.102 
-0.102 
-0.102 
-0.102 
-0.102 
-0.102 
-0.102 
-0.102 
-0.102 
-0.102 
-0.102 
-0.102 
-0.102 
-0.102 
-0.102 
-0.102 
-0.102 
-0.102 
-0.102 
-0.102 
-0.102 
-0.102 
-0.102 
-0.102 
-0.102 
-0.102 
-0.102 
-0.102 
-0.102 
-0.102 
-0.102 
-0.102 
-0.102 
-0.102 
-0.102 
-0.102 
-0.102 
-0.102 
-0.102 
-0.102 
-0.102 
-0.102 
-0.102 
-0.102 
-0.102 
-0.102 
-0.102 
-0.102 
-0.102 
-0.102 
-0.102 
-0.102 
-0.102 
-0.102 
-0.102 
-0.102 
-0.102 
-0.102 
-0.102 
-0.102 
-0.102 
-0.102 
-0.102 
-0.102 
-0.102 
-0.102 
-0.102 
-0.102 
-0.102 
-0.102 
-0.102 
-0.102 
-0.102 
-0.102 
-0.102 
-0.102 
-0.102 
-0.102 
-0.102 
-0.102 
-0.102 
-0.102 
-0.102 
-0.102 
-0.102 
-0.102 
-0.102 
-0.102 
-0.102 
-0.102 
-0.102 
-0.102 
-0.102 
-0.102 
-0.102 
-0.102 
-0.102 
-0.102 
-0.102 
-0.102 
-0.102 
-0.102 
-0.102 
-0.102 
-0.102 
-0.102 
-0.102 
-0.102 
-0.102 
-0.102 
-0.102 
-0.102 
-0.102 
-0.102 
-0.102 
-0.102 
-0.102 
-0.102 
-0.102 
-0.102 
-0.102 
-0.102 
-0.102 
-0.102 
-0.102 
-0.102 
-0.102 
-0.102 
-0.102 
-0.102 
-0.102 
-0.102 
-0.102 
-0.102 
-0.102 
