0.33340407430999663 
0.3340423114878748 
0.3352553575279221 
0.336354298037776 
0.33800211990053497 
0.3394077052368534 
0.34123433436655504 
0.3427421329908133 
0.3438868465955278 
0.3452830266304265 
0.3466290384998703 
0.34806220359036927 
0.34915774934209964 
0.3516523870939208 
0.3535206825710723 
0.35524416772459866 
0.3560545187350443 
0.35725752583241194 
0.3582023330282703 
0.35940354236893174 
0.3610286484643763 
0.3631733241352862 
0.36431466367280163 
0.36509615878337986 
0.36650363096356 
0.36755935536505724 
0.36877774773622585 
0.36938106585298 
0.37066885165119545 
0.3719460345631347 
0.372321356202298 
0.3731573306610368 
0.3736487775698628 
0.37454610636129176 
0.37543334855342625 
0.3758610107303465 
0.3771639535294469 
0.37783527745529255 
0.3783406517583853 
0.3788917203694534 
0.37974648309616227 
0.3803405238797476 
0.3810520005722869 
0.3818254373033775 
0.38473938445558736 
0.3850307366025043 
0.3857969007160398 
0.3866878264938537 
0.3875948259378542 
0.3878751608623517 
0.3884269105527477 
0.38895905184567975 
0.38959667238261775 
0.3904009997229654 
0.39156795555015206 
0.3918473204805784 
0.39218286550158643 
0.39286272287646795 
0.3933605892776853 
0.3944190046048561 
0.39483500605650923 
0.3946690766056153 
0.3955626656386125 
0.3963436822261061 
0.39683116064343765 
0.3977868516508772 
0.3988774359897511 
0.39959609228960047 
0.399893982481777 
0.3999931330077202 
0.4003156334618284 
0.4002192640681068 
0.4012441335338239 
0.40201227007639356 
0.40185445605878617 
0.40138379432225224 
0.4017132172655682 
0.4024678697509987 
0.4028720260195299 
0.40372164009656863 
0.4050880811669717 
0.405163062872611 
0.4053108839105515 
0.405747188228913 
0.4059874387887559 
0.4065028049158115 
0.4068285641192553 
0.4066530391543892 
0.4065785843525771 
0.40658216607107145 
0.4063233033683983 
0.40687204568671537 
0.4072885726667053 
0.40819074549760453 
0.4088614393154451 
0.4090457657477263 
0.40961614782423095 
0.41061207098717134 
0.41070489466193455 
0.41145982997391445 
0.41167158166980755 
0.41221617570056285 
0.4121546003053016 
0.4136045724776278 
0.41421961940863083 
0.41452241445663224 
0.4147886103449563 
0.4148062073820959 
0.4148576523800687 
0.41535273317660465 
0.41554220694953553 
0.4161421135761378 
0.41654825057471645 
0.41692643597969464 
0.41803649284032324 
0.41845354236938576 
0.41915842245576257 
0.41914512619666455 
0.42011642179009084 
0.4214976153274465 
0.4220930628103957 
0.4229498835028165 
0.42379866030821334 
0.42396324783319306 
0.4248546645127194 
0.4259058816677408 
0.4269532031620316 
0.4271211334325848 
0.4279722263848963 
0.4280980467423785 
0.42906457334057685 
0.4294840168838879 
0.43077736859535454 
0.43090373973107043 
0.4316300053872229 
0.43243705823333806 
0.4328421290970492 
0.4332659018900615 
0.43380572916915405 
0.4338578692137933 
0.4348506748066345 
0.43590847023189827 
0.43658593214115354 
0.43725862478557126 
0.438350819875268 
0.4395532449432054 
0.4404988122066199 
0.44102360361119963 
0.443482691876873 
0.4438672275539011 
0.44393997971559745 
0.44464589946344923 
0.4457777912395334 
0.44758059555476165 
0.4481655705719575 
0.44900815021986457 
0.4498265486258051 
0.45047448319148725 
0.45086395782099997 
0.45124528426659916 
0.4526298505949534 
0.4542184698343621 
0.4555685983537921 
0.4567682946965847 
0.45733804878713963 
0.45798957235815185 
0.45935511087591346 
0.46049078314458547 
0.4613205437469984 
0.4618188999610583 
0.4627936906683535 
0.46451167805024796 
0.4654758912021533 
0.4665143291110675 
0.4676197607109789 
0.4708220067055644 
0.47184368567234103 
0.4727676717957374 
0.47492322304728724 
0.4762085525373506 
0.47717458183764755 
0.47864501384555197 
0.4795481811922577 
0.4808342142279467 
0.4820386208014902 
0.48370870750718276 
0.48564651392842034 
0.4861430583378588 
0.4867030251614515 
0.4878836801157543 
0.4898745589818579 
0.49023169848712794 
0.49291600210405995 
0.49418274572204657 
0.4960708074514599 
0.49721812362067497 
0.4993475320474203 
0.5004267530845988 
0.5021455262607174 
0.5037160314738188 
0.5064748473318225 
0.5075416647803898 
0.508935725500772 
0.5111425132825647 
0.5135690394768322 
0.5140305301653647 
0.5168398491465079 
0.5196582518431923 
0.5229457898343063 
0.5242063468149597 
0.5250940536090295 
0.5270249621410366 
0.5290221999662985 
0.5299462557869966 
0.5320614929549965 
0.535363320769187 
0.5368438268735839 
0.5381418624581159 
0.5388971592662098 
0.5402005704565922 
0.5415141814205888 
0.543505645147886 
0.5444905760740596 
0.5451483153551935 
0.5474212443263092 
0.5485263812425558 
0.550407001999556 
0.5516392339130203 
0.5545882421868468 
0.5552066692225944 
0.5557814535074272 
0.5558248403268609 
0.5577487431265808 
0.5599544119132108 
0.5624801814593843 
0.5636748272858756 
0.5648867470356338 
0.5653272275508322 
0.5672541413118058 
0.5689064644922047 
0.5709545800142792 
0.5719959173929534 
0.5727132431108993 
0.5750280707845865 
0.5771024857430822 
0.5788768445369459 
0.5809751734404537 
0.5840499501751609 
0.5868024102044138 
0.5887848756198047 
0.5905980972042894 
0.5916902110106965 
0.59240731618966 
0.5920278815288521 
0.5931436946896993 
0.5959320137156814 
0.5971541113207304 
0.5984772190529192 
0.5999302056831931 
0.6016466497309151 
0.6032713983971068 
0.6041339286528365 
0.6057232252409599 
0.6059438816753447 
0.6069890673438642 
0.6080352113754836 
0.608939447178251 
0.6121156689177927 
0.6132290246739347 
0.6142827253249818 
0.6148642621856384 
0.6171240274072884 
0.6179363608311449 
0.6191985201185608 
0.6207735877829101 
0.6216955666370625 
0.6230852718470471 
0.623488964157498 
0.6253584558852875 
0.6274390215265815 
0.6282370946281772 
0.630050313801746 
0.630763152616257 
0.6315508738482704 
0.6327567984469081 
0.6327198614562206 
0.6330525733039017 
0.6342596650980216 
0.63495914036352 
0.6369906387765613 
0.6372607035020306 
0.637914183368957 
0.6402182856388813 
0.6411264506694495 
0.6424584492077875 
0.6442711918255277 
0.6456263477971277 
0.6458337707861596 
0.6480923188356779 
0.650151487602122 
0.650921653503655 
0.6521617634021414 
0.6535261010505256 
0.6550400098831118 
0.6552524608935743 
0.6562376295167652 
0.661397309366679 
0.6614027464254515 
0.6638046011082597 
0.6664359152170792 
0.6670833282444567 
0.6672414552666349 
0.6682812448734434 
0.6690782302614124 
0.6701481403790573 
0.6701481403790573 
0.6712790325909436 
0.6728786246228353 
0.6728148591485434 
0.673723236724033 
0.6743897686725271 
0.6753725296172528 
0.6763028923631986 
0.6777328608977462 
0.6786868127851858 
0.6794592015901884 
0.6802458055168663 
0.6800769384893726 
0.6807848839962076 
0.6812058120125392 
0.682391377656815 
0.6828487139136179 
0.6831908210204275 
0.6834063202142838 
0.6846825858754165 
0.6858040164892879 
0.6873333859667223 
0.6884499801773935 
0.6895531040117218 
0.6894187258190785 
0.6913583879984665 
0.691622015445699 
0.691947149064443 
0.6922705530051032 
0.6931797135648461 
0.6938883992762097 
0.6942243901031964 
0.6949111173995248 
0.6962568753908658 
0.6976056538518056 
0.6982653010735211 
0.6985663213223228 
0.7005304678573365 
0.7011910036568568 
0.7016875630536382 
0.7024108050270867 
0.7049391460473523 
0.7061573200422847 
0.7067166822680507 
0.7074851973562376 
0.7077394330028279 
0.7089283769365701 
0.7089283769365701 
0.7088756743484232 
0.7088250613838124 
0.7088250613838124 
0.7090499275760287 
0.7087065244917679 
0.7090353941299382 
0.7098807128717385 
0.7102060410187998 
0.7109166049505807 
0.7115709534066483 
0.7122326531170425 
0.7131156350041622 
0.7139662056022005 
0.714132906136155 
0.7145205487331077 
0.7145205487331077 
0.715780141532761 
0.7164376327109329 
0.7175359375851407 
0.7177918617594615 
0.719429766135619 
0.7203326213737437 
0.7205225922582936 
0.7205225922582936 
0.72134082371296 
0.7218112400178773 
0.7221504201896918 
0.723090601666052 
0.7248483728112242 
0.7253204863946932 
0.7254762343368617 
0.7261010010477175 
0.7261005191960591 
0.7275416245696184 
0.7283063110187243 
0.7285012194090739 
0.7289280261898236 
0.7286799242745837 
0.7293691608901893 
0.7299897625132898 
0.7302849226480986 
0.7302849226480986 
0.7306103720112959 
0.7308486067500547 
0.7314206163230109 
0.7316360126984098 
0.7319627014119251 
0.731530782143985 
0.7321254877482007 
0.7328294369847744 
0.7327872014357223 
0.7327872014357223 
0.7329021550494361 
0.7330566920413369 
0.7330566920413369 
0.7342059677595973 
0.7348800031136711 
0.736463743501724 
0.7363659849460612 
0.7361284605057321 
0.7371897064707943 
0.7378077098204728 
0.7385607841230292 
0.7390461550411833 
0.739374544319463 
0.7390829680527272 
0.7390829680527272 
0.7390829680527272 
0.7401186885575781 
0.7401186885575781 
0.7402912755616385 
0.7402912755616385 
0.7402912755616385 
0.7409365331774207 
0.7412049011166761 
0.7413030923520226 
0.7413637385961326 
0.7413586170810755 
0.7413586170810755 
0.7424124903873439 
0.7429661376792407 
0.7426916782130101 
0.7426916782130101 
0.7426916782130101 
0.7439523164886593 
0.7454679421765426 
0.7454679421765426 
0.7459976053419338 
0.7459976053419338 
0.7464172894217924 
0.7464172894217924 
0.7462925770834444 
0.7462925770834444 
0.7467650062736537 
0.7466643791316752 
0.7468935466258636 
0.7473138687087084 
0.7472547168511123 
0.7480168177442229 
0.7486368034679405 
0.7490049528513517 
0.7505905025910388 
0.7509337754511982 
0.7509337754511982 
0.7509337754511982 
0.7509337754511982 
0.7512539152318997 
0.7512539152318997 
0.751779341862306 
0.751779341862306 
0.7520420581148309 
0.7520420581148309 
0.7514278932820582 
0.7510604187192991 
0.7510075653892101 
0.7517579744621026 
0.7526142683920792 
0.7526142683920792 
0.7526142683920792 
0.7526142683920792 
0.7527183733578889 
0.7531230709926969 
0.7531230709926969 
0.7531230709926969 
0.7536360887684105 
0.7536360887684105 
0.7540743550538561 
0.7547571610960678 
0.7551743072279381 
0.755415295726348 
0.7558079473131845 
0.7558079473131845 
0.7562344045713774 
0.7566127705682631 
0.7566127705682631 
0.7566127705682631 
0.7573956342300341 
0.7573956342300341 
0.7577685320424101 
0.7580558912232848 
0.7578017315021686 
0.7578017315021686 
0.7580345294051651 
0.7586630349405739 
0.7586630349405739 
0.7588781719709433 
0.7588781719709433 
0.7588781719709433 
0.7592605245523929 
0.7592605245523929 
0.7596901627030844 
0.7596901627030844 
0.7603557424906954 
0.7603557424906954 
0.7604964085410134 
0.7604964085410134 
0.7604964085410134 
0.7604793824304289 
0.7611578744567348 
0.7611578744567348 
0.7615531350680365 
0.7615531350680365 
0.7613395771470765 
0.7615816735806702 
0.7611485941166954 
0.7611485941166954 
0.7613986029583045 
0.7613986029583045 
0.7613986029583045 
0.7613986029583045 
0.7617324100734274 
0.7617324100734274 
0.7620854721113134 
0.7620854721113134 
0.7620854721113134 
0.7627594735537867 
0.7627594735537867 
0.7624770914479421 
0.7632409146967817 
0.7638285854110456 
0.7638285854110456 
0.7646270283106343 
0.7646270283106343 
0.7646270283106343 
0.7643600486442741 
0.7643600486442741 
0.7643600486442741 
0.7643600486442741 
0.7648074174339681 
0.7648074174339681 
0.7648074174339681 
0.7648074174339681 
0.7653578089171865 
0.7653578089171865 
0.7653578089171865 
0.7653578089171865 
0.7653578089171865 
0.7653578089171865 
0.7653578089171865 
0.7653578089171865 
0.7653578089171865 
0.765348583127436 
0.7656916180814863 
0.7656916180814863 
0.7656916180814863 
0.7654377853748557 
0.7652487444817447 
0.7652487444817447 
0.7652487444817447 
0.765974833058292 
0.7665011597960129 
0.7665011597960129 
0.7669680830475819 
0.7674502168562112 
0.7675516280779653 
0.7675516280779653 
0.7675516280779653 
0.7673234219801036 
0.767132047142266 
0.7675530748310225 
0.7673662740207414 
0.7673662740207414 
0.7673662740207414 
0.7677242992324355 
0.7677242992324355 
0.7677242992324355 
0.7677242992324355 
0.7677242992324355 
0.768112627037507 
0.768112627037507 
0.768112627037507 
0.768112627037507 
0.768112627037507 
0.7686601589716703 
0.7686601589716703 
0.7689511265306439 
0.7689511265306439 
0.769222424939889 
0.769222424939889 
0.7695520719242241 
0.7695520719242241 
0.7695520719242241 
0.7695520719242241 
0.7695520719242241 
0.7697567798123185 
0.7697567798123185 
0.7697567798123185 
0.7704255247842302 
0.7707787998588586 
0.7710890181359196 
0.7710890181359196 
0.7709450752164085 
0.7712899394727555 
0.7712899394727555 
0.7712899394727555 
0.7712899394727555 
0.7712899394727555 
0.7712899394727555 
0.7712899394727555 
0.7721823596695165 
0.7721823596695165 
0.7721823596695165 
0.7721823596695165 
0.7726203562191136 
0.7726203562191136 
0.7726203562191136 
0.7726203562191136 
0.7728809195852453 
0.7732097206190293 
0.7738215725898288 
0.7738215725898288 
0.7738215725898288 
0.7733925712453471 
0.7738741179722182 
0.7748746240559797 
0.77516399020973 
0.77516399020973 
0.7755531032598547 
0.7755531032598547 
0.7751998344760039 
0.7751998344760039 
0.7751998344760039 
0.7751998344760039 
0.7751998344760039 
0.7751998344760039 
0.7754136297169556 
0.7754136297169556 
0.7754136297169556 
0.7757827207983718 
0.7757827207983718 
0.7757827207983718 
0.7757827207983718 
0.7757827207983718 
0.7760862257037158 
0.7760862257037158 
0.7760862257037158 
0.7764988795145628 
0.7764988795145628 
0.7764988795145628 
0.7764988795145628 
0.7764988795145628 
0.7764988795145628 
0.7764988795145628 
0.7764988795145628 
0.7762343652581423 
0.7762343652581423 
0.7762343652581423 
0.7759437903888216 
0.7759437903888216 
0.7759437903888216 
0.7759437903888216 
0.7759437903888216 
0.7759437903888216 
0.7759437903888216 
0.7759437903888216 
0.7759437903888216 
0.7759437903888216 
0.7759437903888216 
0.7759437903888216 
0.7759437903888216 
0.7759437903888216 
0.7759437903888216 
0.7759437903888216 
0.7759437903888216 
0.7759437903888216 
0.7756680773065822 
0.7756680773065822 
0.7756680773065822 
0.7753725061080544 
0.7753725061080544 
0.7753725061080544 
0.7756698200863468 
0.7756698200863468 
0.7756698200863468 
0.7756698200863468 
0.7756698200863468 
0.7756698200863468 
0.7756698200863468 
0.7756698200863468 
0.7765668901453818 
0.7765668901453818 
0.7765668901453818 
0.7765668901453818 
0.7765668901453818 
0.7769306297546488 
0.7769306297546488 
0.7769306297546488 
0.7769306297546488 
0.7769306297546488 
0.7769306297546488 
0.7769306297546488 
0.7769306297546488 
0.7769306297546488 
0.7768152640972645 
0.7768152640972645 
0.7768152640972645 
0.7768152640972645 
0.7768152640972645 
0.7768152640972645 
0.7770712023554985 
0.7770712023554985 
0.7776921732002194 
0.7776921732002194 
0.7776921732002194 
0.7776921732002194 
0.7776921732002194 
0.7783595075611329 
0.7787621007767749 
0.7787621007767749 
0.7787621007767749 
0.7787621007767749 
0.7787621007767749 
0.7787621007767749 
0.7787621007767749 
0.7787621007767749 
0.7787621007767749 
0.7787621007767749 
0.7787621007767749 
0.7787621007767749 
0.7787621007767749 
0.7787621007767749 
0.7787621007767749 
0.7787621007767749 
0.7787621007767749 
0.7787621007767749 
0.7789930025014495 
0.7788099786107334 
0.7788099786107334 
0.7788099786107334 
0.7788099786107334 
0.7788099786107334 
0.7788099786107334 
0.7788099786107334 
0.7788099786107334 
0.7788099786107334 
0.7788099786107334 
0.7788099786107334 
0.7788099786107334 
0.7788099786107334 
0.7788099786107334 
0.7788099786107334 
0.7788099786107334 
0.7788099786107334 
0.7791935348354029 
0.7787599580618917 
0.7787599580618917 
0.7787599580618917 
0.7787599580618917 
0.7787599580618917 
0.7787599580618917 
0.7787599580618917 
0.7787599580618917 
0.7787599580618917 
0.7787599580618917 
0.7787599580618917 
0.7787599580618917 
0.7787599580618917 
0.7787599580618917 
0.7787599580618917 
0.7787599580618917 
0.7791851780488318 
0.7791851780488318 
0.7791851780488318 
0.7791851780488318 
0.7791851780488318 
0.7791851780488318 
0.7791851780488318 
0.7791851780488318 
0.7791851780488318 
0.7791851780488318 
0.7791851780488318 
0.7795580424197956 
0.7795580424197956 
0.7795580424197956 
0.7795580424197956 
0.7795580424197956 
0.7795580424197956 
0.7795580424197956 
0.7795580424197956 
0.7795580424197956 
0.7795580424197956 
0.7795580424197956 
0.7795580424197956 
0.7795580424197956 
0.7795580424197956 
0.7795580424197956 
0.7795580424197956 
0.7795580424197956 
0.7795580424197956 
0.7795580424197956 
0.7795580424197956 
0.7795580424197956 
0.7795580424197956 
0.7795580424197956 
0.7792571034598627 
0.7792571034598627 
0.7792571034598627 
0.7792571034598627 
0.7792571034598627 
0.7792571034598627 
0.7792571034598627 
0.7792571034598627 
0.7792571034598627 
0.7792571034598627 
0.7792571034598627 
0.7792571034598627 
0.7792571034598627 
0.7792571034598627 
0.7792571034598627 
0.7792571034598627 
0.7792571034598627 
0.7792571034598627 
0.7792571034598627 
0.7792571034598627 
0.7792571034598627 
0.7792571034598627 
0.7792571034598627 
0.7792571034598627 
0.7792571034598627 
0.7792571034598627 
0.7792571034598627 
0.7792571034598627 
0.7792571034598627 
0.7792571034598627 
0.7792571034598627 
0.7792571034598627 
0.7792571034598627 
0.7792571034598627 
0.7792571034598627 
0.7792571034598627 
0.7792571034598627 
0.7792571034598627 
0.7792571034598627 
0.7792571034598627 
0.7792571034598627 
0.7792571034598627 
0.7792571034598627 
0.7792571034598627 
0.7792571034598627 
0.7792571034598627 
0.7792571034598627 
0.7792571034598627 
0.7792571034598627 
0.7792571034598627 
0.7792571034598627 
0.7792571034598627 
0.7792571034598627 
0.7792571034598627 
0.7792571034598627 
0.7792571034598627 
0.7792571034598627 
0.7792571034598627 
0.7792571034598627 
0.7792571034598627 
0.7792571034598627 
0.7792571034598627 
0.7792571034598627 
0.7792571034598627 
0.7792571034598627 
0.7792571034598627 
0.7792571034598627 
0.7792571034598627 
0.7792571034598627 
0.7792571034598627 
0.7792571034598627 
0.7792571034598627 
0.7792571034598627 
0.7792571034598627 
0.7792571034598627 
0.7792571034598627 
0.7792571034598627 
0.7792571034598627 
0.7792571034598627 
0.7792571034598627 
0.7792571034598627 
0.7792571034598627 
0.7792571034598627 
0.7792571034598627 
0.7792571034598627 
0.7792571034598627 
0.7792571034598627 
0.7792571034598627 
0.7792571034598627 
0.7792571034598627 
0.7792571034598627 
0.7787019285421588 
0.7787019285421588 
0.7787019285421588 
0.7787019285421588 
0.7782803075243262 
0.7782803075243262 
0.7782803075243262 
0.7782803075243262 
0.7782803075243262 
0.7782803075243262 
0.7782803075243262 
0.7782803075243262 
0.7782803075243262 
0.7782803075243262 
0.7782803075243262 
0.7782803075243262 
0.7782803075243262 
0.7782803075243262 
0.7782803075243262 
0.7782803075243262 
0.7782803075243262 
0.7782803075243262 
0.7782803075243262 
0.7782803075243262 
0.7782803075243262 
0.7782803075243262 
0.7782803075243262 
0.7782803075243262 
0.7782803075243262 
0.7782803075243262 
0.7782803075243262 
0.7782803075243262 
0.7782803075243262 
0.7782803075243262 
0.7782803075243262 
0.7782803075243262 
0.7782803075243262 
0.7782803075243262 
0.7782803075243262 
0.7782803075243262 
0.7782803075243262 
0.7782803075243262 
0.7782803075243262 
0.7782803075243262 
0.7782803075243262 
0.7782803075243262 
0.7782803075243262 
0.7782803075243262 
0.7782803075243262 
0.7782803075243262 
0.7782803075243262 
0.7782803075243262 
0.7782803075243262 
0.7782803075243262 
0.7782803075243262 
0.7782803075243262 
0.7782803075243262 
0.7782803075243262 
0.7782803075243262 
0.7782803075243262 
0.7782803075243262 
0.7782803075243262 
0.7782803075243262 
0.7782803075243262 
0.7782803075243262 
0.7782803075243262 
0.7782803075243262 
0.7782803075243262 
0.7782803075243262 
0.7782803075243262 
0.7782803075243262 
0.7782803075243262 
0.7782803075243262 
0.7782803075243262 
0.7782803075243262 
0.7782803075243262 
0.7782803075243262 
0.7782803075243262 
0.7782803075243262 
0.7782803075243262 
0.7782803075243262 
0.7782803075243262 
0.7782803075243262 
0.7782803075243262 
0.7782803075243262 
0.7782803075243262 
0.7782803075243262 
0.7782803075243262 
0.7782803075243262 
0.7782803075243262 
0.7782803075243262 
0.7782803075243262 
0.7782803075243262 
0.7782803075243262 
0.7782803075243262 
0.7782803075243262 
0.7782803075243262 
0.7782803075243262 
0.7782803075243262 
0.7782803075243262 
0.7782803075243262 
0.7782803075243262 
0.7782803075243262 
0.7782803075243262 
0.7782803075243262 
0.7782803075243262 
0.7782803075243262 
0.7782803075243262 
0.7782803075243262 
0.7782803075243262 
0.7782803075243262 
0.7782803075243262 
0.7782803075243262 
0.7782803075243262 
0.7782803075243262 
0.7782803075243262 
0.7782803075243262 
0.7782803075243262 
0.7782803075243262 
0.7782803075243262 
0.7782803075243262 
0.7782803075243262 
0.7782803075243262 
0.7782803075243262 
0.7782803075243262 
0.7782803075243262 
0.7779158964822863 
0.7779158964822863 
0.7779158964822863 
0.7779158964822863 
0.7779158964822863 
0.7779158964822863 
0.7779158964822863 
0.7779158964822863 
0.7779158964822863 
0.7779158964822863 
0.7779158964822863 
0.7779158964822863 
0.7779158964822863 
0.7779158964822863 
0.7779158964822863 
0.7779158964822863 
0.7779158964822863 
0.7779158964822863 
0.7779158964822863 
0.7779158964822863 
0.7779158964822863 
0.7779158964822863 
0.7779158964822863 
0.7779158964822863 
0.7779158964822863 
0.7779158964822863 
0.7779158964822863 
0.7779158964822863 
0.7779158964822863 
0.7779158964822863 
0.7779158964822863 
0.7779158964822863 
0.7779158964822863 
0.7779158964822863 
0.7779158964822863 
0.7779158964822863 
0.7779158964822863 
0.7779158964822863 
0.7779158964822863 
0.7779158964822863 
0.7779158964822863 
0.7779158964822863 
0.7779158964822863 
0.7779158964822863 
0.7779158964822863 
0.7779158964822863 
0.7779158964822863 
0.7779158964822863 
0.7779158964822863 
0.7779158964822863 
0.7779158964822863 
0.7779158964822863 
0.7779158964822863 
0.7779158964822863 
0.7779158964822863 
0.7779158964822863 
0.7779158964822863 
0.7779158964822863 
0.7779158964822863 
0.7779158964822863 
0.7779158964822863 
0.7779158964822863 
0.7779158964822863 
0.7779158964822863 
0.7779158964822863 
0.7779158964822863 
0.7779158964822863 
0.7779158964822863 
0.7779158964822863 
0.7779158964822863 
0.7779158964822863 
0.7779158964822863 
0.7779158964822863 
0.7779158964822863 
0.7779158964822863 
0.7779158964822863 
0.7779158964822863 
0.7779158964822863 
0.7779158964822863 
0.7779158964822863 
0.7779158964822863 
0.7779158964822863 
0.7779158964822863 
0.7779158964822863 
0.7779158964822863 
0.7779158964822863 
0.7779158964822863 
0.7779158964822863 
0.7779158964822863 
0.7779158964822863 
0.7779158964822863 
0.7779158964822863 
0.7779158964822863 
0.7779158964822863 
0.7779158964822863 
0.7779158964822863 
0.7779158964822863 
0.7779158964822863 
0.7779158964822863 
0.7779158964822863 
0.7779158964822863 
0.7779158964822863 
0.7779158964822863 
0.7779158964822863 
0.7779158964822863 
0.7779158964822863 
0.7779158964822863 
0.7779158964822863 
0.7779158964822863 
0.7779158964822863 
0.7779158964822863 
0.7779158964822863 
0.7779158964822863 
0.7779158964822863 
0.7779158964822863 
0.7779158964822863 
0.7779158964822863 
0.7779158964822863 
0.7779158964822863 
0.7779158964822863 
0.7779158964822863 
0.7779158964822863 
0.7779158964822863 
0.7779158964822863 
0.7779158964822863 
0.7779158964822863 
0.7779158964822863 
0.7779158964822863 
0.7779158964822863 
0.7781372301244918 
0.7781372301244918 
0.7781372301244918 
0.7781372301244918 
0.7781372301244918 
0.7781372301244918 
0.7786130091125539 
0.7786130091125539 
0.7786130091125539 
0.7786130091125539 
0.7786130091125539 
0.7786130091125539 
0.7786130091125539 
0.7786130091125539 
0.7786130091125539 
0.7786130091125539 
0.7786130091125539 
0.7786130091125539 
0.7786130091125539 
0.7786130091125539 
0.7786130091125539 
0.7786130091125539 
0.7786130091125539 
0.7786130091125539 
0.7786130091125539 
0.7786130091125539 
0.7786130091125539 
0.7786130091125539 
0.7786130091125539 
0.7786130091125539 
0.7786130091125539 
0.7786130091125539 
0.7786130091125539 
0.7789676415038028 
0.7789676415038028 
0.7789676415038028 
0.7789676415038028 
0.7789676415038028 
0.7789676415038028 
0.7793143885070097 
0.7793143885070097 
0.7793143885070097 
0.7793143885070097 
0.7793143885070097 
0.7793143885070097 
0.7793143885070097 
0.7793143885070097 
0.7793143885070097 
0.7793143885070097 
0.7793143885070097 
0.7793143885070097 
0.7793143885070097 
0.7793143885070097 
0.7793143885070097 
0.7793143885070097 
0.7793143885070097 
0.779630143032653 
0.779630143032653 
0.779630143032653 
0.779630143032653 
0.779630143032653 
0.779630143032653 
0.779630143032653 
0.779630143032653 
0.779630143032653 
0.779630143032653 
0.779630143032653 
0.779630143032653 
0.779630143032653 
0.779630143032653 
0.779630143032653 
0.779630143032653 
0.779630143032653 
0.779630143032653 
0.779630143032653 
0.7800835693489667 
0.7800835693489667 
0.7800835693489667 
0.7800835693489667 
0.7800835693489667 
0.7800835693489667 
0.7800835693489667 
0.7800835693489667 
0.7800835693489667 
0.7800835693489667 
0.7800835693489667 
0.7800835693489667 
0.7800835693489667 
0.7800835693489667 
0.7800835693489667 
0.7800835693489667 
0.7800835693489667 
0.7800835693489667 
0.7800835693489667 
0.7800835693489667 
0.7800835693489667 
0.7800835693489667 
0.7800835693489667 
0.7800835693489667 
0.7800835693489667 
0.7800835693489667 
0.7800835693489667 
0.7800835693489667 
0.7800835693489667 
0.7800835693489667 
0.7800835693489667 
0.7800835693489667 
0.7800835693489667 
0.7800835693489667 
0.7800835693489667 
0.7800835693489667 
0.7800835693489667 
0.7800835693489667 
0.7800835693489667 
0.7800835693489667 
0.7800835693489667 
0.7800835693489667 
0.7800835693489667 
0.7800835693489667 
0.7800835693489667 
0.7800835693489667 
0.7800835693489667 
0.7800835693489667 
0.7800835693489667 
0.7800835693489667 
0.7800835693489667 
0.7800835693489667 
0.7800835693489667 
0.7800835693489667 
0.7800835693489667 
0.7800835693489667 
0.7800835693489667 
0.7800835693489667 
0.7800835693489667 
0.7800835693489667 
0.7800835693489667 
0.7800835693489667 
0.7800835693489667 
0.7800835693489667 
0.7797835466031945 
0.7797835466031945 
0.7797835466031945 
0.7797835466031945 
0.7797835466031945 
0.7797835466031945 
0.7797835466031945 
0.7797835466031945 
0.7797835466031945 
0.7797835466031945 
0.7797835466031945 
0.7797835466031945 
0.7797835466031945 
0.7797835466031945 
0.7797835466031945 
0.7797835466031945 
0.7797835466031945 
0.7797835466031945 
0.7797835466031945 
0.7797835466031945 
0.7797835466031945 
0.7797835466031945 
0.7797835466031945 
0.7797835466031945 
0.7797835466031945 
0.7797835466031945 
0.7797835466031945 
0.7797835466031945 
0.7797835466031945 
0.7797835466031945 
0.7797835466031945 
0.7797835466031945 
0.7797835466031945 
0.7797835466031945 
0.7797835466031945 
0.7797835466031945 
0.7797835466031945 
0.7797835466031945 
0.7797835466031945 
0.7797835466031945 
0.7797835466031945 
0.7797835466031945 
0.7797835466031945 
0.7797835466031945 
0.7797835466031945 
0.7797835466031945 
0.7797835466031945 
0.7797835466031945 
0.7797835466031945 
0.7797835466031945 
0.7797835466031945 
0.7797835466031945 
0.7797835466031945 
0.7797835466031945 
0.7797835466031945 
0.7797835466031945 
0.7797835466031945 
0.7797835466031945 
0.7797835466031945 
0.7797835466031945 
0.7797835466031945 
0.7797835466031945 
0.7797835466031945 
0.7797835466031945 
0.7797835466031945 
0.7797835466031945 
0.7797835466031945 
0.7797835466031945 
0.7797835466031945 
0.7797835466031945 
0.7797835466031945 
0.7797835466031945 
0.7797835466031945 
0.7797835466031945 
0.7797835466031945 
0.7797835466031945 
0.7797835466031945 
0.7797835466031945 
0.7797835466031945 
0.7797835466031945 
0.7797835466031945 
0.7797835466031945 
0.7797835466031945 
0.7797835466031945 
0.7797835466031945 
0.7797835466031945 
0.7797835466031945 
0.7797835466031945 
0.7797835466031945 
0.7797835466031945 
0.7797835466031945 
0.7797835466031945 
0.7797835466031945 
0.7797835466031945 
0.7797835466031945 
0.7797835466031945 
0.7797835466031945 
0.7797835466031945 
0.7797835466031945 
0.7797835466031945 
0.7797835466031945 
0.7797835466031945 
0.7797835466031945 
0.7797835466031945 
0.7797835466031945 
0.7797835466031945 
0.7797835466031945 
0.7797835466031945 
0.7797835466031945 
0.7797835466031945 
0.7797835466031945 
0.7797835466031945 
0.7797835466031945 
0.7797835466031945 
0.7797835466031945 
0.7797835466031945 
0.7797835466031945 
0.7797835466031945 
0.7797835466031945 
0.7797835466031945 
0.7797835466031945 
0.7797835466031945 
0.7797835466031945 
0.7797835466031945 
0.7797835466031945 
0.7797835466031945 
0.7797835466031945 
0.7797835466031945 
0.7797835466031945 
0.7797835466031945 
0.7797835466031945 
0.7797835466031945 
0.7797835466031945 
0.7797835466031945 
0.7797835466031945 
0.7797835466031945 
0.7797835466031945 
0.7797835466031945 
0.7797835466031945 
0.7797835466031945 
0.7797835466031945 
0.7797835466031945 
0.7797835466031945 
0.7797835466031945 
0.7797835466031945 
0.7797835466031945 
0.7797835466031945 
0.7797835466031945 
0.7797835466031945 
0.7797835466031945 
0.7797835466031945 
0.7797835466031945 
0.7797835466031945 
0.7797835466031945 
0.7797835466031945 
0.7797835466031945 
0.7797835466031945 
0.7797835466031945 
