0.01617705832344064 
0.01613697171094998 
0.016116636870017267 
0.01606641216949198 
0.016033714479184166 
0.016043690348545126 
0.016016543447323457 
0.01596117489409849 
0.015896215398641275 
0.015851831944605016 
0.015841088851464725 
0.015801915833214653 
0.01574643883549547 
0.015714655580062836 
0.01568342003518365 
0.015657557408484887 
0.015644488358524226 
0.015603525755418228 
0.015572733093455367 
0.015551413569190422 
0.015508637077448166 
0.015503075307821993 
0.015459229476270802 
0.015421649198448264 
0.015402630424703438 
0.015382689491763135 
0.015357083056361971 
0.015345818453246474 
0.01530619534698287 
0.015269106064206901 
0.015275708297817159 
0.015258623791154953 
0.015235755839471832 
0.01519749663595949 
0.015180197627172052 
0.015158081145052626 
0.015132183451174518 
0.015122621994879064 
0.01510521181579391 
0.015099395484588116 
0.015079734745677724 
0.015082968408108532 
0.015071295100289159 
0.015048967539336378 
0.015002666429671761 
0.01501542460272103 
0.014986124782611415 
0.014978040459285717 
0.014957773096286762 
0.01495666058985093 
0.014945959186348662 
0.014935250115080094 
0.014927031051083133 
0.014899623619407302 
0.014909173551877382 
0.014907971558867424 
0.014903207708409623 
0.014891255957776026 
0.014880507518226655 
0.01486852030297568 
0.014880507518226655 
0.01487573917491161 
0.014855418405416926 
0.014827865658954427 
0.014827865658954427 
0.014808592100534068 
0.014810806865258892 
0.014793942544163134 
0.014783123350631963 
0.014792627352840333 
0.0147804736054025 
0.014791294737108041 
0.014805482227877616 
0.01481628509444928 
0.0148168012742292 
0.014827595894142785 
0.014855256847325124 
0.014847730601004316 
0.014866357186614346 
0.01483719434394522 
0.014835684547738268 
0.014878761238759095 
0.014874138630522442 
0.01486493861406767 
0.014871091957216863 
0.014868003766477867 
0.01486186206368502 
0.014881847197172803 
0.014887989253085855 
0.01490793077526187 
0.014943143444402856 
0.014952331724517081 
0.014955376825743976 
0.01494467450297931 
0.014921685695657844 
0.014932404494923113 
0.014944674502979314 
0.0149369747941141 
0.014952243978747806 
0.014944496779751402 
0.014949041975992975 
0.014942877902198089 
0.014949041975992979 
0.014945770773031416 
0.01495647231134401 
0.014962643616687525 
0.014964277463345832 
0.014974965776254717 
0.014973333095874144 
0.014997546466005698 
0.014995873565751348 
0.01499866660740214 
0.015013804847539482 
0.015022736901110929 
0.015020998635243931 
0.015029892348250536 
0.015046730408962605 
0.015069723819632529 
0.015065278756133256 
0.015060027091609095 
0.015058242128482328 
0.015050930070929171 
0.015040295741773164 
0.015063409441424608 
0.015057173174271458 
0.015061556891636402 
0.015077135006359798 
0.015090163153524882 
0.01509686272044626 
0.015103141924778433 
0.01512235113995175 
0.015136835072101434 
0.015126652504767867 
0.015164613546015606 
0.015179447157258396 
0.015198187260328122 
0.015200124210018812 
0.015234016673221808 
0.015244841225804879 
0.015272289153889142 
0.015282898154473187 
0.015297562681682333 
0.015310075114120114 
0.015316321229329188 
0.01532471781143131 
0.015341394982204192 
0.015368505978135936 
0.015372651040077637 
0.015422282062003665 
0.015446788145112886 
0.015467490552769057 
0.015506953279093866 
0.015539731786617168 
0.015579917329690808 
0.015591185201901748 
0.015623528922749813 
0.015659682755407276 
0.015665985573847564 
0.015702879226434877 
0.015732532408992517 
0.01575673265623302 
0.015787166433530748 
0.015829087149927503 
0.01585695254454651 
0.01588719434009668 
0.015907323596381636 
0.015946107236564037 
0.015947505886501498 
0.015952657960352563 
0.01593642368914682 
0.015941370580975778 
0.01597145253256572 
0.01599519927978392 
0.01601482513173341 
0.01602686544524537 
0.016039652864074085 
0.01606681051111265 
0.016085553269937592 
0.0160777232218993 
0.016108184255216353 
0.016145538083321965 
0.01617329354213297 
0.016176741822752815 
0.016203790173906843 
0.016230349842193792 
0.01624700538560876 
0.01626973435554496 
0.016282959927482472 
0.01631204512009454 
0.016319174488925597 
0.016355293210456364 
0.016377553419238175 
0.016407176966193787 
0.016452160952288304 
0.016469221718101924 
0.016459762331212442 
0.016460174482671803 
0.016479757279765986 
0.016512131782419857 
0.01651231007460797 
0.016538171120169243 
0.016573606004729326 
0.01659929444283702 
0.016628218906425307 
0.016637738307834993 
0.016653784674962025 
0.016663299073112744 
0.016704817987634582 
0.01673923486901358 
0.01675189111712466 
0.01674206391099974 
0.01677070970472031 
0.016763577661108024 
0.01677273215668813 
0.016808521648259255 
0.016843494174309557 
0.016839374810247557 
0.016842405528902336 
0.01684543190304125 
0.016857006139881423 
0.016853497678523587 
0.016858898659165133 
0.016871351338882134 
0.016880832206973683 
0.01689385403038632 
0.016903322276996324 
0.01692103259260498 
0.016942866817631543 
0.016970508065464632 
0.016976329874269055 
0.01698284499134347 
0.017012402064376448 
0.01703704011851824 
0.01706519076951676 
0.017093295059759542 
0.01709974689871169 
0.017109716537687 
0.01711964672532702 
0.01713832850659597 
0.017159317468943804 
0.017158034386257653 
0.017174438680783718 
0.017190166491340336 
0.01721517284258279 
0.017252309294700233 
0.017276612630952863 
0.017294482819674023 
0.01729950565767704 
0.017332902353616376 
0.017347783720118255 
0.017362637587647792 
0.017385375003145603 
0.01739174792825609 
0.017382545728402383 
0.017398114840407278 
0.017415783186523655 
0.01744050641466583 
0.01744685920158697 
0.01746165811141657 
0.01746727225413287 
0.017489125306887135 
0.017501074709857106 
0.01751093646839026 
0.017520759800876216 
0.01753551824155762 
0.017544640207197183 
0.017550948008583468 
0.01756774316752155 
0.0175768484092001 
0.017585948936580022 
0.017601352675291747 
0.017623032202206294 
0.017629319215443348 
0.017653736148475766 
0.017669062680289522 
0.017678115736695466 
0.017703107071923845 
0.01770590681100519 
0.01769966508157711 
0.017726763494783814 
0.017726763494783814 
0.017741357783439236 
0.01775382054657532 
0.017750373967891492 
0.017762162030563734 
0.01777183569584189 
0.01778704967103876 
0.017780836425770302 
0.017802247049178935 
0.0178174278727318 
0.017820213242270698 
0.017820213242270698 
0.017847740025000367 
0.017860078387285986 
0.01787519219477094 
0.017890824463953584 
0.017899765361590637 
0.017905894448477015 
0.017919891071097503 
0.017931603386200576 
0.017946656958887915 
0.017965022015015736 
0.0179800333703806 
0.01798892992926483 
0.017995028646823542 
0.017997822090464168 
0.018033346888473033 
0.01803384551336736 
0.018057160795651127 
0.01807815211795719 
0.018096309458008282 
0.01809350999668113 
0.018107943008525293 
0.018122814792410145 
0.01813164129360605 
0.01813164129360605 
0.018143252189174907 
0.018164115833147507 
0.018158095054272627 
0.018169689045220337 
0.01818172445066749 
0.018184047514236207 
0.018202099219595525 
0.01822288846478516 
0.01822244769508202 
0.018225671565130323 
0.01825559158175927 
0.01825559158175927 
0.018264353916851262 
0.018276622882797574 
0.018288180226583507 
0.018294123209380654 
0.01829692695509276 
0.0182997267739166 
0.018314407880136337 
0.01832314208862661 
0.01834652403045329 
0.018358359839593514 
0.01837888179405918 
0.018376073138731245 
0.018384487373870394 
0.018384487373870394 
0.01838477805142069 
0.01838477805142069 
0.01839628484232618 
0.018399086933867125 
0.018404980195588366 
0.018407780963494758 
0.018425436331332833 
0.018440227330485923 
0.018448901972746238 
0.018448901972746234 
0.01846319582304212 
0.018466001624607317 
0.018474901461171585 
0.018483559830292432 
0.01850367141947781 
0.0185123163326473 
0.018515118147071057 
0.018529594059234 
0.01854125087473874 
0.018546855690385902 
0.018546855690385902 
0.018538226883928244 
0.01853239326152993 
0.01853239326152993 
0.018535425109772907 
0.01852980992886867 
0.01853563055307264 
0.01854426056762577 
0.018550237087433682 
0.018556034059033197 
0.01856465458876087 
0.018567612232056118 
0.018579169410929006 
0.018587779211083823 
0.018593547267802345 
0.018602150413325875 
0.018602150413325875 
0.018622259368830628 
0.01863374830784188 
0.01864227282280784 
0.018645106596638164 
0.018665169273274756 
0.018682355311897908 
0.018682355311897908 
0.018682355311897908 
0.018690936413138855 
0.01869378506349102 
0.018696641837506543 
0.01870519756645195 
0.018716599691183226 
0.018727989747968146 
0.018727989747968146 
0.01873649871240622 
0.018733634351080945 
0.018744973086136988 
0.01875350676540257 
0.01875916586631719 
0.018770468720839126 
0.01876758908331062 
0.018773230302747582 
0.01878449743804715 
0.01878449743804715 
0.01878449743804715 
0.018790123363086258 
0.018795744199153166 
0.018804069346819587 
0.01880967240544077 
0.01881236019217153 
0.018806528228250952 
0.018814766966401685 
0.01882297149761429 
0.018820031880950678 
0.018820031880950678 
0.018825589393163766 
0.01882819332809178 
0.01882819332809178 
0.018836689305713993 
0.018842231714953514 
0.018848127334035073 
0.018845181453092986 
0.018839636514540296 
0.018851069359588066 
0.018862154277812487 
0.01886803688781639 
0.018873576873502277 
0.018881694839182207 
0.018878744026020376 
0.018878744026020376 
0.018878744026020376 
0.018895288724970573 
0.018895288724970573 
0.018900793634130816 
0.018900793634130816 
0.018900793634130816 
0.01890925699227762 
0.018906711612546482 
0.01890925699227762 
0.018911788492895112 
0.01890629355532173 
0.01890629355532173 
0.018906711612546482 
0.01891221658082415 
0.01890925699227762 
0.01890925699227762 
0.01890925699227762 
0.018923211566750503 
0.01893715247865951 
0.01893715247865951 
0.018942167141063875 
0.018942167141063875 
0.018944653704937444 
0.018944653704937444 
0.018941668775480158 
0.018941668775480158 
0.018941668775480158 
0.0189386799962405 
0.018944135134653154 
0.018952030392546334 
0.018952030392546337 
0.01895989198281467 
0.018968328972263214 
0.01897133669513037 
0.01899841509179121 
0.019003816037838295 
0.019003816037838295 
0.019003816037838295 
0.019003816037838295 
0.019006834981132446 
0.019006834981132446 
0.01901223353527933 
0.01901223353527933 
0.01901762719163461 
0.01901762719163461 
0.019008543763266033 
0.01900246889222556 
0.018999425675530302 
0.019010168226504465 
0.019015532177669915 
0.019015532177669915 
0.019015532177669915 
0.019015532177669915 
0.019015532177669915 
0.019018582912509543 
0.019018582912509543 
0.019018582912509543 
0.019023944491088064 
0.019023944491088064 
0.01902930119578751 
0.019037707425002624 
0.019043056897462655 
0.019048401507738125 
0.019051457057138704 
0.019051457057138704 
0.019056799311531827 
0.019062136711292362 
0.019062136711292362 
0.019062136711292362 
0.01907279696321439 
0.01907279696321439 
0.019078119823504623 
0.01908343784541978 
0.019080367292062278 
0.019080367292062278 
0.019085677981145965 
0.01909628487428903 
0.01909628487428903 
0.01910378559343671 
0.01910378559343671 
0.01910378559343671 
0.01910906967908171 
0.01910906967908171 
0.019114348955692948 
0.019114348955692948 
0.01912179238460663 
0.01912179238460663 
0.01912394770961268 
0.01912394770961268 
0.01912394770961268 
0.019122972153930468 
0.01913133722456431 
0.01913133722456431 
0.019136580258760968 
0.019136580258760968 
0.019133458025145374 
0.019138693790329578 
0.019132432777877465 
0.019132432777877465 
0.019137658790980675 
0.019137658790980675 
0.019137658790980675 
0.019137658790980675 
0.019142880034101452 
0.019142880034101452 
0.019148096511141778 
0.019148096511141778 
0.019148096511141778 
0.01915330822599584 
0.01915330822599584 
0.01915016198364912 
0.019155366454338588 
0.019160566171175633 
0.019160566171175633 
0.01916576113802945 
0.01916576113802945 
0.01916576113802945 
0.019162603580933357 
0.019162603580933357 
0.019162603580933357 
0.019162603580933357 
0.019165761138029452 
0.019165761138029452 
0.019165761138029452 
0.019165761138029452 
0.01917613683722558 
0.01917613683722558 
0.01917613683722558 
0.01917613683722558 
0.01917613683722558 
0.01917613683722558 
0.01917613683722558 
0.01917613683722558 
0.01917613683722558 
0.019170951358761516 
0.01917613683722558 
0.01917613683722558 
0.01917613683722558 
0.01917297431281855 
0.019169807928093596 
0.019169807928093596 
0.019169807928093596 
0.019180154743901313 
0.019182143363034275 
0.019182143363034275 
0.019187302468038594 
0.01919245685158625 
0.01919441752176919 
0.01919441752176919 
0.01919441752176919 
0.019191224661287254 
0.019188027934105165 
0.019191224661287254 
0.019188027934105165 
0.019188027934105165 
0.019188027934105165 
0.01919316545023254 
0.01919316545023254 
0.01919316545023254 
0.01919316545023254 
0.01919316545023254 
0.01919829825791859 
0.01919829825791859 
0.01919829825791859 
0.01919829825791859 
0.01919829825791859 
0.01920342636093882 
0.01920342636093882 
0.01920854976306124 
0.01920854976306124 
0.019213668468046386 
0.019213668468046386 
0.019216877581959044 
0.019216877581959044 
0.019216877581959044 
0.019216877581959044 
0.019216877581959044 
0.019221994069294684 
0.019221994069294684 
0.019221994069294684 
0.019227105866458427 
0.01923221297719012 
0.019235425651645977 
0.019235425651645977 
0.01923221297719012 
0.019237315405222215 
0.019237315405222215 
0.019237315405222215 
0.019237315405222215 
0.019237315405222215 
0.019237315405222215 
0.019237315405222215 
0.01924750622808056 
0.01924750622808056 
0.01924750622808056 
0.01924750622808056 
0.019252594630334897 
0.019252594630334897 
0.019252594630334897 
0.019252594630334897 
0.019255817198966133 
0.0192609034056038 
0.019271061828555272 
0.019271061828555272 
0.019271061828555272 
0.01926783184481326 
0.019272901597839388 
0.019281201622305597 
0.019284432685459017 
0.019284432685459017 
0.0192894980753777 
0.0192894980753777 
0.01928626454241464 
0.01928626454241464 
0.01928626454241464 
0.01928626454241464 
0.01928626454241464 
0.01928626454241464 
0.0192913228162301 
0.0192913228162301 
0.0192913228162301 
0.019296376447405873 
0.019296376447405873 
0.019296376447405873 
0.019296376447405873 
0.019296376447405873 
0.01930142543958865 
0.01930142543958865 
0.01930142543958865 
0.01930466637888363 
0.01930466637888363 
0.01930466637888363 
0.01930466637888363 
0.01930466637888363 
0.01930466637888363 
0.01930466637888363 
0.01930466637888363 
0.01930142543958865 
0.01930142543958865 
0.01930142543958865 
0.01929313411553447 
0.01929313411553447 
0.01929313411553447 
0.01929313411553447 
0.01929313411553447 
0.01929313411553447 
0.01929313411553447 
0.01929313411553447 
0.01929313411553447 
0.01929313411553447 
0.01929313411553447 
0.01929313411553447 
0.01929313411553447 
0.01929313411553447 
0.01929313411553447 
0.01929313411553447 
0.01929313411553447 
0.01929313411553447 
0.019289887920877092 
0.019289887920877092 
0.019289887920877092 
0.019286637861483272 
0.019286637861483272 
0.019286637861483272 
0.0192898879208771 
0.0192898879208771 
0.0192898879208771 
0.0192898879208771 
0.0192898879208771 
0.0192898879208771 
0.0192898879208771 
0.0192898879208771 
0.01929818063963544 
0.01929818063963544 
0.01929818063963544 
0.01929818063963544 
0.01929818063963544 
0.019303222528893983 
0.019303222528893983 
0.019303222528893983 
0.019303222528893983 
0.019303222528893983 
0.019303222528893983 
0.019303222528893983 
0.019303222528893983 
0.019303222528893983 
0.019299971398942538 
0.019299971398942538 
0.019299971398942538 
0.019299971398942538 
0.019299971398942538 
0.019299971398942538 
0.0193050061901052 
0.0193050061901052 
0.019308259786940923 
0.019308259786940923 
0.019308259786940923 
0.019308259786940923 
0.019308259786940923 
0.019318320423887786 
0.019323343810013837 
0.019323343810013837 
0.019323343810013837 
0.019323343810013837 
0.019323343810013837 
0.019323343810013837 
0.019323343810013837 
0.019323343810013837 
0.019323343810013837 
0.019323343810013837 
0.019323343810013837 
0.019323343810013837 
0.019323343810013837 
0.019323343810013837 
0.019323343810013837 
0.019323343810013837 
0.019323343810013837 
0.019323343810013837 
0.019328362579380594 
0.019325099120056276 
0.019325099120056276 
0.019325099120056276 
0.019325099120056276 
0.019325099120056276 
0.019325099120056276 
0.019325099120056276 
0.019325099120056276 
0.019325099120056276 
0.019325099120056276 
0.019325099120056276 
0.019325099120056276 
0.019325099120056276 
0.019325099120056276 
0.019325099120056276 
0.019325099120056276 
0.019325099120056276 
0.01933011081189138 
0.019326841024854526 
0.019326841024854526 
0.019326841024854526 
0.019326841024854526 
0.019326841024854526 
0.019326841024854526 
0.019326841024854526 
0.019326841024854526 
0.019326841024854526 
0.019326841024854526 
0.019326841024854526 
0.019326841024854526 
0.019326841024854526 
0.019326841024854526 
0.019326841024854526 
0.019326841024854526 
0.01933184564391098 
0.01933184564391098 
0.01933184564391098 
0.01933184564391098 
0.01933184564391098 
0.01933184564391098 
0.01933184564391098 
0.01933184564391098 
0.01933184564391098 
0.01933184564391098 
0.01933184564391098 
0.01933511789464962 
0.01933511789464962 
0.01933511789464962 
0.01933511789464962 
0.01933511789464962 
0.01933511789464962 
0.01933511789464962 
0.01933511789464962 
0.01933511789464962 
0.01933511789464962 
0.01933511789464962 
0.01933511789464962 
0.01933511789464962 
0.01933511789464962 
0.01933511789464962 
0.01933511789464962 
0.01933511789464962 
0.01933511789464962 
0.01933511789464962 
0.01933511789464962 
0.01933511789464962 
0.01933511789464962 
0.01933511789464962 
0.01933184564391098 
0.01933184564391098 
0.01933184564391098 
0.01933184564391098 
0.01933184564391098 
0.01933184564391098 
0.01933184564391098 
0.01933184564391098 
0.01933184564391098 
0.01933184564391098 
0.01933184564391098 
0.01933184564391098 
0.01933184564391098 
0.01933184564391098 
0.01933184564391098 
0.01933184564391098 
0.01933184564391098 
0.01933184564391098 
0.01933184564391098 
0.01933184564391098 
0.01933184564391098 
0.01933184564391098 
0.01933184564391098 
0.01933184564391098 
0.01933184564391098 
0.01933184564391098 
0.01933184564391098 
0.01933184564391098 
0.01933184564391098 
0.01933184564391098 
0.01933184564391098 
0.01933184564391098 
0.01933184564391098 
0.01933184564391098 
0.01933184564391098 
0.01933184564391098 
0.01933184564391098 
0.01933184564391098 
0.01933184564391098 
0.01933184564391098 
0.01933184564391098 
0.01933184564391098 
0.01933184564391098 
0.01933184564391098 
0.01933184564391098 
0.01933184564391098 
0.01933184564391098 
0.01933184564391098 
0.01933184564391098 
0.01933184564391098 
0.01933184564391098 
0.01933184564391098 
0.01933184564391098 
0.01933184564391098 
0.01933184564391098 
0.01933184564391098 
0.01933184564391098 
0.01933184564391098 
0.01933184564391098 
0.01933184564391098 
0.01933184564391098 
0.01933184564391098 
0.01933184564391098 
0.01933184564391098 
0.01933184564391098 
0.01933184564391098 
0.01933184564391098 
0.01933184564391098 
0.01933184564391098 
0.01933184564391098 
0.01933184564391098 
0.01933184564391098 
0.01933184564391098 
0.01933184564391098 
0.01933184564391098 
0.01933184564391098 
0.01933184564391098 
0.01933184564391098 
0.01933184564391098 
0.01933184564391098 
0.01933184564391098 
0.01933184564391098 
0.01933184564391098 
0.01933184564391098 
0.01933184564391098 
0.01933184564391098 
0.01933184564391098 
0.01933184564391098 
0.01933184564391098 
0.01933184564391098 
0.01933184564391098 
0.01932856952803285 
0.01932856952803285 
0.01932856952803285 
0.01932856952803285 
0.019325289545049508 
0.019325289545049508 
0.019325289545049508 
0.019325289545049508 
0.019325289545049508 
0.019325289545049508 
0.019325289545049508 
0.019325289545049508 
0.019325289545049508 
0.019325289545049508 
0.019325289545049508 
0.019325289545049508 
0.019325289545049508 
0.019325289545049508 
0.019325289545049508 
0.019325289545049508 
0.019325289545049508 
0.019325289545049508 
0.019325289545049508 
0.019325289545049508 
0.019325289545049508 
0.019325289545049508 
0.019325289545049508 
0.019325289545049508 
0.019325289545049508 
0.019325289545049508 
0.019325289545049508 
0.019325289545049508 
0.019325289545049508 
0.019325289545049508 
0.019325289545049508 
0.019325289545049508 
0.019325289545049508 
0.019325289545049508 
0.019325289545049508 
0.019325289545049508 
0.019325289545049508 
0.019325289545049508 
0.019325289545049508 
0.019325289545049508 
0.019325289545049508 
0.019325289545049508 
0.019325289545049508 
0.019325289545049508 
0.019325289545049508 
0.019325289545049508 
0.019325289545049508 
0.019325289545049508 
0.019325289545049508 
0.019325289545049508 
0.019325289545049508 
0.019325289545049508 
0.019325289545049508 
0.019325289545049508 
0.019325289545049508 
0.019325289545049508 
0.019325289545049508 
0.019325289545049508 
0.019325289545049508 
0.019325289545049508 
0.019325289545049508 
0.019325289545049508 
0.019325289545049508 
0.019325289545049508 
0.019325289545049508 
0.019325289545049508 
0.019325289545049508 
0.019325289545049508 
0.019325289545049508 
0.019325289545049508 
0.019325289545049508 
0.019325289545049508 
0.019325289545049508 
0.019325289545049508 
0.019325289545049508 
0.019325289545049508 
0.019325289545049508 
0.019325289545049508 
0.019325289545049508 
0.019325289545049508 
0.019325289545049508 
0.019325289545049508 
0.019325289545049508 
0.019325289545049508 
0.019325289545049508 
0.019325289545049508 
0.019325289545049508 
0.019325289545049508 
0.019325289545049508 
0.019325289545049508 
0.019325289545049508 
0.019325289545049508 
0.019325289545049508 
0.019325289545049508 
0.019325289545049508 
0.019325289545049508 
0.019325289545049508 
0.019325289545049508 
0.019325289545049508 
0.019325289545049508 
0.019325289545049508 
0.019325289545049508 
0.019325289545049508 
0.019325289545049508 
0.019325289545049508 
0.019325289545049508 
0.019325289545049508 
0.019325289545049508 
0.019325289545049508 
0.019325289545049508 
0.019325289545049508 
0.019325289545049508 
0.019325289545049508 
0.019325289545049508 
0.019325289545049508 
0.019325289545049508 
0.019325289545049508 
0.019325289545049508 
0.019325289545049508 
0.019325289545049508 
0.019325289545049508 
0.019325289545049508 
0.019322005692991605 
0.019322005692991605 
0.019322005692991605 
0.019322005692991605 
0.019322005692991605 
0.019322005692991605 
0.019322005692991605 
0.019322005692991605 
0.019322005692991605 
0.019322005692991605 
0.019322005692991605 
0.019322005692991605 
0.019322005692991605 
0.019322005692991605 
0.019322005692991605 
0.019322005692991605 
0.019322005692991605 
0.019322005692991605 
0.019322005692991605 
0.019322005692991605 
0.019322005692991605 
0.019322005692991605 
0.019322005692991605 
0.019322005692991605 
0.019322005692991605 
0.019322005692991605 
0.019322005692991605 
0.019322005692991605 
0.019322005692991605 
0.019322005692991605 
0.019322005692991605 
0.019322005692991605 
0.019322005692991605 
0.019322005692991605 
0.019322005692991605 
0.019322005692991605 
0.019322005692991605 
0.019322005692991605 
0.019322005692991605 
0.019322005692991605 
0.019322005692991605 
0.019322005692991605 
0.019322005692991605 
0.019322005692991605 
0.019322005692991605 
0.019322005692991605 
0.019322005692991605 
0.019322005692991605 
0.019322005692991605 
0.019322005692991605 
0.019322005692991605 
0.019322005692991605 
0.019322005692991605 
0.019322005692991605 
0.019322005692991605 
0.019322005692991605 
0.019322005692991605 
0.019322005692991605 
0.019322005692991605 
0.019322005692991605 
0.019322005692991605 
0.019322005692991605 
0.019322005692991605 
0.019322005692991605 
0.019322005692991605 
0.019322005692991605 
0.019322005692991605 
0.019322005692991605 
0.019322005692991605 
0.019322005692991605 
0.019322005692991605 
0.019322005692991605 
0.019322005692991605 
0.019322005692991605 
0.019322005692991605 
0.019322005692991605 
0.019322005692991605 
0.019322005692991605 
0.019322005692991605 
0.019322005692991605 
0.019322005692991605 
0.019322005692991605 
0.019322005692991605 
0.019322005692991605 
0.019322005692991605 
0.019322005692991605 
0.019322005692991605 
0.019322005692991605 
0.019322005692991605 
0.019322005692991605 
0.019322005692991605 
0.019322005692991605 
0.019322005692991605 
0.019322005692991605 
0.019322005692991605 
0.019322005692991605 
0.019322005692991605 
0.019322005692991605 
0.019322005692991605 
0.019322005692991605 
0.019322005692991605 
0.019322005692991605 
0.019322005692991605 
0.019322005692991605 
0.019322005692991605 
0.019322005692991605 
0.019322005692991605 
0.019322005692991605 
0.019322005692991605 
0.019322005692991605 
0.019322005692991605 
0.019322005692991605 
0.019322005692991605 
0.019322005692991605 
0.019322005692991605 
0.019322005692991605 
0.019322005692991605 
0.019322005692991605 
0.019322005692991605 
0.019322005692991605 
0.019322005692991605 
0.019322005692991605 
0.019322005692991605 
0.019322005692991605 
0.019322005692991605 
0.019322005692991605 
0.019322005692991605 
0.019322005692991605 
0.019322005692991605 
0.019326998318414577 
0.019326998318414577 
0.019326998318414577 
0.019326998318414577 
0.019326998318414577 
0.019326998318414577 
0.01933198634388096 
0.01933198634388096 
0.01933198634388096 
0.01933198634388096 
0.01933198634388096 
0.01933198634388096 
0.01933198634388096 
0.01933198634388096 
0.01933198634388096 
0.01933198634388096 
0.01933198634388096 
0.01933198634388096 
0.01933198634388096 
0.01933198634388096 
0.01933198634388096 
0.01933198634388096 
0.01933198634388096 
0.01933198634388096 
0.01933198634388096 
0.01933198634388096 
0.01933198634388096 
0.01933198634388096 
0.01933198634388096 
0.01933198634388096 
0.01933198634388096 
0.01933198634388096 
0.01933198634388096 
0.019336969772950467 
0.019336969772950467 
0.019336969772950467 
0.019336969772950467 
0.019336969772950467 
0.019336969772950467 
0.01934194860917586 
0.01934194860917586 
0.01934194860917586 
0.01934194860917586 
0.01934194860917586 
0.01934194860917586 
0.01934194860917586 
0.01934194860917586 
0.01934194860917586 
0.01934194860917586 
0.01934194860917586 
0.01934194860917586 
0.01934194860917586 
0.01934194860917586 
0.01934194860917586 
0.01934194860917586 
0.01934194860917586 
0.019346922856102983 
0.019346922856102983 
0.019346922856102983 
0.019346922856102983 
0.019346922856102983 
0.019346922856102983 
0.019346922856102983 
0.019346922856102983 
0.019346922856102983 
0.019346922856102983 
0.019346922856102983 
0.019346922856102983 
0.019346922856102983 
0.019346922856102983 
0.019346922856102983 
0.019346922856102983 
0.019346922856102983 
0.019346922856102983 
0.019346922856102983 
0.01935021901684836 
0.01935021901684836 
0.01935021901684836 
0.01935021901684836 
0.01935021901684836 
0.01935021901684836 
0.01935021901684836 
0.01935021901684836 
0.01935021901684836 
0.01935021901684836 
0.01935021901684836 
0.01935021901684836 
0.01935021901684836 
0.01935021901684836 
0.01935021901684836 
0.01935021901684836 
0.01935021901684836 
0.01935021901684836 
0.01935021901684836 
0.01935021901684836 
0.01935021901684836 
0.01935021901684836 
0.01935021901684836 
0.01935021901684836 
0.01935021901684836 
0.01935021901684836 
0.01935021901684836 
0.01935021901684836 
0.01935021901684836 
0.01935021901684836 
0.01935021901684836 
0.01935021901684836 
0.01935021901684836 
0.01935021901684836 
0.01935021901684836 
0.01935021901684836 
0.01935021901684836 
0.01935021901684836 
0.01935021901684836 
0.01935021901684836 
0.01935021901684836 
0.01935021901684836 
0.01935021901684836 
0.01935021901684836 
0.01935021901684836 
0.01935021901684836 
0.01935021901684836 
0.01935021901684836 
0.01935021901684836 
0.01935021901684836 
0.01935021901684836 
0.01935021901684836 
0.01935021901684836 
0.01935021901684836 
0.01935021901684836 
0.01935021901684836 
0.01935021901684836 
0.01935021901684836 
0.01935021901684836 
0.01935021901684836 
0.01935021901684836 
0.01935021901684836 
0.01935021901684836 
0.01935021901684836 
0.019345242309157053 
0.019345242309157053 
0.019345242309157053 
0.019345242309157053 
0.019345242309157053 
0.019345242309157053 
0.019345242309157053 
0.019345242309157053 
0.019345242309157053 
0.019345242309157053 
0.019345242309157053 
0.019345242309157053 
0.019345242309157053 
0.019345242309157053 
0.019345242309157053 
0.019345242309157053 
0.019345242309157053 
0.019345242309157053 
0.019345242309157053 
0.019345242309157053 
0.019345242309157053 
0.019345242309157053 
0.019345242309157053 
0.019345242309157053 
0.019345242309157053 
0.019345242309157053 
0.019345242309157053 
0.019345242309157053 
0.019345242309157053 
0.019345242309157053 
0.019345242309157053 
0.019345242309157053 
0.019345242309157053 
0.019345242309157053 
0.019345242309157053 
0.019345242309157053 
0.019345242309157053 
0.019345242309157053 
0.019345242309157053 
0.019345242309157053 
0.019345242309157053 
0.019345242309157053 
0.019345242309157053 
0.019345242309157053 
0.019345242309157053 
0.019345242309157053 
0.019345242309157053 
0.019345242309157053 
0.019345242309157053 
0.019345242309157053 
0.019345242309157053 
0.019345242309157053 
0.019345242309157053 
0.019345242309157053 
0.019345242309157053 
0.019345242309157053 
0.019345242309157053 
0.019345242309157053 
0.019345242309157053 
0.019345242309157053 
0.019345242309157053 
0.019345242309157053 
0.019345242309157053 
0.019345242309157053 
0.019345242309157053 
0.019345242309157053 
0.019345242309157053 
0.019345242309157053 
0.019345242309157053 
0.019345242309157053 
0.019345242309157053 
0.019345242309157053 
0.019345242309157053 
0.019345242309157053 
0.019345242309157053 
0.019345242309157053 
0.019345242309157053 
0.019345242309157053 
0.019345242309157053 
0.019345242309157053 
0.019345242309157053 
0.019345242309157053 
0.019345242309157053 
0.019345242309157053 
0.019345242309157053 
0.019345242309157053 
0.019345242309157053 
0.019345242309157053 
0.019345242309157053 
0.019345242309157053 
0.019345242309157053 
0.019345242309157053 
0.019345242309157053 
0.019345242309157053 
0.019345242309157053 
0.019345242309157053 
0.019345242309157053 
0.019345242309157053 
0.019345242309157053 
0.019345242309157053 
0.019345242309157053 
0.019345242309157053 
0.019345242309157053 
0.019345242309157053 
0.019345242309157053 
0.019345242309157053 
0.019345242309157053 
0.019345242309157053 
0.019345242309157053 
0.019345242309157053 
0.019345242309157053 
0.019345242309157053 
0.019345242309157053 
0.019345242309157053 
0.019345242309157053 
0.019345242309157053 
0.019345242309157053 
0.019345242309157053 
0.019345242309157053 
0.019345242309157053 
0.019345242309157053 
0.019345242309157053 
0.019345242309157053 
0.019345242309157053 
0.019345242309157053 
0.019345242309157053 
0.019345242309157053 
0.019345242309157053 
0.019345242309157053 
0.019345242309157053 
0.019345242309157053 
0.019345242309157053 
0.019345242309157053 
0.019345242309157053 
0.019345242309157053 
0.019345242309157053 
0.019345242309157053 
0.019345242309157053 
0.019345242309157053 
0.019345242309157053 
0.019345242309157053 
0.019345242309157053 
0.019345242309157053 
0.019345242309157053 
0.019345242309157053 
0.019345242309157053 
0.019345242309157053 
0.019345242309157053 
0.019345242309157053 
0.019345242309157053 
0.019345242309157053 
0.019345242309157053 
0.019345242309157053 
0.019345242309157053 
0.019345242309157053 
0.019345242309157053 
0.019345242309157053 
0.019345242309157053 
