0.338688052144917 
0.3396015391469055 
0.33985024304004624 
0.3399257576490289 
0.3409557068871082 
0.3417545934914758 
0.34302752877185433 
0.3449840226558436 
0.3457653477017274 
0.34620100486573724 
0.34746812744123334 
0.34781775939598464 
0.3481088978567858 
0.34797035375077956 
0.3483358593663992 
0.3483212546759769 
0.3493196380061122 
0.3512979362554542 
0.35225500389724995 
0.35278699697198734 
0.35352976391367247 
0.3542428655340591 
0.355405591546833 
0.3569956971201246 
0.35763231147993446 
0.35764626404058025 
0.35821579371760365 
0.3584088305575452 
0.3587573487860712 
0.35959722982347453 
0.3612343776391501 
0.3612387281423382 
0.3620004527903181 
0.3620945242295506 
0.3631507197098235 
0.3631654588499586 
0.3643670949140936 
0.36512655572324565 
0.36615012570270017 
0.3663760717455301 
0.3674166741138786 
0.3677460966732967 
0.36606628233074795 
0.3662724391688743 
0.3660605627960423 
0.3659334687588947 
0.36545148593462384 
0.3659289525864073 
0.36619080627098705 
0.36742036749210377 
0.36753505170270323 
0.36739131522540064 
0.3676970591311668 
0.3678286207218406 
0.36765708158844307 
0.36866595870301433 
0.3688753981960521 
0.36903273284617316 
0.3699927010560678 
0.36965866903598166 
0.37036081257622344 
0.37006898000760585 
0.37006118660869586 
0.3697346958693524 
0.36984028765745525 
0.36933388451555776 
0.3695377703165709 
0.3696563264342897 
0.3694860767496172 
0.3701188037357212 
0.36937273093428596 
0.36925376945350674 
0.3693321913562468 
0.36993432559528966 
0.37042518066474206 
0.3705664157836617 
0.3705049372279575 
0.37049295152682143 
0.37064769562445954 
0.37162332733667125 
0.37118615584276715 
0.37122817684300413 
0.3722340050645807 
0.3720729911477767 
0.3726117232080225 
0.37339572369463303 
0.37281564817881724 
0.3721225678935276 
0.37199312994978984 
0.37191674725323254 
0.37243568661015725 
0.3721431372387852 
0.3721274210472198 
0.3719641939102055 
0.37179003110864167 
0.37146152323461595 
0.3716070017380669 
0.37201335595551943 
0.37114479178833565 
0.37068268182867825 
0.3706594835506045 
0.3712785020802717 
0.3708756850450322 
0.3708060938816767 
0.3709170933755416 
0.3705770082146055 
0.3706665944529736 
0.3703528023597536 
0.37018225257518994 
0.36991972864981515 
0.36924353351395345 
0.37014025639285203 
0.36979053103856874 
0.36985156319352663 
0.3701895715381429 
0.3702594817368234 
0.37009243170361195 
0.3702398066219991 
0.3704675023053198 
0.3704675023053198 
0.3708711920072388 
0.37036192379689664 
0.369527007170542 
0.36890347142856755 
0.36914819484959 
0.3695465625214404 
0.3693737202589369 
0.369612703589264 
0.37011293168165255 
0.37007348393359346 
0.3699375847307036 
0.36939705017156066 
0.3691258692432142 
0.36974142866456655 
0.3685374387996437 
0.3686415942826774 
0.36888105008233607 
0.36857488532123944 
0.3687161874744239 
0.3685867284591776 
0.36846237861487874 
0.3677622419563183 
0.36765186311741216 
0.3677672821441165 
0.36785468936540827 
0.36773933377962215 
0.36778013935813714 
0.36799037364645476 
0.3677252913612805 
0.3679058912271016 
0.36754600642518015 
0.36781577575585095 
0.36778460876671987 
0.3672579330023198 
0.3676453783480755 
0.36764872253884434 
0.3674209544585181 
0.3674209544585181 
0.3674209544585181 
0.3675795960850959 
0.36769273898297417 
0.36745137601899613 
0.3676824134470956 
0.36769154694967776 
0.3670726444019618 
0.367134915660133 
0.3670066102363399 
0.36691109123137683 
0.36739217421561954 
0.36779210629733244 
0.36779210629733244 
0.36795957463844225 
0.36795957463844225 
0.36773346324609973 
0.36789654903942876 
0.36751707299124503 
0.36728056443463375 
0.36728056443463375 
0.3671051075246287 
0.3671051075246287 
0.3669011546095511 
0.36675665235312904 
0.36664505559135074 
0.36651282220447723 
0.36642519336593443 
0.3664661975475614 
0.3664661975475614 
0.3664770604712147 
0.36618667466440497 
0.36618667466440497 
0.36570228517511444 
0.36545790777915255 
0.36560064306106826 
0.36560064306106826 
0.36529612323023264 
0.36529612323023264 
0.3650685579424524 
0.3648354078048739 
0.3648354078048739 
0.3649948180028952 
0.3648013692927229 
0.36454280674644385 
0.36454280674644385 
0.3648148574029599 
0.3648148574029599 
0.3647064310527644 
0.3648554939874255 
0.3646575459961928 
0.3646575459961928 
0.36473821955417307 
0.36473821955417307 
0.3648155240625998 
0.36476794442806376 
0.36476794442806376 
0.364550907149409 
0.364550907149409 
0.364550907149409 
0.3647017250953942 
0.3642476823140484 
0.3642476823140484 
0.36429523097542515 
0.36413963143073735 
0.3642969940791161 
0.3642969940791161 
0.3642969940791161 
0.36416188930355153 
0.36409775331085154 
0.36409775331085154 
0.36409775331085154 
0.3642495958457666 
0.36403245393335365 
0.36403245393335365 
0.36403245393335365 
0.36411704203023854 
0.36411704203023854 
0.36419475959109116 
0.36419475959109116 
0.36435227460605163 
0.36435227460605163 
0.36429182472310606 
0.36429182472310606 
0.36429182472310606 
0.36429182472310606 
0.36394017385404687 
0.36417805581380364 
0.36417805581380364 
0.36417805581380364 
0.36417805581380364 
0.36417805581380364 
0.3644154404450213 
0.3644154404450213 
0.3644154404450213 
0.3644154404450213 
0.3644154404450213 
0.3644154404450213 
0.3644154404450213 
0.3644308642724017 
0.3644308642724017 
0.3644308642724017 
0.3644308642724017 
0.3644308642724017 
0.3644308642724017 
0.3644308642724017 
0.3644308642724017 
0.3644308642724017 
0.36420903945016203 
0.3642596583310114 
0.3641700686839435 
0.3641700686839435 
0.3641700686839435 
0.3641700686839435 
0.36449108708472805 
0.36449108708472805 
0.3646484466430441 
0.36461401414196637 
0.36461401414196637 
0.36461401414196637 
0.36461401414196637 
0.3646817578320867 
0.3646817578320867 
0.36476893414745176 
0.3651379373825276 
0.3652825716674784 
0.3652825716674784 
0.3652825716674784 
0.3652825716674784 
0.36560610122767445 
0.3655604534086109 
0.3655847502477143 
0.36579139024667756 
0.36579139024667756 
0.36579139024667756 
0.3660550046253082 
0.3660550046253082 
0.36591857880119016 
0.36591857880119016 
0.36591857880119016 
0.36591857880119016 
0.36591857880119016 
0.36590022606551703 
0.3659107849537305 
0.36566908532620296 
0.365452314552836 
0.365452314552836 
0.365452314552836 
0.365452314552836 
0.36563046408119565 
0.365556438680201 
0.365556438680201 
0.365556438680201 
0.365556438680201 
0.365556438680201 
0.365556438680201 
0.3654860133427553 
0.3654860133427553 
0.36553750091264564 
0.36553750091264564 
0.36553750091264564 
0.36553750091264564 
0.36553750091264564 
0.36553750091264564 
0.36553750091264564 
0.3654548790984127 
0.3654548790984127 
0.3653900317715361 
0.36553825806494844 
0.36553825806494844 
0.36537338077366255 
0.36537338077366255 
0.36537338077366255 
0.36537338077366255 
0.36537338077366255 
0.36537338077366255 
0.36537338077366255 
0.3655692629865066 
0.3655692629865066 
0.3655692629865066 
0.3655692629865066 
0.3655692629865066 
0.3655692629865066 
0.3655692629865066 
0.3655692629865066 
0.3653604146112049 
0.3653604146112049 
0.3653604146112049 
0.3653604146112049 
0.3653604146112049 
0.3653604146112049 
0.3653604146112049 
0.3653604146112049 
0.3653604146112049 
0.3653604146112049 
0.3653604146112049 
0.3653604146112049 
0.3653604146112049 
0.3653604146112049 
0.3653604146112049 
0.36540241593890854 
0.36540241593890854 
0.36540241593890854 
0.36540241593890854 
0.36540241593890854 
0.36540241593890854 
0.36540241593890854 
0.36540241593890854 
0.36540241593890854 
0.36540241593890854 
0.36540241593890854 
0.36540241593890854 
0.36540241593890854 
0.36540241593890854 
0.36540241593890854 
0.36540241593890854 
0.36540241593890854 
0.36540241593890854 
0.36540241593890854 
0.36540241593890854 
0.36540241593890854 
0.36540241593890854 
0.36540241593890854 
0.36540241593890854 
0.36540241593890854 
0.36540241593890854 
0.36540241593890854 
0.36540241593890854 
0.36540241593890854 
0.36540241593890854 
0.36540241593890854 
0.36540241593890854 
0.36540241593890854 
0.36540241593890854 
0.36540241593890854 
0.36540241593890854 
0.36540241593890854 
0.36540241593890854 
0.36540241593890854 
0.36540241593890854 
0.36540241593890854 
0.36540241593890854 
0.36540241593890854 
0.36540241593890854 
0.36540241593890854 
0.3655287742731861 
0.3655287742731861 
0.3655287742731861 
0.3655287742731861 
0.3655287742731861 
0.3655287742731861 
0.3655287742731861 
0.3655287742731861 
0.3655287742731861 
0.3655287742731861 
0.3655287742731861 
0.3655287742731861 
0.3655287742731861 
0.3655287742731861 
0.3655287742731861 
0.3655287742731861 
0.3655287742731861 
0.3655287742731861 
0.3655287742731861 
0.3655287742731861 
0.3655287742731861 
0.3655287742731861 
0.3655287742731861 
0.3655287742731861 
0.3655287742731861 
0.3655287742731861 
0.3655287742731861 
0.3655287742731861 
0.3655287742731861 
0.3655287742731861 
0.3655287742731861 
0.3655287742731861 
0.3655287742731861 
0.3655287742731861 
0.3655287742731861 
0.3655287742731861 
0.3655287742731861 
0.3655287742731861 
0.3655287742731861 
0.3655287742731861 
0.3655287742731861 
0.3655287742731861 
0.3655287742731861 
0.3655287742731861 
0.3655287742731861 
0.3655287742731861 
0.3655287742731861 
0.3655287742731861 
0.3655287742731861 
0.3655287742731861 
0.3655287742731861 
0.3655287742731861 
0.3655287742731861 
0.3655287742731861 
0.3655451243041803 
0.3655451243041803 
0.3655451243041803 
0.3655451243041803 
0.3655451243041803 
0.3655451243041803 
0.3655451243041803 
0.3655451243041803 
0.3655451243041803 
0.3655451243041803 
0.3655451243041803 
0.3655451243041803 
0.3655451243041803 
0.3655451243041803 
0.3655451243041803 
0.3655451243041803 
0.3655451243041803 
0.3655451243041803 
0.3655451243041803 
0.3655451243041803 
0.3655451243041803 
0.3655451243041803 
0.3655451243041803 
0.3655451243041803 
0.3655451243041803 
0.3655451243041803 
0.3655451243041803 
0.3655451243041803 
0.3655451243041803 
0.3655451243041803 
0.3655451243041803 
0.3655451243041803 
0.3655451243041803 
0.3655451243041803 
0.3655451243041803 
0.3655451243041803 
0.3655451243041803 
0.3655451243041803 
0.3655451243041803 
0.3655451243041803 
0.3655451243041803 
0.3655451243041803 
0.3655451243041803 
0.36524670139925103 
0.36524670139925103 
0.36524670139925103 
0.36524670139925103 
0.36524670139925103 
0.36524670139925103 
0.36524670139925103 
0.36524670139925103 
0.36524670139925103 
0.36524670139925103 
0.36524670139925103 
0.36524670139925103 
0.36524670139925103 
0.36524670139925103 
0.36524670139925103 
0.36524670139925103 
0.36524670139925103 
0.36524670139925103 
0.36524670139925103 
0.36524670139925103 
0.36524670139925103 
0.36524670139925103 
0.36524670139925103 
0.36524670139925103 
0.36524670139925103 
0.36524670139925103 
0.36524670139925103 
0.36524670139925103 
0.36524670139925103 
0.36524670139925103 
0.36524670139925103 
0.36524670139925103 
0.36524670139925103 
0.36524670139925103 
0.36524670139925103 
0.36524670139925103 
0.36524670139925103 
0.36524670139925103 
0.36524670139925103 
0.36524670139925103 
0.36524670139925103 
0.36524670139925103 
0.36524670139925103 
0.36524670139925103 
0.36524670139925103 
0.36524670139925103 
0.36524670139925103 
0.36524670139925103 
0.36524670139925103 
0.36524670139925103 
0.36524670139925103 
0.36524670139925103 
0.36524670139925103 
0.36524670139925103 
0.36524670139925103 
0.36524670139925103 
0.36524670139925103 
0.36524670139925103 
0.3652643869010174 
0.3652643869010174 
0.3652643869010174 
0.3652643869010174 
0.3652643869010174 
0.3652643869010174 
0.3652643869010174 
0.3652643869010174 
0.3652643869010174 
0.3652643869010174 
0.3652643869010174 
0.3652643869010174 
0.3652643869010174 
0.3652643869010174 
0.3652643869010174 
0.3652643869010174 
0.3652643869010174 
0.3652643869010174 
0.3652643869010174 
0.3652643869010174 
0.3652643869010174 
0.3652643869010174 
0.3652643869010174 
0.3652643869010174 
0.3652643869010174 
0.3652643869010174 
0.3652643869010174 
0.3653632647481833 
0.3653632647481833 
0.3653632647481833 
0.3653632647481833 
0.3653632647481833 
0.3653632647481833 
0.3653632647481833 
0.3653632647481833 
0.3653632647481833 
0.3653632647481833 
0.3653632647481833 
0.3653632647481833 
0.3653632647481833 
0.3653632647481833 
0.3653632647481833 
0.3653632647481833 
0.3653632647481833 
0.3653632647481833 
0.3653632647481833 
0.3653632647481833 
0.3653632647481833 
0.3653632647481833 
0.3653632647481833 
0.3653632647481833 
0.3653632647481833 
0.3653632647481833 
0.3653632647481833 
0.3653632647481833 
0.3653632647481833 
0.3653632647481833 
0.3653632647481833 
0.3653632647481833 
0.3653632647481833 
0.3653632647481833 
0.3653632647481833 
0.3653632647481833 
0.3653632647481833 
0.3653632647481833 
0.3653632647481833 
0.3653632647481833 
0.3653632647481833 
0.3653632647481833 
0.3653632647481833 
0.3653632647481833 
0.3653632647481833 
0.3653632647481833 
0.3653632647481833 
0.3653632647481833 
0.3653632647481833 
0.3653632647481833 
0.3653632647481833 
0.3653632647481833 
0.3653632647481833 
0.3653632647481833 
0.3653632647481833 
0.3653632647481833 
0.3653632647481833 
0.3653632647481833 
0.3653632647481833 
0.3653632647481833 
0.3653632647481833 
0.3653632647481833 
0.3653632647481833 
0.3653632647481833 
0.3653632647481833 
0.3653632647481833 
0.3653632647481833 
0.3653632647481833 
0.3653632647481833 
0.3653632647481833 
0.3653632647481833 
0.3653632647481833 
0.3653632647481833 
0.3653632647481833 
0.3653632647481833 
0.3653632647481833 
0.3653632647481833 
0.3653632647481833 
0.3653632647481833 
0.3653632647481833 
0.3653632647481833 
0.3653632647481833 
0.3653632647481833 
0.3653632647481833 
0.3653632647481833 
0.3653632647481833 
0.3653632647481833 
0.3653632647481833 
0.3653632647481833 
0.3653632647481833 
0.3653632647481833 
0.3653632647481833 
0.3653632647481833 
0.3653632647481833 
0.3653632647481833 
0.3653632647481833 
0.3653632647481833 
0.36555506833813495 
0.36555506833813495 
0.36555506833813495 
0.36555506833813495 
0.36555506833813495 
0.36555506833813495 
0.36555506833813495 
0.36555506833813495 
0.36555506833813495 
0.36555506833813495 
0.36555506833813495 
0.36555506833813495 
0.36555506833813495 
0.36555506833813495 
0.36555506833813495 
0.36555506833813495 
0.36555506833813495 
0.36555506833813495 
0.36555506833813495 
0.36555506833813495 
0.36555506833813495 
0.36555506833813495 
0.36555506833813495 
0.36555506833813495 
0.36555506833813495 
0.36555506833813495 
0.36555506833813495 
0.36555506833813495 
0.36555506833813495 
0.36555506833813495 
0.36555506833813495 
0.36555506833813495 
0.36555506833813495 
0.36555506833813495 
0.36555506833813495 
0.36555506833813495 
0.36555506833813495 
0.36555506833813495 
0.36555506833813495 
0.36555506833813495 
0.36555506833813495 
0.36555506833813495 
0.36555506833813495 
0.36555506833813495 
0.36555506833813495 
0.36555506833813495 
0.36555506833813495 
0.36555506833813495 
0.36555506833813495 
0.36555506833813495 
0.36544154480201624 
0.36544154480201624 
0.36544154480201624 
0.36544154480201624 
0.36544154480201624 
0.36544154480201624 
0.36544154480201624 
0.36544154480201624 
0.36544154480201624 
0.36544154480201624 
0.36544154480201624 
0.36544154480201624 
0.36544154480201624 
0.36544154480201624 
0.36544154480201624 
0.36544154480201624 
0.36544154480201624 
0.36544154480201624 
0.36544154480201624 
0.36544154480201624 
0.36544154480201624 
0.36544154480201624 
0.36544154480201624 
0.36544154480201624 
0.36544154480201624 
0.36544154480201624 
0.36544154480201624 
0.36544154480201624 
0.36544154480201624 
0.36544154480201624 
0.36544154480201624 
0.36544154480201624 
0.36544154480201624 
0.36544154480201624 
0.36544154480201624 
0.36544154480201624 
0.36544154480201624 
0.36544154480201624 
0.36544154480201624 
0.36544154480201624 
0.36544154480201624 
0.36544154480201624 
0.36544154480201624 
0.36544154480201624 
0.36544154480201624 
0.36544154480201624 
0.36544154480201624 
0.36544154480201624 
0.36544154480201624 
0.36544154480201624 
0.36544154480201624 
0.36544154480201624 
0.36544154480201624 
0.36544154480201624 
0.36544154480201624 
0.36544154480201624 
0.36544154480201624 
0.36544154480201624 
0.36544154480201624 
0.36544154480201624 
0.36544154480201624 
0.36544154480201624 
0.36544154480201624 
0.36544154480201624 
0.36544154480201624 
0.36544154480201624 
0.36544154480201624 
0.36544154480201624 
0.36544154480201624 
0.36544154480201624 
0.36544154480201624 
0.36544154480201624 
0.36544154480201624 
0.36544154480201624 
0.36544154480201624 
0.36544154480201624 
0.36544154480201624 
0.36544154480201624 
0.36544154480201624 
0.36544154480201624 
0.36544154480201624 
0.36544154480201624 
0.36544154480201624 
0.36544154480201624 
0.36544154480201624 
0.36544154480201624 
0.36544154480201624 
0.36544154480201624 
0.36544154480201624 
0.36544154480201624 
0.36544154480201624 
0.36544154480201624 
0.36544154480201624 
0.36544154480201624 
0.36544154480201624 
0.36544154480201624 
0.36544154480201624 
0.36544154480201624 
0.36544154480201624 
0.36544154480201624 
0.36544154480201624 
0.36544154480201624 
0.36544154480201624 
0.36544154480201624 
0.36544154480201624 
0.36544154480201624 
0.36544154480201624 
0.36544154480201624 
0.36544154480201624 
0.36544154480201624 
0.36544154480201624 
0.36544154480201624 
0.36544154480201624 
0.36544154480201624 
0.36544154480201624 
0.36544154480201624 
0.36544154480201624 
0.36544154480201624 
0.36544154480201624 
0.36544154480201624 
0.36544154480201624 
0.36544154480201624 
0.36544154480201624 
0.36544154480201624 
0.36544154480201624 
0.36544154480201624 
0.36544154480201624 
0.36544154480201624 
0.36544154480201624 
0.36544154480201624 
0.36544154480201624 
0.36544154480201624 
0.36544154480201624 
0.36544154480201624 
0.36544154480201624 
0.36544154480201624 
0.36544154480201624 
0.36544154480201624 
0.36544154480201624 
0.36544154480201624 
0.36544154480201624 
0.36544154480201624 
0.36544154480201624 
0.36544154480201624 
0.36544154480201624 
0.36544154480201624 
0.36544154480201624 
0.36544154480201624 
0.36544154480201624 
0.36544154480201624 
0.36544154480201624 
0.36544154480201624 
0.36544154480201624 
0.36544154480201624 
0.36544154480201624 
0.36544154480201624 
0.36544154480201624 
0.36544154480201624 
0.36544154480201624 
0.36544154480201624 
0.36544154480201624 
0.36544154480201624 
0.36544154480201624 
0.36544154480201624 
0.36544154480201624 
0.36544154480201624 
0.36544154480201624 
0.36544154480201624 
0.36544154480201624 
0.36544154480201624 
0.36544154480201624 
0.36544154480201624 
0.36544154480201624 
0.36544154480201624 
0.36544154480201624 
0.36544154480201624 
0.36544154480201624 
0.36544154480201624 
0.36544154480201624 
0.36544154480201624 
0.36544154480201624 
0.36544154480201624 
0.36544154480201624 
0.36544154480201624 
0.36544154480201624 
0.36544154480201624 
0.36544154480201624 
0.36544154480201624 
0.36544154480201624 
0.36544154480201624 
0.36544154480201624 
0.36544154480201624 
0.36544154480201624 
0.36544154480201624 
0.36544154480201624 
0.36544154480201624 
0.36544154480201624 
0.36544154480201624 
0.36544154480201624 
0.36544154480201624 
0.36544154480201624 
0.36544154480201624 
0.36544154480201624 
0.36544154480201624 
0.36544154480201624 
0.36544154480201624 
0.36544154480201624 
0.36544154480201624 
0.36544154480201624 
0.36544154480201624 
0.36544154480201624 
0.36544154480201624 
0.36544154480201624 
0.36544154480201624 
0.36544154480201624 
0.36544154480201624 
0.36544154480201624 
0.36544154480201624 
0.36544154480201624 
0.36544154480201624 
0.36544154480201624 
0.36544154480201624 
0.36544154480201624 
0.36544154480201624 
0.36544154480201624 
0.36544154480201624 
0.36544154480201624 
0.36544154480201624 
0.36544154480201624 
0.36544154480201624 
0.36544154480201624 
0.36544154480201624 
0.36544154480201624 
0.36544154480201624 
0.36544154480201624 
0.36544154480201624 
0.36544154480201624 
0.36544154480201624 
0.36544154480201624 
0.36544154480201624 
0.36544154480201624 
0.36544154480201624 
0.36544154480201624 
0.36544154480201624 
0.36544154480201624 
0.36544154480201624 
0.36544154480201624 
0.36544154480201624 
0.36544154480201624 
0.36544154480201624 
0.36544154480201624 
0.36544154480201624 
0.36544154480201624 
0.36544154480201624 
0.36544154480201624 
0.36544154480201624 
0.36544154480201624 
0.36544154480201624 
0.36544154480201624 
0.36544154480201624 
0.36544154480201624 
0.36544154480201624 
0.36544154480201624 
0.36544154480201624 
0.36544154480201624 
0.36544154480201624 
0.36544154480201624 
0.36544154480201624 
0.36544154480201624 
0.36544154480201624 
0.36544154480201624 
0.36544154480201624 
0.36544154480201624 
0.36544154480201624 
0.36544154480201624 
0.36544154480201624 
0.36544154480201624 
0.36544154480201624 
0.36544154480201624 
0.36544154480201624 
0.36544154480201624 
0.36544154480201624 
0.36544154480201624 
0.36544154480201624 
0.36544154480201624 
0.36544154480201624 
0.36544154480201624 
0.36544154480201624 
0.36544154480201624 
0.36544154480201624 
0.36544154480201624 
0.36544154480201624 
0.36544154480201624 
0.36544154480201624 
0.36544154480201624 
0.36544154480201624 
0.36544154480201624 
0.36544154480201624 
0.36544154480201624 
0.36544154480201624 
0.36544154480201624 
0.36544154480201624 
0.36544154480201624 
0.36544154480201624 
0.36544154480201624 
0.36544154480201624 
0.36544154480201624 
0.36544154480201624 
0.36544154480201624 
0.36544154480201624 
0.36544154480201624 
0.36544154480201624 
0.36544154480201624 
0.36544154480201624 
0.36544154480201624 
0.36544154480201624 
0.36544154480201624 
0.36544154480201624 
0.36544154480201624 
0.36544154480201624 
0.36544154480201624 
0.36544154480201624 
0.36544154480201624 
0.36544154480201624 
0.36544154480201624 
0.36544154480201624 
0.36544154480201624 
0.36544154480201624 
0.36544154480201624 
0.36544154480201624 
0.36544154480201624 
0.36544154480201624 
0.36544154480201624 
0.36544154480201624 
0.36544154480201624 
0.36544154480201624 
0.36544154480201624 
0.36544154480201624 
0.36544154480201624 
0.36544154480201624 
0.36544154480201624 
0.36544154480201624 
0.36544154480201624 
0.36544154480201624 
0.36544154480201624 
0.36544154480201624 
0.36544154480201624 
0.36544154480201624 
0.36544154480201624 
0.36544154480201624 
0.36544154480201624 
0.36544154480201624 
0.36544154480201624 
0.36544154480201624 
0.36544154480201624 
0.36544154480201624 
0.36544154480201624 
0.36544154480201624 
0.36544154480201624 
0.36544154480201624 
0.36544154480201624 
0.36544154480201624 
0.36544154480201624 
0.36544154480201624 
0.36544154480201624 
0.36544154480201624 
0.36544154480201624 
0.36544154480201624 
0.36544154480201624 
0.36544154480201624 
0.36544154480201624 
0.36544154480201624 
0.36544154480201624 
0.36544154480201624 
0.36544154480201624 
0.36544154480201624 
0.36544154480201624 
0.36544154480201624 
0.36544154480201624 
0.36544154480201624 
0.36544154480201624 
0.36544154480201624 
0.36544154480201624 
0.36544154480201624 
0.36544154480201624 
0.36544154480201624 
0.36544154480201624 
0.36544154480201624 
0.36544154480201624 
0.36544154480201624 
0.36544154480201624 
0.36544154480201624 
0.36544154480201624 
0.36544154480201624 
0.36544154480201624 
0.36544154480201624 
0.36544154480201624 
0.36544154480201624 
0.36544154480201624 
0.36544154480201624 
0.36544154480201624 
0.36544154480201624 
0.36544154480201624 
0.36544154480201624 
0.36544154480201624 
0.36544154480201624 
0.36544154480201624 
0.36544154480201624 
0.36544154480201624 
0.36544154480201624 
0.36544154480201624 
0.36544154480201624 
0.36544154480201624 
0.36544154480201624 
0.36544154480201624 
0.36544154480201624 
0.36544154480201624 
0.36544154480201624 
0.36544154480201624 
0.36544154480201624 
0.36544154480201624 
0.36544154480201624 
0.36544154480201624 
0.36544154480201624 
0.36544154480201624 
0.36544154480201624 
0.36544154480201624 
0.36544154480201624 
0.36544154480201624 
0.36544154480201624 
0.36544154480201624 
0.36544154480201624 
0.36544154480201624 
0.36544154480201624 
0.36544154480201624 
0.36544154480201624 
0.36544154480201624 
0.36544154480201624 
0.36544154480201624 
0.36544154480201624 
0.36544154480201624 
0.36544154480201624 
0.36544154480201624 
0.36544154480201624 
0.36544154480201624 
0.36544154480201624 
0.36544154480201624 
0.36544154480201624 
0.36544154480201624 
0.36544154480201624 
0.36544154480201624 
0.36544154480201624 
0.36544154480201624 
0.36544154480201624 
0.36544154480201624 
0.36544154480201624 
0.36544154480201624 
0.36544154480201624 
0.36544154480201624 
0.36544154480201624 
0.36544154480201624 
0.36544154480201624 
0.36544154480201624 
0.36544154480201624 
0.36544154480201624 
0.36544154480201624 
0.36544154480201624 
0.36544154480201624 
0.36544154480201624 
0.36544154480201624 
0.36544154480201624 
0.36544154480201624 
0.36544154480201624 
0.36544154480201624 
0.36544154480201624 
0.36544154480201624 
0.36544154480201624 
0.36544154480201624 
0.36544154480201624 
0.36544154480201624 
0.36544154480201624 
0.36544154480201624 
0.36544154480201624 
0.36544154480201624 
0.36544154480201624 
0.36544154480201624 
0.36544154480201624 
0.36544154480201624 
0.36544154480201624 
0.36544154480201624 
0.36544154480201624 
0.36544154480201624 
0.36544154480201624 
0.36544154480201624 
0.36544154480201624 
0.36544154480201624 
0.36544154480201624 
0.36544154480201624 
0.36544154480201624 
0.36544154480201624 
0.36544154480201624 
0.36544154480201624 
0.36544154480201624 
0.36544154480201624 
0.36544154480201624 
0.36544154480201624 
0.36544154480201624 
0.36544154480201624 
0.36544154480201624 
0.36544154480201624 
0.36544154480201624 
0.36544154480201624 
0.36544154480201624 
0.36544154480201624 
0.36544154480201624 
0.36544154480201624 
0.36544154480201624 
0.36544154480201624 
0.36544154480201624 
0.36544154480201624 
0.36544154480201624 
0.36544154480201624 
0.36544154480201624 
0.36544154480201624 
0.36544154480201624 
0.36544154480201624 
0.36544154480201624 
0.36544154480201624 
0.36544154480201624 
0.36544154480201624 
0.36544154480201624 
0.36544154480201624 
0.36544154480201624 
0.36544154480201624 
0.36544154480201624 
0.36544154480201624 
0.36544154480201624 
0.36544154480201624 
0.36544154480201624 
0.36544154480201624 
0.36544154480201624 
0.36544154480201624 
0.36544154480201624 
0.36544154480201624 
0.36544154480201624 
0.36544154480201624 
0.36544154480201624 
0.36544154480201624 
0.36544154480201624 
0.36544154480201624 
0.36544154480201624 
0.36544154480201624 
0.36544154480201624 
0.36544154480201624 
0.36544154480201624 
0.36544154480201624 
0.36544154480201624 
0.36544154480201624 
0.36544154480201624 
0.36544154480201624 
0.36544154480201624 
0.36544154480201624 
0.36544154480201624 
0.36544154480201624 
0.36544154480201624 
0.36544154480201624 
0.36544154480201624 
0.36544154480201624 
0.36544154480201624 
0.36544154480201624 
0.36544154480201624 
0.36544154480201624 
0.36544154480201624 
0.36544154480201624 
0.36544154480201624 
0.36544154480201624 
0.36544154480201624 
0.36544154480201624 
0.36544154480201624 
0.36544154480201624 
0.36544154480201624 
0.36544154480201624 
0.36544154480201624 
0.36544154480201624 
0.36544154480201624 
0.36544154480201624 
0.36544154480201624 
0.36544154480201624 
0.36544154480201624 
0.36544154480201624 
0.36544154480201624 
0.36544154480201624 
0.36544154480201624 
0.36544154480201624 
0.36544154480201624 
0.36544154480201624 
0.36544154480201624 
0.36544154480201624 
0.36544154480201624 
0.36544154480201624 
0.36544154480201624 
0.36544154480201624 
0.36544154480201624 
0.36544154480201624 
0.36544154480201624 
0.36544154480201624 
0.36544154480201624 
0.36544154480201624 
0.36544154480201624 
0.36544154480201624 
0.36544154480201624 
0.36544154480201624 
0.36544154480201624 
0.36544154480201624 
0.36544154480201624 
0.36544154480201624 
0.36544154480201624 
0.36544154480201624 
0.36544154480201624 
0.36544154480201624 
0.36544154480201624 
0.36544154480201624 
0.36544154480201624 
0.36544154480201624 
0.36544154480201624 
0.36544154480201624 
0.36544154480201624 
0.36544154480201624 
0.36544154480201624 
0.36544154480201624 
0.36544154480201624 
0.36544154480201624 
0.36544154480201624 
0.36544154480201624 
0.36544154480201624 
0.36544154480201624 
0.36544154480201624 
0.36544154480201624 
0.36544154480201624 
0.36544154480201624 
0.36544154480201624 
0.36544154480201624 
0.36544154480201624 
0.36544154480201624 
0.36544154480201624 
0.36544154480201624 
0.36544154480201624 
0.36544154480201624 
0.36544154480201624 
0.36544154480201624 
0.36544154480201624 
0.36544154480201624 
0.36544154480201624 
0.36544154480201624 
0.36544154480201624 
0.36544154480201624 
0.36544154480201624 
0.36544154480201624 
0.36544154480201624 
0.36544154480201624 
0.36544154480201624 
0.36544154480201624 
0.36544154480201624 
0.36544154480201624 
0.36544154480201624 
0.36544154480201624 
0.36544154480201624 
0.36544154480201624 
0.36544154480201624 
0.36544154480201624 
0.36544154480201624 
0.36544154480201624 
0.36544154480201624 
0.36544154480201624 
0.36544154480201624 
0.36544154480201624 
0.36544154480201624 
0.36544154480201624 
0.36544154480201624 
0.36544154480201624 
0.36544154480201624 
0.36544154480201624 
0.36544154480201624 
0.36544154480201624 
0.36544154480201624 
0.36544154480201624 
0.36544154480201624 
0.36544154480201624 
0.36544154480201624 
0.36544154480201624 
0.36544154480201624 
0.36544154480201624 
0.36544154480201624 
0.36544154480201624 
0.36544154480201624 
0.36544154480201624 
0.36544154480201624 
0.36544154480201624 
0.36544154480201624 
0.36544154480201624 
0.36544154480201624 
0.36544154480201624 
0.36544154480201624 
0.36544154480201624 
0.36544154480201624 
0.36544154480201624 
0.36544154480201624 
0.36544154480201624 
0.36544154480201624 
0.36544154480201624 
0.36544154480201624 
0.36544154480201624 
0.36544154480201624 
0.36544154480201624 
0.36544154480201624 
0.36544154480201624 
0.36544154480201624 
0.36544154480201624 
0.36544154480201624 
0.36544154480201624 
0.36544154480201624 
0.36544154480201624 
0.36544154480201624 
0.36544154480201624 
0.36544154480201624 
0.36544154480201624 
0.36544154480201624 
0.36544154480201624 
0.36544154480201624 
