0.0160405306645385 
0.01598979474539933 
0.0159449051423958 
0.01591477301126221 
0.01587892389300988 
0.015823619813430806 
0.01576474243367141 
0.015657982500948197 
0.015608758566907233 
0.015593877773023616 
0.015542490920055253 
0.015491264118850987 
0.01549580588417395 
0.015460090556009044 
0.015413363552450193 
0.015398401995012339 
0.015377373507852374 
0.015309372815370328 
0.015282772523334893 
0.01525647403563484 
0.015262188571761261 
0.015236190600015478 
0.015204788719347597 
0.015178249701464266 
0.015120234918809958 
0.015083460610881045 
0.01504623487786895 
0.015014043559281424 
0.014987303426567438 
0.014955387524233534 
0.014901927928962748 
0.014907456389337518 
0.014891531015983547 
0.014913004258029298 
0.01489687430302075 
0.014875429405566751 
0.014864669522058 
0.014826967862648114 
0.014762078986375871 
0.014756691228049734 
0.014756517746406161 
0.01475658713930833 
0.014767425774318284 
0.014762113669796746 
0.014767529786663711 
0.014778308428233591 
0.014783696966591273 
0.014794558999848561 
0.014789165764166688 
0.014767529786663711 
0.014789183074125493 
0.014799980540527748 
0.014810752850547471 
0.014778360396200925 
0.014756691228049734 
0.014745844702830692 
0.014740420618150623 
0.014745827341997465 
0.014734990193413771 
0.014762078986375868 
0.014745844702830692 
0.014751262454447753 
0.014756691228049734 
0.014756691228049734 
0.014767425774318284 
0.014778360396200925 
0.01477294825009551 
0.014778343073565453 
0.01478374025745853 
0.014762035631985177 
0.014789131144188289 
0.014789079214068737 
0.014789009973625686 
0.014783696966591273 
0.014767425774318284 
0.014761974935624297 
0.014756326914242581 
0.014755910544591952 
0.014761411314640618 
0.014722980133111638 
0.014728310697428948 
0.014739369864414148 
0.0147285105832192 
0.01473895301573351 
0.014728310697428948 
0.014712300160070146 
0.01470102037274964 
0.014722771478223793 
0.01473895301573351 
0.014744021703727923 
0.01473363498937041 
0.014744698843991355 
0.014755338017138069 
0.014766177569025778 
0.01476657631274088 
0.014782909050657114 
0.014777580857501676 
0.014777736768531235 
0.014793892793987662 
0.014810182443170642 
0.01481002687370958 
0.014809854016836224 
0.014815343397977654 
0.014815507551211334 
0.014815507551211334 
0.014820653696784094 
0.01483144551282848 
0.01483144551282848 
0.01483144551282848 
0.014836745734830127 
0.01485300562175885 
0.014842401961946725 
0.014842557192074416 
0.014837090819968719 
0.014831618118061156 
0.01482613907934227 
0.014831255644752404 
0.01482575920484344 
0.014820463690451795 
0.014820463690451795 
0.014804358277210126 
0.014820463690451795 
0.014836547307240995 
0.014852816029292224 
0.014847327570980576 
0.014831255644752404 
0.014836745734830127 
0.014825957776818333 
0.01482575920484344 
0.014820463690451795 
0.01483144551282848 
0.014842039752001745 
0.014852609198386659 
0.014863584493654283 
0.014895636945092345 
0.014890370579673294 
0.014885098051406986 
0.014895843178551527 
0.014901309472660447 
0.014906769468935916 
0.01491749898609013 
0.014928392277804063 
0.01494453960481888 
0.014949966688926097 
0.014949966688926097 
0.01496080211753367 
0.014966210475601364 
0.014960665225851424 
0.01494468520913037 
0.01494492502490394 
0.014944813682344791 
0.014934215212055839 
0.014939397578215797 
0.014955721313263363 
0.014950411900680196 
0.014950411900680196 
0.014955798340443081 
0.014955798340443081 
0.014955798340443081 
0.01496111011923915 
0.014977102523519028 
0.014993158973345144 
0.014998453253585849 
0.014993158973345144 
0.015009193982356282 
0.015019773633447343 
0.015025139466906789 
0.015040970181474331 
0.015030218095556698 
0.015024832777771606 
0.015024832777771606 
0.015030090352356505 
0.015030090352356505 
0.015035341831830761 
0.015040587222578778 
0.015045826530968644 
0.015051221345791179 
0.015051221345791179 
0.015056609977016739 
0.015056609977016739 
0.01505136591808199 
0.015051493480714795 
0.015056745996396432 
0.015062119903917908 
0.015067368715207046 
0.0150568650123457 
0.0150568650123457 
0.01504623487786895 
0.015056745996396432 
0.015056745996396432 
0.015056745996396432 
0.015062119903917908 
0.015062119903917908 
0.015062119903917908 
0.01506748764724896 
0.01506748764724896 
0.015072849232975164 
0.015083553957870803 
0.015083553957870803 
0.015083630332250922 
0.015099497210172265 
0.015110089873988175 
0.015110089873988175 
0.015104830485642665 
0.015104830485642665 
0.01511015764312206 
0.015115343198220806 
0.015120675117202935 
0.015120675117202935 
0.015115419411977955 
0.015115419411977955 
0.015120742838895185 
0.015126000925558613 
0.015126000925558613 
0.01512592476511767 
0.01512592476511767 
0.01512592476511767 
0.015120590464661094 
0.015115419411977955 
0.015115419411977955 
0.015115419411977955 
0.015120675117202935 
0.015120675117202935 
0.015120675117202935 
0.015120675117202935 
0.015131168362026775 
0.015120675117202935 
0.015120675117202935 
0.015120675117202935 
0.015115419411977955 
0.015120742838895185 
0.015120742838895185 
0.015120742838895185 
0.015115478689078954 
0.015115478689078954 
0.015120793629965325 
0.015120793629965325 
0.015126102472216693 
0.015126102472216693 
0.015131405222252162 
0.015131405222252162 
0.015131405222252162 
0.015131405222252162 
0.015147243181516563 
0.01514197556463489 
0.01514197556463489 
0.01514197556463489 
0.01514197556463489 
0.01514197556463489 
0.015131422140697813 
0.015131422140697813 
0.015131422140697813 
0.015131422140697813 
0.015131422140697813 
0.015131422140697813 
0.015131422140697813 
0.01512613632095123 
0.01512613632095123 
0.01512613632095123 
0.01512613632095123 
0.01512613632095123 
0.01512613632095123 
0.01512613632095123 
0.01512613632095123 
0.01512613632095123 
0.015131422140697815 
0.015126127858774693 
0.015131405222252165 
0.015131405222252165 
0.015131405222252165 
0.015131405222252165 
0.015126127858774697 
0.015126127858774697 
0.015131422140697815 
0.015136701886474478 
0.015136701886474478 
0.015136701886474478 
0.015136701886474478 
0.015141992471270085 
0.015141992471270085 
0.015147268532643105 
0.01514197556463489 
0.015147243181516565 
0.015147243181516565 
0.015147243181516565 
0.015147243181516565 
0.015141975564634886 
0.015136701886474478 
0.015131422140697815 
0.015126127858774697 
0.015126127858774697 
0.015126127858774697 
0.015120827490583974 
0.015120827490583974 
0.015126102472216695 
0.015126102472216695 
0.015126102472216695 
0.015126102472216695 
0.015126102472216695 
0.01513137138530411 
0.015126102472216695 
0.01513137138530411 
0.01513663423618342 
0.01513663423618342 
0.01513663423618342 
0.01513663423618342 
0.015131320629740154 
0.01513663423618342 
0.01513663423618342 
0.01513663423618342 
0.01513663423618342 
0.01513663423618342 
0.01513663423618342 
0.015141941751307857 
0.015141941751307857 
0.01513663423618342 
0.01513663423618342 
0.01513663423618342 
0.01513663423618342 
0.01513663423618342 
0.01513663423618342 
0.01513663423618342 
0.01514189103117573 
0.01514189103117573 
0.015147200929544706 
0.015152454058666536 
0.015152454058666536 
0.015157760256713391 
0.015157760256713391 
0.015157760256713391 
0.015157760256713391 
0.015157760256713391 
0.015157760256713391 
0.015157760256713391 
0.015147200929544706 
0.015147200929544706 
0.015147200929544706 
0.015147200929544706 
0.015147200929544706 
0.015147200929544706 
0.015147200929544706 
0.015147200929544706 
0.015147200929544706 
0.015147200929544706 
0.015147200929544706 
0.015147200929544706 
0.015147200929544706 
0.015147200929544706 
0.015147200929544706 
0.015147200929544706 
0.015147200929544706 
0.015147200929544706 
0.015147200929544706 
0.015147200929544706 
0.015147200929544706 
0.015147200929544706 
0.015147200929544706 
0.015152504743440933 
0.015152504743440933 
0.015152504743440933 
0.015152504743440933 
0.015152504743440933 
0.015152504743440933 
0.015152504743440933 
0.015152504743440933 
0.015152504743440933 
0.015152504743440933 
0.015152504743440933 
0.015152504743440933 
0.015152504743440933 
0.015152504743440933 
0.015152504743440933 
0.015152504743440933 
0.015152504743440933 
0.015152504743440933 
0.015152504743440933 
0.015152504743440933 
0.015152504743440933 
0.015152504743440933 
0.015152504743440933 
0.015152504743440933 
0.015152504743440933 
0.015152504743440933 
0.015152504743440933 
0.015152504743440933 
0.015152504743440933 
0.015152504743440933 
0.015152504743440933 
0.015152504743440933 
0.015152504743440933 
0.015152504743440933 
0.015152504743440933 
0.015152504743440933 
0.015152504743440933 
0.015152504743440933 
0.015152504743440933 
0.015152504743440933 
0.015152504743440933 
0.015152504743440933 
0.015152504743440933 
0.015152504743440933 
0.015152504743440933 
0.015157802479251406 
0.015157802479251406 
0.015157802479251406 
0.015157802479251406 
0.015157802479251406 
0.015157802479251406 
0.015157802479251406 
0.015157802479251406 
0.015157802479251406 
0.015157802479251406 
0.015157802479251406 
0.015157802479251406 
0.015157802479251406 
0.015157802479251406 
0.015157802479251406 
0.015157802479251406 
0.015157802479251406 
0.015157802479251406 
0.015157802479251406 
0.015157802479251406 
0.015157802479251406 
0.015157802479251406 
0.015157802479251406 
0.015157802479251406 
0.015157802479251406 
0.015157802479251406 
0.015157802479251406 
0.015157802479251406 
0.015157802479251406 
0.015157802479251406 
0.015157802479251406 
0.015157802479251406 
0.015157802479251406 
0.015157802479251406 
0.015157802479251406 
0.015157802479251406 
0.015157802479251406 
0.015157802479251406 
0.015157802479251406 
0.015157802479251406 
0.015157802479251406 
0.015157802479251406 
0.015157802479251406 
0.015157802479251406 
0.015157802479251406 
0.015157802479251406 
0.015157802479251406 
0.015157802479251406 
0.015157802479251406 
0.015157802479251406 
0.015157802479251406 
0.015157802479251406 
0.015157802479251406 
0.015157802479251406 
0.015163094143346868 
0.015163094143346868 
0.015163094143346868 
0.015163094143346868 
0.015163094143346868 
0.015163094143346868 
0.015163094143346868 
0.015163094143346868 
0.015163094143346868 
0.015163094143346868 
0.015163094143346868 
0.015163094143346868 
0.015163094143346868 
0.015163094143346868 
0.015163094143346868 
0.015163094143346868 
0.015163094143346868 
0.015163094143346868 
0.015163094143346868 
0.015163094143346868 
0.015163094143346868 
0.015163094143346868 
0.015163094143346868 
0.015163094143346868 
0.015163094143346868 
0.015163094143346868 
0.015163094143346868 
0.015163094143346868 
0.015163094143346868 
0.015163094143346868 
0.015163094143346868 
0.015163094143346868 
0.015163094143346868 
0.015163094143346868 
0.015163094143346868 
0.015163094143346868 
0.015163094143346868 
0.015163094143346868 
0.015163094143346868 
0.015163094143346868 
0.015163094143346868 
0.015163094143346868 
0.015163094143346868 
0.015163060377113848 
0.015163060377113848 
0.015163060377113848 
0.015163060377113848 
0.015163060377113848 
0.015163060377113848 
0.015163060377113848 
0.015163060377113848 
0.015163060377113848 
0.015163060377113848 
0.015163060377113848 
0.015163060377113848 
0.015163060377113848 
0.015163060377113848 
0.015163060377113848 
0.015163060377113848 
0.015163060377113848 
0.015163060377113848 
0.015163060377113848 
0.015163060377113848 
0.015163060377113848 
0.015163060377113848 
0.015163060377113848 
0.015163060377113848 
0.015163060377113848 
0.015163060377113848 
0.015163060377113848 
0.015163060377113848 
0.015163060377113848 
0.015163060377113848 
0.015163060377113848 
0.015163060377113848 
0.015163060377113848 
0.015163060377113848 
0.015163060377113848 
0.015163060377113848 
0.015163060377113848 
0.015163060377113848 
0.015163060377113848 
0.015163060377113848 
0.015163060377113848 
0.015163060377113848 
0.015163060377113848 
0.015163060377113848 
0.015163060377113848 
0.015163060377113848 
0.015163060377113848 
0.015163060377113848 
0.015163060377113848 
0.015163060377113848 
0.015163060377113848 
0.015163060377113848 
0.015163060377113848 
0.015163060377113848 
0.015163060377113848 
0.015163060377113848 
0.015163060377113848 
0.015163060377113848 
0.015168312233073262 
0.015168312233073262 
0.015168312233073262 
0.015168312233073262 
0.015168312233073262 
0.015168312233073262 
0.015168312233073262 
0.015168312233073262 
0.015168312233073262 
0.015168312233073262 
0.015168312233073262 
0.015168312233073262 
0.015168312233073262 
0.015168312233073262 
0.015168312233073262 
0.015168312233073262 
0.015168312233073262 
0.015168312233073262 
0.015168312233073262 
0.015168312233073262 
0.015168312233073262 
0.015168312233073262 
0.015168312233073262 
0.015168312233073262 
0.015168312233073262 
0.015168312233073262 
0.015168312233073262 
0.015163009727623338 
0.015163009727623338 
0.015163009727623338 
0.015163009727623338 
0.015163009727623338 
0.015163009727623338 
0.015163009727623338 
0.015163009727623338 
0.015163009727623338 
0.015163009727623338 
0.015163009727623338 
0.015163009727623338 
0.015163009727623338 
0.015163009727623338 
0.015163009727623338 
0.015163009727623338 
0.015163009727623338 
0.015163009727623338 
0.015163009727623338 
0.015163009727623338 
0.015163009727623338 
0.015163009727623338 
0.015163009727623338 
0.015163009727623338 
0.015163009727623338 
0.015163009727623338 
0.015163009727623338 
0.015163009727623338 
0.015163009727623338 
0.015163009727623338 
0.015163009727623338 
0.015163009727623338 
0.015163009727623338 
0.015163009727623338 
0.015163009727623338 
0.015163009727623338 
0.015163009727623338 
0.015163009727623338 
0.015163009727623338 
0.015163009727623338 
0.015163009727623338 
0.015163009727623338 
0.015163009727623338 
0.015163009727623338 
0.015163009727623338 
0.015163009727623338 
0.015163009727623338 
0.015163009727623338 
0.015163009727623338 
0.015163009727623338 
0.015163009727623338 
0.015163009727623338 
0.015163009727623338 
0.015163009727623338 
0.015163009727623338 
0.015163009727623338 
0.015163009727623338 
0.015163009727623338 
0.015163009727623338 
0.015163009727623338 
0.015163009727623338 
0.015163009727623338 
0.015163009727623338 
0.015163009727623338 
0.015163009727623338 
0.015163009727623338 
0.015163009727623338 
0.015163009727623338 
0.015163009727623338 
0.015163009727623338 
0.015163009727623338 
0.015163009727623338 
0.015163009727623338 
0.015163009727623338 
0.015163009727623338 
0.015163009727623338 
0.015163009727623338 
0.015163009727623338 
0.015163009727623338 
0.015163009727623338 
0.015163009727623338 
0.015163009727623338 
0.015163009727623338 
0.015163009727623338 
0.015163009727623338 
0.015163009727623338 
0.015163009727623338 
0.015163009727623338 
0.015163009727623338 
0.015163009727623338 
0.015163009727623338 
0.015163009727623338 
0.015163009727623338 
0.015163009727623338 
0.015163009727623338 
0.015163009727623338 
0.015163009727623338 
0.015162942194706146 
0.015162942194706146 
0.015162942194706146 
0.015162942194706146 
0.015162942194706146 
0.015162942194706146 
0.015162942194706146 
0.015162942194706146 
0.015162942194706146 
0.015162942194706146 
0.015162942194706146 
0.015162942194706146 
0.015162942194706146 
0.015162942194706146 
0.015162942194706146 
0.015162942194706146 
0.015162942194706146 
0.015162942194706146 
0.015162942194706146 
0.015162942194706146 
0.015162942194706146 
0.015162942194706146 
0.015162942194706146 
0.015162942194706146 
0.015162942194706146 
0.015162942194706146 
0.015162942194706146 
0.015162942194706146 
0.015162942194706146 
0.015162942194706146 
0.015162942194706146 
0.015162942194706146 
0.015162942194706146 
0.015162942194706146 
0.015162942194706146 
0.015162942194706146 
0.015162942194706146 
0.015162942194706146 
0.015162942194706146 
0.015162942194706146 
0.015162942194706146 
0.015162942194706146 
0.015162942194706146 
0.015162942194706146 
0.015162942194706146 
0.015162942194706146 
0.015162942194706146 
0.015162942194706146 
0.015162942194706146 
0.015162942194706146 
0.01516825316244425 
0.01516825316244425 
0.01516825316244425 
0.01516825316244425 
0.01516825316244425 
0.01516825316244425 
0.01516825316244425 
0.01516825316244425 
0.01516825316244425 
0.01516825316244425 
0.01516825316244425 
0.01516825316244425 
0.01516825316244425 
0.01516825316244425 
0.01516825316244425 
0.01516825316244425 
0.01516825316244425 
0.01516825316244425 
0.01516825316244425 
0.01516825316244425 
0.01516825316244425 
0.01516825316244425 
0.01516825316244425 
0.01516825316244425 
0.01516825316244425 
0.01516825316244425 
0.01516825316244425 
0.01516825316244425 
0.01516825316244425 
0.01516825316244425 
0.01516825316244425 
0.01516825316244425 
0.01516825316244425 
0.01516825316244425 
0.01516825316244425 
0.01516825316244425 
0.01516825316244425 
0.01516825316244425 
0.01516825316244425 
0.01516825316244425 
0.01516825316244425 
0.01516825316244425 
0.01516825316244425 
0.01516825316244425 
0.01516825316244425 
0.01516825316244425 
0.01516825316244425 
0.01516825316244425 
0.01516825316244425 
0.01516825316244425 
0.01516825316244425 
0.01516825316244425 
0.01516825316244425 
0.01516825316244425 
0.01516825316244425 
0.01516825316244425 
0.01516825316244425 
0.01516825316244425 
0.01516825316244425 
0.01516825316244425 
0.01516825316244425 
0.01516825316244425 
0.01516825316244425 
0.01516825316244425 
0.01516825316244425 
0.01516825316244425 
0.01516825316244425 
0.01516825316244425 
0.01516825316244425 
0.01516825316244425 
0.01516825316244425 
0.01516825316244425 
0.01516825316244425 
0.01516825316244425 
0.01516825316244425 
0.01516825316244425 
0.01516825316244425 
0.01516825316244425 
0.01516825316244425 
0.01516825316244425 
0.01516825316244425 
0.01516825316244425 
0.01516825316244425 
0.01516825316244425 
0.01516825316244425 
0.01516825316244425 
0.01516825316244425 
0.01516825316244425 
0.01516825316244425 
0.01516825316244425 
0.01516825316244425 
0.01516825316244425 
0.01516825316244425 
0.01516825316244425 
0.01516825316244425 
0.01516825316244425 
0.01516825316244425 
0.01516825316244425 
0.01516825316244425 
0.01516825316244425 
0.01516825316244425 
0.01516825316244425 
0.01516825316244425 
0.01516825316244425 
0.01516825316244425 
0.01516825316244425 
0.01516825316244425 
0.01516825316244425 
0.01516825316244425 
0.01516825316244425 
0.01516825316244425 
0.01516825316244425 
0.01516825316244425 
0.01516825316244425 
0.01516825316244425 
0.01516825316244425 
0.01516825316244425 
0.01516825316244425 
0.01516825316244425 
0.01516825316244425 
0.01516825316244425 
0.01516825316244425 
0.01516825316244425 
0.01516825316244425 
0.01516825316244425 
0.01516825316244425 
0.01516825316244425 
0.01516825316244425 
0.01516825316244425 
0.01516825316244425 
0.01516825316244425 
0.01516825316244425 
0.01516825316244425 
0.01516825316244425 
0.01516825316244425 
0.01516825316244425 
0.01516825316244425 
0.01516825316244425 
0.01516825316244425 
0.01516825316244425 
0.01516825316244425 
0.01516825316244425 
0.01516825316244425 
0.01516825316244425 
0.01516825316244425 
0.01516825316244425 
0.01516825316244425 
0.01516825316244425 
0.01516825316244425 
0.01516825316244425 
0.01516825316244425 
0.01516825316244425 
0.01516825316244425 
0.01516825316244425 
0.01516825316244425 
0.01516825316244425 
0.01516825316244425 
0.01516825316244425 
0.01516825316244425 
0.01516825316244425 
0.01516825316244425 
0.01516825316244425 
0.01516825316244425 
0.01516825316244425 
0.01516825316244425 
0.01516825316244425 
0.01516825316244425 
0.01516825316244425 
0.01516825316244425 
0.01516825316244425 
0.01516825316244425 
0.01516825316244425 
0.01516825316244425 
0.01516825316244425 
0.01516825316244425 
0.01516825316244425 
0.01516825316244425 
0.01516825316244425 
0.01516825316244425 
0.01516825316244425 
0.01516825316244425 
0.01516825316244425 
0.01516825316244425 
0.01516825316244425 
0.01516825316244425 
0.01516825316244425 
0.01516825316244425 
0.01516825316244425 
0.01516825316244425 
0.01516825316244425 
0.01516825316244425 
0.01516825316244425 
0.01516825316244425 
0.01516825316244425 
0.01516825316244425 
0.01516825316244425 
0.01516825316244425 
0.01516825316244425 
0.01516825316244425 
0.01516825316244425 
0.01516825316244425 
0.01516825316244425 
0.01516825316244425 
0.01516825316244425 
0.01516825316244425 
0.01516825316244425 
0.01516825316244425 
0.01516825316244425 
0.01516825316244425 
0.01516825316244425 
0.01516825316244425 
0.01516825316244425 
0.01516825316244425 
0.01516825316244425 
0.01516825316244425 
0.01516825316244425 
0.01516825316244425 
0.01516825316244425 
0.01516825316244425 
0.01516825316244425 
0.01516825316244425 
0.01516825316244425 
0.01516825316244425 
0.01516825316244425 
0.01516825316244425 
0.01516825316244425 
0.01516825316244425 
0.01516825316244425 
0.01516825316244425 
0.01516825316244425 
0.01516825316244425 
0.01516825316244425 
0.01516825316244425 
0.01516825316244425 
0.01516825316244425 
0.01516825316244425 
0.01516825316244425 
0.01516825316244425 
0.01516825316244425 
0.01516825316244425 
0.01516825316244425 
0.01516825316244425 
0.01516825316244425 
0.01516825316244425 
0.01516825316244425 
0.01516825316244425 
0.01516825316244425 
0.01516825316244425 
0.01516825316244425 
0.01516825316244425 
0.01516825316244425 
0.01516825316244425 
0.01516825316244425 
0.01516825316244425 
0.01516825316244425 
0.01516825316244425 
0.01516825316244425 
0.01516825316244425 
0.01516825316244425 
0.01516825316244425 
0.01516825316244425 
0.01516825316244425 
0.01516825316244425 
0.01516825316244425 
0.01516825316244425 
0.01516825316244425 
0.01516825316244425 
0.01516825316244425 
0.01516825316244425 
0.01516825316244425 
0.01516825316244425 
0.01516825316244425 
0.01516825316244425 
0.01516825316244425 
0.01516825316244425 
0.01516825316244425 
0.01516825316244425 
0.01516825316244425 
0.01516825316244425 
0.01516825316244425 
0.01516825316244425 
0.01516825316244425 
0.01516825316244425 
0.01516825316244425 
0.01516825316244425 
0.01516825316244425 
0.01516825316244425 
0.01516825316244425 
0.01516825316244425 
0.01516825316244425 
0.01516825316244425 
0.01516825316244425 
0.01516825316244425 
0.01516825316244425 
0.01516825316244425 
0.01516825316244425 
0.01516825316244425 
0.01516825316244425 
0.01516825316244425 
0.01516825316244425 
0.01516825316244425 
0.01516825316244425 
0.01516825316244425 
0.01516825316244425 
0.01516825316244425 
0.01516825316244425 
0.01516825316244425 
0.01516825316244425 
0.01516825316244425 
0.01516825316244425 
0.01516825316244425 
0.01516825316244425 
0.01516825316244425 
0.01516825316244425 
0.01516825316244425 
0.01516825316244425 
0.01516825316244425 
0.01516825316244425 
0.01516825316244425 
0.01516825316244425 
0.01516825316244425 
0.01516825316244425 
0.01516825316244425 
0.01516825316244425 
0.01516825316244425 
0.01516825316244425 
0.01516825316244425 
0.01516825316244425 
0.01516825316244425 
0.01516825316244425 
0.01516825316244425 
0.01516825316244425 
0.01516825316244425 
0.01516825316244425 
0.01516825316244425 
0.01516825316244425 
0.01516825316244425 
0.01516825316244425 
0.01516825316244425 
0.01516825316244425 
0.01516825316244425 
0.01516825316244425 
0.01516825316244425 
0.01516825316244425 
0.01516825316244425 
0.01516825316244425 
0.01516825316244425 
0.01516825316244425 
0.01516825316244425 
0.01516825316244425 
0.01516825316244425 
0.01516825316244425 
0.01516825316244425 
0.01516825316244425 
0.01516825316244425 
0.01516825316244425 
0.01516825316244425 
0.01516825316244425 
0.01516825316244425 
0.01516825316244425 
0.01516825316244425 
0.01516825316244425 
0.01516825316244425 
0.01516825316244425 
0.01516825316244425 
0.01516825316244425 
0.01516825316244425 
0.01516825316244425 
0.01516825316244425 
0.01516825316244425 
0.01516825316244425 
0.01516825316244425 
0.01516825316244425 
0.01516825316244425 
0.01516825316244425 
0.01516825316244425 
0.01516825316244425 
0.01516825316244425 
0.01516825316244425 
0.01516825316244425 
0.01516825316244425 
0.01516825316244425 
0.01516825316244425 
0.01516825316244425 
0.01516825316244425 
0.01516825316244425 
0.01516825316244425 
0.01516825316244425 
0.01516825316244425 
0.01516825316244425 
0.01516825316244425 
0.01516825316244425 
0.01516825316244425 
0.01516825316244425 
0.01516825316244425 
0.01516825316244425 
0.01516825316244425 
0.01516825316244425 
0.01516825316244425 
0.01516825316244425 
0.01516825316244425 
0.01516825316244425 
0.01516825316244425 
0.01516825316244425 
0.01516825316244425 
0.01516825316244425 
0.01516825316244425 
0.01516825316244425 
0.01516825316244425 
0.01516825316244425 
0.01516825316244425 
0.01516825316244425 
0.01516825316244425 
0.01516825316244425 
0.01516825316244425 
0.01516825316244425 
0.01516825316244425 
0.01516825316244425 
0.01516825316244425 
0.01516825316244425 
0.01516825316244425 
0.01516825316244425 
0.01516825316244425 
0.01516825316244425 
0.01516825316244425 
0.01516825316244425 
0.01516825316244425 
0.01516825316244425 
0.01516825316244425 
0.01516825316244425 
0.01516825316244425 
0.01516825316244425 
0.01516825316244425 
0.01516825316244425 
0.01516825316244425 
0.01516825316244425 
0.01516825316244425 
0.01516825316244425 
0.01516825316244425 
0.01516825316244425 
0.01516825316244425 
0.01516825316244425 
0.01516825316244425 
0.01516825316244425 
0.01516825316244425 
0.01516825316244425 
0.01516825316244425 
0.01516825316244425 
0.01516825316244425 
0.01516825316244425 
0.01516825316244425 
0.01516825316244425 
0.01516825316244425 
0.01516825316244425 
0.01516825316244425 
0.01516825316244425 
0.01516825316244425 
0.01516825316244425 
0.01516825316244425 
0.01516825316244425 
0.01516825316244425 
0.01516825316244425 
0.01516825316244425 
0.01516825316244425 
0.01516825316244425 
0.01516825316244425 
0.01516825316244425 
0.01516825316244425 
0.01516825316244425 
0.01516825316244425 
0.01516825316244425 
0.01516825316244425 
0.01516825316244425 
0.01516825316244425 
0.01516825316244425 
0.01516825316244425 
0.01516825316244425 
0.01516825316244425 
0.01516825316244425 
0.01516825316244425 
0.01516825316244425 
0.01516825316244425 
0.01516825316244425 
0.01516825316244425 
0.01516825316244425 
0.01516825316244425 
0.01516825316244425 
0.01516825316244425 
0.01516825316244425 
0.01516825316244425 
0.01516825316244425 
0.01516825316244425 
0.01516825316244425 
0.01516825316244425 
0.01516825316244425 
0.01516825316244425 
0.01516825316244425 
0.01516825316244425 
0.01516825316244425 
0.01516825316244425 
0.01516825316244425 
0.01516825316244425 
0.01516825316244425 
0.01516825316244425 
0.01516825316244425 
0.01516825316244425 
0.01516825316244425 
0.01516825316244425 
0.01516825316244425 
0.01516825316244425 
0.01516825316244425 
0.01516825316244425 
0.01516825316244425 
0.01516825316244425 
0.01516825316244425 
0.01516825316244425 
0.01516825316244425 
0.01516825316244425 
0.01516825316244425 
0.01516825316244425 
0.01516825316244425 
0.01516825316244425 
0.01516825316244425 
0.01516825316244425 
0.01516825316244425 
0.01516825316244425 
0.01516825316244425 
0.01516825316244425 
0.01516825316244425 
0.01516825316244425 
0.01516825316244425 
0.01516825316244425 
0.01516825316244425 
0.01516825316244425 
0.01516825316244425 
0.01516825316244425 
0.01516825316244425 
0.01516825316244425 
0.01516825316244425 
0.01516825316244425 
0.01516825316244425 
0.01516825316244425 
0.01516825316244425 
0.01516825316244425 
0.01516825316244425 
0.01516825316244425 
0.01516825316244425 
0.01516825316244425 
0.01516825316244425 
0.01516825316244425 
0.01516825316244425 
0.01516825316244425 
0.01516825316244425 
0.01516825316244425 
0.01516825316244425 
0.01516825316244425 
0.01516825316244425 
0.01516825316244425 
0.01516825316244425 
0.01516825316244425 
0.01516825316244425 
0.01516825316244425 
0.01516825316244425 
0.01516825316244425 
0.01516825316244425 
0.01516825316244425 
0.01516825316244425 
0.01516825316244425 
0.01516825316244425 
0.01516825316244425 
0.01516825316244425 
0.01516825316244425 
0.01516825316244425 
0.01516825316244425 
0.01516825316244425 
0.01516825316244425 
0.01516825316244425 
0.01516825316244425 
0.01516825316244425 
0.01516825316244425 
0.01516825316244425 
0.01516825316244425 
0.01516825316244425 
0.01516825316244425 
0.01516825316244425 
0.01516825316244425 
0.01516825316244425 
0.01516825316244425 
0.01516825316244425 
0.01516825316244425 
0.01516825316244425 
0.01516825316244425 
0.01516825316244425 
0.01516825316244425 
0.01516825316244425 
0.01516825316244425 
0.01516825316244425 
0.01516825316244425 
0.01516825316244425 
0.01516825316244425 
0.01516825316244425 
0.01516825316244425 
0.01516825316244425 
0.01516825316244425 
0.01516825316244425 
0.01516825316244425 
0.01516825316244425 
0.01516825316244425 
0.01516825316244425 
0.01516825316244425 
0.01516825316244425 
0.01516825316244425 
0.01516825316244425 
0.01516825316244425 
0.01516825316244425 
0.01516825316244425 
0.01516825316244425 
0.01516825316244425 
0.01516825316244425 
0.01516825316244425 
0.01516825316244425 
0.01516825316244425 
0.01516825316244425 
0.01516825316244425 
0.01516825316244425 
0.01516825316244425 
0.01516825316244425 
0.01516825316244425 
0.01516825316244425 
0.01516825316244425 
0.01516825316244425 
0.01516825316244425 
0.01516825316244425 
0.01516825316244425 
0.01516825316244425 
0.01516825316244425 
0.01516825316244425 
0.01516825316244425 
0.01516825316244425 
0.01516825316244425 
0.01516825316244425 
0.01516825316244425 
0.01516825316244425 
0.01516825316244425 
0.01516825316244425 
0.01516825316244425 
0.01516825316244425 
0.01516825316244425 
0.01516825316244425 
0.01516825316244425 
0.01516825316244425 
0.01516825316244425 
0.01516825316244425 
0.01516825316244425 
0.01516825316244425 
0.01516825316244425 
0.01516825316244425 
0.01516825316244425 
0.01516825316244425 
0.01516825316244425 
0.01516825316244425 
0.01516825316244425 
0.01516825316244425 
0.01516825316244425 
0.01516825316244425 
0.01516825316244425 
0.01516825316244425 
0.01516825316244425 
0.01516825316244425 
0.01516825316244425 
0.01516825316244425 
0.01516825316244425 
0.01516825316244425 
0.01516825316244425 
0.01516825316244425 
0.01516825316244425 
0.01516825316244425 
0.01516825316244425 
0.01516825316244425 
0.01516825316244425 
0.01516825316244425 
0.01516825316244425 
0.01516825316244425 
0.01516825316244425 
0.01516825316244425 
0.01516825316244425 
0.01516825316244425 
0.01516825316244425 
0.01516825316244425 
0.01516825316244425 
0.01516825316244425 
0.01516825316244425 
0.01516825316244425 
0.01516825316244425 
0.01516825316244425 
0.01516825316244425 
0.01516825316244425 
0.01516825316244425 
0.01516825316244425 
0.01516825316244425 
0.01516825316244425 
0.01516825316244425 
0.01516825316244425 
0.01516825316244425 
0.01516825316244425 
0.01516825316244425 
0.01516825316244425 
0.01516825316244425 
0.01516825316244425 
0.01516825316244425 
0.01516825316244425 
0.01516825316244425 
0.01516825316244425 
0.01516825316244425 
0.01516825316244425 
0.01516825316244425 
0.01516825316244425 
0.01516825316244425 
0.01516825316244425 
0.01516825316244425 
0.01516825316244425 
0.01516825316244425 
0.01516825316244425 
0.01516825316244425 
0.01516825316244425 
0.01516825316244425 
0.01516825316244425 
0.01516825316244425 
0.01516825316244425 
