0.01622824402084218 
0.016213414692778323 
0.016188813915787654 
0.016154254424144743 
0.01611948187752944 
0.01608475750516619 
0.016044918946507645 
0.01601494302206536 
0.015989964852994518 
0.01594991360478169 
0.01590471426967489 
0.015884581706799836 
0.01586437518467084 
0.0158341221417545 
0.015793667591791336 
0.01575813999176299 
0.01572768260107 
0.01568690460224706 
0.015615344248526833 
0.015625546262451117 
0.0155893933172526 
0.015574041993008752 
0.01554846667681415 
0.015517564757396698 
0.0154658415871882 
0.01544 
0.015439908808020854 
0.015382756059952327 
0.015346452358770088 
0.015304692090989612 
0.015268097982394533 
0.01522612281574006 
0.015194683280674198 
0.015178856873954639 
0.015157802479251404 
0.015131405222252163 
0.015126102472216693 
0.015094361331305144 
0.015062536307010186 
0.01503595477513816 
0.015003997334044016 
0.014987961035444414 
0.01497192038450646 
0.014961110119239144 
0.014923386210910715 
0.014901927928962751 
0.014880550527450253 
0.014864617855834707 
0.01483229125927616 
0.014826967862648114 
0.014799997837837676 
0.014783774890061063 
0.01477294825009551 
0.01475119303649708 
0.014713239752005676 
0.014691491959634323 
0.014669694475346102 
0.014653327267211363 
0.014636937384576049 
0.01465331853199131 
0.01465331853199131 
0.014620454712490991 
0.014609550848674302 
0.01459859500088964 
0.014565704377063267 
0.014549206988698733 
0.014532712891955171 
0.014505169285465096 
0.014488580882888428 
0.01448307370691733 
0.014460873555909408 
0.01444953923140804 
0.014427482663306165 
0.014388448700259524 
0.014371694402540016 
0.014349268413407003 
0.01433260674127355 
0.014332454918819737 
0.014326789451932349 
0.014332285232997564 
0.014310262611147291 
0.014299426561928978 
0.01427711119239463 
0.014265819289476506 
0.014232321525316944 
0.014204168402268397 
0.014192845521599957 
0.014181495548777638 
0.01415330010986837 
0.014113639360561824 
0.014090948016368524 
0.014074007815828439 
0.014073944152226838 
0.014068220072205295 
0.01405110671797777 
0.014039797149531756 
0.014011312001379457 
0.01402281797642685 
0.014011366814126307 
0.01400567656345098 
0.013988454668046789 
0.013971362710916929 
0.01394839402942145 
0.013948439912764439 
0.013936964375358072 
0.01391965746704997 
0.013890921351731858 
0.013879444369282224 
0.013867911738974979 
0.013867939428768787 
0.013867948658687772 
0.013862176452491144 
0.01383328391959046 
0.01383905430295004 
0.013815874927054024 
0.013809992903691153 
0.01379831873816517 
0.013804066647187705 
0.01379831873816517 
0.013798216696370585 
0.013786616118540474 
0.013775005771323654 
0.013769008678913673 
0.013751634666467838 
0.013751634666467838 
0.013745748433606661 
0.013734103538272893 
0.0137168066254504 
0.013722691281231974 
0.013705239873858466 
0.013693710088942294 
0.01367619830215985 
0.013658687491849281 
0.013646977687385584 
0.013641111978134333 
0.01363524843924745 
0.013629377682051372 
0.013617614475377102 
0.01359996235288907 
0.013594114020413392 
0.013582339121079255 
0.013570535140516751 
0.013552850032373265 
0.013541010892839576 
0.01352331083721734 
0.01351739619897264 
0.013505544935321936 
0.013511474234886436 
0.01349962725411335 
0.013487769867550379 
0.013481830142825564 
0.013481839637082174 
0.013481839637082174 
0.01348775088737926 
0.013469957089760903 
0.013452077906405388 
0.013452077906405388 
0.01344021666492025 
0.013434246387497888 
0.013422331243118686 
0.013422331243118688 
0.013422283561302078 
0.01342821149669605 
0.01342821149669605 
0.013410290973726112 
0.01339842139955301 
0.013392475499324239 
0.01339846916628911 
0.013404455378716438 
0.01339849782624903 
0.013392513729692421 
0.013392513729692421 
0.013392418153567337 
0.013374449670921044 
0.013368502683546874 
0.013368502683546874 
0.013368502683546874 
0.013350569126445508 
0.01333851206094593 
0.013314413242798195 
0.013308352865775688 
0.013308352865775688 
0.013308352865775688 
0.013302390762565952 
0.013296324905777535 
0.013290251464889593 
0.013296324905777535 
0.013290251464889593 
0.013290251464889593 
0.013290251464889593 
0.013308237449038848 
0.013302284916509644 
0.013296324905777536 
0.013296324905777536 
0.013302284916509644 
0.013314182513395256 
0.013314182513395256 
0.013314182513395256 
0.013314182513395256 
0.013314182513395256 
0.013296209384632902 
0.01329012625974637 
0.01329012625974637 
0.013278207107889226 
0.01327212055400342 
0.013271985533446003 
0.013259924585004244 
0.013253960012011505 
0.013247852656185454 
0.013247852656185454 
0.01322964912611064 
0.013223675737101238 
0.01321141566979103 
0.013223520862463218 
0.013223520862463218 
0.013235440906898417 
0.013229484646047254 
0.013223346626327239 
0.013217384915330263 
0.013211241274006011 
0.013199299375345648 
0.013199299375345648 
0.013199299375345648 
0.013205274097874682 
0.013205274097874682 
0.013199299375345648 
0.013193317096166531 
0.013193317096166531 
0.013187327250053364 
0.013169185851828503 
0.013169185851828503 
0.013169185851828503 
0.013157030668049687 
0.013163291989468289 
0.013157264153310899 
0.013157264153310899 
0.013138959471739 
0.013144990833013159 
0.013151014561622234 
0.013151014561622234 
0.01315087829766514 
0.01315087829766514 
0.013144718178797142 
0.013144718178797142 
0.013150722565699576 
0.013156884737657314 
0.013156884737657314 
0.013156884737657314 
0.013156884737657314 
0.013156884737657314 
0.013163039162746573 
0.013163039162746573 
0.013156884737657318 
0.013150722565699576 
0.013144552635978145 
0.01313855030054686 
0.01313855030054686 
0.01313855030054686 
0.013144552635978145 
0.01314436761506616 
0.01314436761506616 
0.01314436761506616 
0.013138180087059243 
0.013138180087059243 
0.013125781652914998 
0.013119570724684554 
0.013113351974228405 
0.013119570724684554 
0.013119570724684554 
0.013125781652915001 
0.013119795120351536 
0.013113586237181651 
0.013113586237181653 
0.013131516896383295 
0.013131516896383295 
0.013125547607623845 
0.013113351974228405 
0.013113351974228405 
0.013113351974228405 
0.013113351974228405 
0.013107369530153639 
0.013101379469353601 
0.013101379469353601 
0.013101379469353601 
0.013095381781376212 
0.013095772753068068 
0.013089748049523335 
0.013095772753068068 
0.013095772753068068 
0.013089572032728954 
0.013083363481918554 
0.013083363481918554 
0.013077147089484008 
0.013077147089484008 
0.013077147089484008 
0.013064906275974581 
0.013064690734954271 
0.013064690734954271 
0.013064690734954271 
0.013070922844237127 
0.013070922844237127 
0.013070922844237127 
0.013070922844237127 
0.013070922844237127 
0.013070922844237127 
0.013070922844237127 
0.013071128489920066 
0.013071128489920066 
0.013071128489920066 
0.013065102219271 
0.013065102219271 
0.013065102219271 
0.013065102219271 
0.013064906275974581 
0.013064906275974581 
0.013070922844237127 
0.013070922844237127 
0.013070922844237127 
0.013076931750223368 
0.013076931750223368 
0.013076931750223368 
0.013082933004491005 
0.013082933004491005 
0.013076931750223368 
0.013076931750223368 
0.013076931750223368 
0.013076931750223368 
0.013076931750223368 
0.013076931750223368 
0.013070922844237127 
0.013064906275974581 
0.013064906275974581 
0.013077147089484008 
0.013070922844237127 
0.013070922844237127 
0.013070922844237127 
0.013070922844237127 
0.01305867619630719 
0.013070922844237127 
0.013070922844237127 
0.013070922844237127 
0.013070922844237127 
0.013064906275974581 
0.013058882034845096 
0.013058882034845096 
0.013065102219271 
0.013077342849371197 
0.013077342849371197 
0.013077342849371197 
0.013071314547512045 
0.013077519030764206 
0.013077342849371197 
0.013083549365520046 
0.013077342849371197 
0.013065278565725263 
0.013065278565725263 
0.013065278565725263 
0.013065278565725263 
0.013065278565725263 
0.013065278565725263 
0.013065278565725263 
0.013059234893361865 
0.013053183519739543 
0.013053183519739543 
0.013053183519739543 
