0.33591152513331296 
0.3361202844907091 
0.3367347794043678 
0.3374853221725678 
0.3375416942715729 
0.33855224641741155 
0.3388978645172071 
0.33915689367845203 
0.33882202074517714 
0.3392859974518229 
0.3397354993229809 
0.33954646821280604 
0.3399427869333814 
0.34037475095026015 
0.34026282001437574 
0.34077866869363577 
0.3414500863616581 
0.34197041979948845 
0.34276226305905827 
0.34261853685064614 
0.3434740610221129 
0.34377621726822793 
0.3443628929298055 
0.3451051108964755 
0.34623287717961937 
0.3465505281952295 
0.3465108268603969 
0.3482969359049646 
0.3484879864741111 
0.3491132216051423 
0.3500474819509912 
0.35109430362822747 
0.351020506611907 
0.3517315757584817 
0.3528260628049967 
0.3537406578499078 
0.35451093768519015 
0.3551856592384395 
0.3558789866670519 
0.3560923951410132 
0.3572600060015393 
0.35709856377384536 
0.35747577084746324 
0.3575627138203094 
0.35887120840365966 
0.3587631732404061 
0.3592530672950251 
0.3598009610860338 
0.36103470030106843 
0.36071288123501916 
0.36153310540850503 
0.362128549574628 
0.36273674089316493 
0.3636811007326051 
0.36563676811569806 
0.3665484054182715 
0.3667107537412447 
0.36773606908040046 
0.3678991035700677 
0.3676289274619382 
0.36770877769096355 
0.3685076606562397 
0.3685211738535143 
0.36864241426651795 
0.3692356869011133 
0.3698744727550645 
0.3704990823202982 
0.3710947508903775 
0.37186425945419116 
0.37210107348785043 
0.37237575349386665 
0.37309881035170145 
0.37397119133779877 
0.3750590267232867 
0.37548260841021935 
0.3761360557073084 
0.3766106135072888 
0.37684871293541994 
0.37730966697936147 
0.37737376467207207 
0.37904129627243643 
0.37969966627886 
0.3807844840348275 
0.3815332366072327 
0.3827839909362734 
0.38397962223979987 
0.3849061283594693 
0.3857495731232851 
0.38699626187107694 
0.38776800598479644 
0.3889805447816226 
0.38965517936265553 
0.3897746893413788 
0.3896208365973092 
0.39026886362332186 
0.3906363608686797 
0.39149747683341407 
0.3909791715542839 
0.3913022668139663 
0.3915626861208422 
0.39168607197159966 
0.39218976026416 
0.3925518709877933 
0.39283873293983235 
0.393256842398185 
0.3938342005608828 
0.3941944671628374 
0.3947755083319735 
0.39553807037784133 
0.3955510506424662 
0.3956540589112227 
0.39556160816981273 
0.39639641915522095 
0.3959058131377225 
0.3966984085072243 
0.3969971459102243 
0.3972916929824992 
0.3967618729520846 
0.3972427779533444 
0.3975350901564234 
0.39809398410558655 
0.3986687952009691 
0.39934748875013054 
0.39986195913007916 
0.3999781205231497 
0.40049346058153024 
0.4008244377223614 
0.40107206544487944 
0.40037980699746906 
0.4009355923933834 
0.4013418064781705 
0.40222045396783784 
0.40307421133811233 
0.4034810551199856 
0.40370103255190415 
0.40375698165873264 
0.40425874447103205 
0.40452471994568384 
0.4047050351190769 
0.4052371673304277 
0.4056441894517062 
0.40634883886538453 
0.40710999746775245 
0.407548318467373 
0.4080309073029834 
0.4084260485406256 
0.40901516552480605 
0.4090446516065145 
0.4100070562720471 
0.4105948804598732 
0.4108545486677492 
0.4109305396578612 
0.41083926431837864 
0.41048919657649213 
0.41096148921281594 
0.4125048874189028 
0.41230845134719973 
0.41338447402468764 
0.41352428607860736 
0.41424325788656435 
0.41425330180985465 
0.41420022136399864 
0.41394780635062706 
0.41394780635062706 
0.41479462546970935 
0.4157974912217669 
0.4160508477192508 
0.4157242177734517 
0.41560394688382174 
0.41586016169432105 
0.41587491404748905 
0.41587491404748905 
0.4160597469089247 
0.41706943692783416 
0.4174118511607469 
0.4174274607903389 
0.4172795326859173 
0.4181893669996799 
0.41847029520419227 
0.41962632314655796 
0.4199923928781164 
0.4199923928781164 
0.4199923928781164 
0.42042527610456143 
0.42060798491385776 
0.42058474466640144 
0.42048364430193724 
0.4208276620579406 
0.4208276620579406 
0.4208255793606887 
0.4201020315347779 
0.42054978441774155 
0.420745289957416 
0.420745289957416 
0.4204706826131266 
0.42015525648877494 
0.42015525648877494 
0.42015525648877494 
0.42015525648877494 
0.42015525648877494 
0.4212918776205242 
0.4215757457565194 
0.4215757457565194 
0.42212062171144143 
0.4225606821986554 
0.4221769136627582 
0.42256084153198165 
0.4229600607858074 
0.4231526316075387 
0.4228012399281056 
0.423881461160249 
0.4238102285125 
0.42425156755626703 
0.4238291310378212 
0.4238291310378212 
0.4233174451681766 
0.42388583393081053 
0.424206940648654 
0.4245435170744871 
0.4250253723581029 
0.42551249615416253 
0.42551249615416253 
0.42551249615416253 
0.42532045413709646 
0.4255023441493555 
0.42598801273812276 
0.4263749638596743 
0.4263749638596743 
0.4264146608287533 
0.42708251416791065 
0.42708251416791065 
0.42708251416791065 
0.4276911352376707 
0.4271609743677531 
0.42753346349117954 
0.42753346349117954 
0.428182451355135 
0.42781970734594316 
0.4276931228526818 
0.4276931228526818 
0.4275888195647645 
0.42783166499865466 
0.4282244733508147 
0.4282244733508147 
0.4280426273929993 
0.42765368961170935 
0.42765368961170935 
0.42765368961170935 
0.42765368961170935 
0.42765368961170935 
0.42749605592722034 
0.42741195893172906 
0.42771932033401844 
0.42802684953262016 
0.4286403501065215 
0.4291720808925048 
0.4290495329092596 
0.4290495329092596 
0.42888168100078344 
0.428721146278213 
0.42874023505110426 
0.42874023505110426 
0.42876149709549766 
0.42876149709549766 
0.42935566039631823 
0.4295307893608961 
0.43002267841638775 
0.42984307036557745 
0.42984307036557745 
0.4296366102991685 
0.42973645695321183 
0.4298356403387729 
0.4295880521685701 
0.4285661159849982 
0.4285661159849982 
0.42893347395890735 
0.42946712211794846 
0.42946712211794846 
0.42946712211794846 
0.42946712211794846 
0.4297669555004303 
0.42991513906946993 
0.42991513906946993 
0.42991513906946993 
0.430367057526325 
0.4304986708065205 
0.4304729489591501 
0.43026517306423173 
0.43026517306423173 
0.4305815281496922 
0.4306932359580678 
0.4306932359580678 
0.43113950447694627 
0.43113950447694627 
0.43113950447694627 
0.43186558763760124 
0.4314259237669535 
0.4314259237669535 
0.4314259237669535 
0.43130666943993246 
0.43130666943993246 
0.43130666943993246 
0.43130666943993246 
0.43130666943993246 
0.43130666943993246 
0.43130666943993246 
0.43144035008267073 
0.43144035008267073 
0.43144035008267073 
0.4316287792366159 
0.4316287792366159 
0.4316287792366159 
0.4316287792366159 
0.4316316048122062 
0.43166941744551024 
0.43150695839430364 
0.43150114682944496 
0.43150114682944496 
0.4311647572331273 
0.4311647572331273 
0.4311647572331273 
0.4308995654328367 
0.4308995654328367 
0.43140921570206775 
0.43140921570206775 
0.43140921570206775 
0.43140921570206775 
0.4312890834059788 
0.4312890834059788 
0.43153213033665977 
0.431790147928011 
0.431790147928011 
0.43108604618603985 
0.43138883385116467 
0.43138883385116467 
0.43138883385116467 
0.43138883385116467 
0.4319878095467315 
0.4311780706403232 
0.4311780706403232 
0.4311780706403232 
0.4311780706403232 
0.4315032251450307 
0.43155785019238785 
0.43155785019238785 
0.4313638987038863 
0.43049727500288826 
0.43049727500288826 
0.43049727500288826 
0.4307485338325721 
0.43063457645356157 
0.4306239375042587 
0.430600160628961 
0.43084911172309104 
0.4311069930875521 
0.4311069930875521 
0.4311069930875521 
0.4311069930875521 
0.4311069930875521 
0.4311069930875521 
0.4311069930875521 
0.43155985500148747 
0.43192800893836863 
0.43192800893836863 
0.43192800893836863 
