0.33639396340377437 
0.33757178137348803 
0.3378317713433974 
0.33834510918554583 
0.3384415382735584 
0.3397604035764278 
0.33978455908108696 
0.3401121280056917 
0.34091923684107683 
0.3419320796626655 
0.3413365411020553 
0.34226464491690856 
0.34295324727591603 
0.3439298763368869 
0.34380903843191424 
0.343832680048901 
0.3438327013067672 
0.34450659007462214 
0.3437394229145185 
0.3445382151244733 
0.34595752936661867 
0.3471280902746982 
0.34753611395770745 
0.34881736516908085 
0.3497455846031835 
0.3510405380780658 
0.3518521764586715 
0.35297636431249746 
0.3538571030515535 
0.35445704459123945 
0.3550231479731216 
0.3562112287030681 
0.35631924085095795 
0.35668374660528496 
0.35719313326707797 
0.3582636393704901 
0.358918188032101 
0.35948609833523026 
0.35931624398634765 
0.36044957585995896 
0.36040528932533106 
0.36019329612162715 
0.360418944252555 
0.3609247409338814 
0.3611319785220048 
0.36072855302867973 
0.3600006390887486 
0.3602049009352889 
0.36042324508014606 
0.36032572155108267 
0.35988313387763776 
0.359680787196866 
0.3598154285954872 
0.3610173222204013 
0.36180277250081455 
0.36209881857956894 
0.3627614095272725 
0.36351500428499073 
0.36315195967456826 
0.3638254845783971 
0.363970787368676 
0.3645055568286564 
0.36443116949654075 
0.3642534150961585 
0.36523127966229146 
0.3647249134411195 
0.3649797684601452 
0.3651984926074301 
0.3653683511548083 
0.36597096749507474 
0.36622154613967467 
0.3663385739145518 
0.36568805581151553 
0.36575371824507635 
0.3661775076990186 
0.3662451643250397 
0.36548049335666216 
0.36502127570169474 
0.36613897045526617 
0.3673868806329248 
0.367022597102604 
0.36645456918275365 
0.36667726516949994 
0.3666837137732985 
0.3668733652897786 
0.36692673650655616 
0.36707011905898196 
0.3666511027799595 
0.3665636836928642 
0.3668480233587465 
0.36685599682764664 
0.36738898438989726 
0.3671702079178098 
0.36716528960893663 
0.36796364255148856 
0.3672894281216635 
0.3678837610227273 
0.36760853629852 
0.36772111110664174 
0.3675388465653459 
0.36750439802852686 
0.36731068331021965 
0.36712899639074875 
0.3666055024659174 
0.3669159493389908 
0.36662260115969725 
0.366658744023529 
0.3667068559570639 
0.3665182276167201 
0.36640605046249425 
0.3663294330588492 
0.36635105029368065 
0.36694198249136406 
0.3670859907868052 
0.3676181621061401 
0.3675436118796404 
0.3678405350273889 
0.3672361958344301 
0.36722476683177574 
0.36717045637372137 
0.3670467938166202 
0.3672848360260625 
0.36717342396297886 
0.36729541562642876 
0.3674298506881241 
0.36732995839762717 
0.36786165648988306 
0.36688893224797287 
0.3670585126215586 
0.36694525123124117 
0.36683624742612436 
0.36687795795507994 
0.3669305492129896 
0.36703313924150877 
0.36730876551109454 
0.3674145649460964 
0.3672756864708162 
0.3668724957182761 
0.3670023226612962 
0.3672375891914789 
0.3667744873862447 
0.366774712727743 
0.36680461912622647 
0.36643025141982083 
0.36692233600674135 
0.3668236126159251 
0.3665191467456993 
0.36652676506606624 
0.3665973196548653 
0.366362630314021 
0.3665020426873028 
0.36649209349410544 
0.36636571912665483 
0.3667061003221535 
0.3667061003221535 
0.3667061003221535 
0.36662592093369833 
0.3666547960485826 
0.3664695330934618 
0.3664695330934618 
0.36665794719790795 
0.3663882847690634 
0.36613340506329944 
0.36599238016445435 
0.3663211191963763 
0.36622326145412387 
0.3663120193105975 
0.3663120193105975 
0.3663975759793949 
0.36646568068501356 
0.36639794215779137 
0.36674275580847443 
0.36674275580847443 
0.36666164953853536 
0.36674057876083405 
0.36669616291137097 
0.36619770711005756 
0.36619770711005756 
0.36654608590108934 
0.3663747066571781 
0.3663747066571781 
0.3663747066571781 
0.3666128542265217 
0.3665104641150005 
0.3669692089861075 
0.3670255124840514 
0.3672481722388815 
0.3672481722388815 
0.3674907904404176 
0.36694771137951304 
0.36690131243022284 
0.36680272134424446 
0.36680272134424446 
0.3661827948915282 
0.3661827948915282 
0.36598828805564537 
0.36612005454551716 
0.3659619133811564 
0.3662718752285637 
0.36653396536996574 
0.36653396536996574 
0.36653396536996574 
0.36644334862024164 
0.3666097537456622 
0.36651211983969484 
0.36669537510297334 
0.36669537510297334 
0.36669537510297334 
0.3665555070350866 
0.3665555070350866 
0.3667852370912075 
0.36644072066817795 
0.36644072066817795 
0.36634311301790357 
0.3665704114260062 
0.3665704114260062 
0.3665704114260062 
0.36632018883356654 
0.3663995396509638 
0.3663995396509638 
0.3663995396509638 
0.3663995396509638 
0.3663995396509638 
0.366380063218557 
0.36630037588231396 
0.3662813232961839 
0.36650178714626624 
0.36650178714626624 
0.36650178714626624 
0.3664638445066447 
0.3664638445066447 
0.3664638445066447 
0.3664638445066447 
0.3664638445066447 
0.3664638445066447 
0.36634351257609693 
0.36634351257609693 
0.36634351257609693 
0.3663223705733629 
0.3663223705733629 
0.3665511664029204 
0.3667247213047801 
0.3667247213047801 
0.3667086004019608 
0.3667257072852757 
0.3667257072852757 
0.3668998798339232 
0.3668998798339232 
0.3668998798339232 
0.36694873352858504 
0.36701212659164767 
0.3671974512669724 
0.3671974512669724 
0.36685060429921307 
0.36685060429921307 
0.36685060429921307 
0.3666898968743253 
0.3666898968743253 
0.3666898968743253 
0.3666898968743253 
0.3666898968743253 
0.36643176901258057 
0.3663482297159483 
0.3663482297159483 
0.3663482297159483 
0.3663482297159483 
0.3660443671820363 
0.366637777722479 
0.36672874268907146 
0.36672874268907146 
0.36672874268907146 
0.36672874268907146 
0.3669524371626825 
0.3666604509201106 
0.3666604509201106 
0.36665221064723824 
0.36665221064723824 
0.36665221064723824 
0.3662848286684785 
0.3662848286684785 
0.36640841103725375 
0.36640841103725375 
0.36640841103725375 
0.36640841103725375 
0.36618170953433266 
0.36618170953433266 
0.36618170953433266 
0.36618170953433266 
0.36621153364065134 
0.36621153364065134 
0.36621153364065134 
0.3662490473204358 
0.36602076404521383 
0.36590822140784574 
0.36590822140784574 
0.36590822140784574 
0.3658593394198347 
0.3658593394198347 
0.3658593394198347 
0.3658593394198347 
0.3658593394198347 
0.3658593394198347 
0.3658593394198347 
0.36598482984804687 
0.36598482984804687 
0.36598482984804687 
0.36598482984804687 
0.36598482984804687 
0.36598482984804687 
0.3662343405108343 
0.3662343405108343 
0.3662343405108343 
0.36624044581293963 
0.3664362262257635 
0.3664362262257635 
0.3664362262257635 
0.3664362262257635 
0.3664362262257635 
0.3664362262257635 
0.3664362262257635 
0.3664362262257635 
0.3664362262257635 
0.3664362262257635 
0.36655595622467 
0.36655595622467 
0.36655595622467 
0.36655595622467 
0.36655595622467 
0.36655595622467 
0.36655595622467 
0.36655595622467 
0.36655595622467 
0.36655595622467 
0.36655595622467 
0.36655595622467 
0.36674200700476417 
0.36674200700476417 
0.36674200700476417 
0.36674200700476417 
0.36674200700476417 
0.36674200700476417 
0.36674200700476417 
0.36674200700476417 
0.36674200700476417 
0.36674200700476417 
0.36703507169132893 
0.3672291229170929 
0.3672291229170929 
0.3672291229170929 
0.3672291229170929 
0.3672291229170929 
0.3672291229170929 
0.3672291229170929 
0.3672291229170929 
0.3672291229170929 
0.3672291229170929 
0.3672291229170929 
0.3672291229170929 
0.3672291229170929 
0.3672291229170929 
0.3672291229170929 
0.3672291229170929 
0.36693367006074407 
0.36693367006074407 
0.36693367006074407 
0.36693367006074407 
0.36693367006074407 
0.36693367006074407 
0.36693367006074407 
0.36693367006074407 
0.36693367006074407 
0.36693367006074407 
0.36693367006074407 
0.36693367006074407 
0.36693367006074407 
0.36693367006074407 
0.36693367006074407 
0.36693367006074407 
0.36693367006074407 
0.36693367006074407 
0.36693367006074407 
0.36693367006074407 
0.36693367006074407 
0.36693367006074407 
0.36693367006074407 
0.36693367006074407 
0.36693367006074407 
0.36693367006074407 
0.36693367006074407 
0.36693367006074407 
0.36693367006074407 
0.36693367006074407 
0.36693367006074407 
0.36693367006074407 
0.36693367006074407 
0.36693367006074407 
0.36693367006074407 
0.36693367006074407 
0.36693367006074407 
0.36693367006074407 
0.36693367006074407 
0.36694659971976246 
0.36694659971976246 
0.36694659971976246 
0.36694659971976246 
0.36694659971976246 
0.36694659971976246 
0.36694659971976246 
0.36694659971976246 
0.3671053503274079 
0.3671053503274079 
0.3671053503274079 
0.3671053503274079 
0.3671053503274079 
0.3671053503274079 
0.3671053503274079 
0.3671053503274079 
0.36685579078045927 
0.36685579078045927 
0.3668404731459011 
0.3668404731459011 
0.3668404731459011 
0.3668404731459011 
0.3666067017620599 
0.3666067017620599 
0.3666067017620599 
0.3666067017620599 
0.3666067017620599 
0.3666067017620599 
0.3666067017620599 
0.3666067017620599 
0.3666067017620599 
0.36656254017384376 
0.36656254017384376 
0.36656254017384376 
0.36656254017384376 
0.3664528262342473 
0.3664528262342473 
0.3664528262342473 
0.3664528262342473 
0.3664528262342473 
0.3664528262342473 
0.3664528262342473 
0.3664528262342473 
0.3664528262342473 
0.3664528262342473 
0.3664528262342473 
0.3664528262342473 
0.3664528262342473 
0.3664528262342473 
0.3664528262342473 
0.3664528262342473 
0.3664528262342473 
0.3664528262342473 
0.3664528262342473 
0.3664528262342473 
0.3664528262342473 
0.3664528262342473 
0.3664528262342473 
0.3664528262342473 
0.3664528262342473 
0.3664528262342473 
0.3664528262342473 
0.3664528262342473 
0.3664528262342473 
0.3664528262342473 
0.3664528262342473 
0.3664528262342473 
0.3664528262342473 
0.3664528262342473 
0.3664528262342473 
0.3664528262342473 
0.3664528262342473 
0.3664528262342473 
0.3664528262342473 
0.3664528262342473 
0.3664528262342473 
0.3664528262342473 
0.3664528262342473 
0.3664528262342473 
0.3664528262342473 
0.3664528262342473 
0.3664528262342473 
0.3664528262342473 
0.3664528262342473 
0.3664528262342473 
0.3664528262342473 
0.3664528262342473 
0.3664528262342473 
0.3664528262342473 
0.3664528262342473 
0.3664528262342473 
0.3664528262342473 
0.3664528262342473 
0.3664528262342473 
0.3664528262342473 
0.3664528262342473 
0.3664528262342473 
0.3664528262342473 
0.3664528262342473 
0.3664528262342473 
0.3664528262342473 
0.3664528262342473 
0.3664528262342473 
0.3664528262342473 
0.3664528262342473 
0.3664528262342473 
0.3664528262342473 
0.3664528262342473 
0.3664528262342473 
0.3664528262342473 
0.3664528262342473 
0.3664528262342473 
0.3664528262342473 
0.3664528262342473 
0.3664528262342473 
0.366755919871032 
0.366755919871032 
0.366755919871032 
0.366755919871032 
0.366755919871032 
0.366755919871032 
0.366755919871032 
0.366755919871032 
0.366755919871032 
0.366755919871032 
0.366755919871032 
0.366755919871032 
0.366755919871032 
0.366755919871032 
0.366755919871032 
0.366755919871032 
0.366755919871032 
0.366755919871032 
0.366755919871032 
0.366755919871032 
0.366755919871032 
0.366755919871032 
0.366755919871032 
0.366755919871032 
0.366755919871032 
0.366755919871032 
0.366755919871032 
0.366755919871032 
0.366755919871032 
0.366755919871032 
0.366755919871032 
0.366755919871032 
0.366755919871032 
0.366755919871032 
0.366755919871032 
0.366755919871032 
0.366755919871032 
0.366755919871032 
0.366755919871032 
0.366755919871032 
0.366755919871032 
0.366755919871032 
0.366755919871032 
0.366755919871032 
0.366755919871032 
0.366755919871032 
0.366755919871032 
0.366755919871032 
0.366755919871032 
0.366755919871032 
0.366755919871032 
0.366755919871032 
0.366755919871032 
0.366755919871032 
0.366755919871032 
0.366755919871032 
0.366755919871032 
0.366755919871032 
0.366755919871032 
0.366755919871032 
0.366755919871032 
0.366755919871032 
0.366755919871032 
0.366755919871032 
0.366755919871032 
0.366755919871032 
0.366755919871032 
0.366755919871032 
0.366755919871032 
0.366755919871032 
0.366755919871032 
0.366755919871032 
0.366755919871032 
0.366755919871032 
0.366755919871032 
0.366755919871032 
0.366755919871032 
0.366755919871032 
0.366755919871032 
0.366755919871032 
0.366755919871032 
0.366755919871032 
0.366755919871032 
0.366755919871032 
0.366755919871032 
0.366755919871032 
0.366755919871032 
0.366755919871032 
0.366755919871032 
0.366755919871032 
0.366755919871032 
0.366755919871032 
0.366755919871032 
0.366755919871032 
0.366755919871032 
0.366755919871032 
0.366755919871032 
0.366755919871032 
0.366755919871032 
0.366755919871032 
0.366755919871032 
0.366755919871032 
0.366755919871032 
0.366755919871032 
0.366755919871032 
0.366755919871032 
0.366755919871032 
0.366755919871032 
0.366755919871032 
0.366755919871032 
0.366755919871032 
0.366755919871032 
0.366755919871032 
0.366755919871032 
0.366755919871032 
0.366755919871032 
0.366755919871032 
0.366755919871032 
0.366755919871032 
0.366755919871032 
0.366755919871032 
0.366755919871032 
0.366755919871032 
0.366755919871032 
0.366755919871032 
0.366755919871032 
0.366755919871032 
0.366755919871032 
0.366755919871032 
0.366755919871032 
0.36651549154977253 
0.36651549154977253 
0.36651549154977253 
0.36651549154977253 
0.36651549154977253 
0.36651549154977253 
0.36651549154977253 
0.36651549154977253 
0.36651549154977253 
0.36651549154977253 
0.36651549154977253 
0.36651549154977253 
0.36651549154977253 
0.36651549154977253 
0.36651549154977253 
0.36651549154977253 
0.36651549154977253 
0.36651549154977253 
0.36651549154977253 
0.36651549154977253 
0.36651549154977253 
0.36651549154977253 
0.36651549154977253 
0.36651549154977253 
0.36651549154977253 
0.36651549154977253 
0.36651549154977253 
0.36651549154977253 
0.36651549154977253 
0.36651549154977253 
0.36651549154977253 
0.36651549154977253 
0.36651549154977253 
0.36651549154977253 
0.36651549154977253 
0.36651549154977253 
0.36651549154977253 
0.36651549154977253 
0.36651549154977253 
0.36651549154977253 
0.36651549154977253 
0.36651549154977253 
0.36651549154977253 
0.36651549154977253 
0.36651549154977253 
0.36651549154977253 
0.36651549154977253 
0.36651549154977253 
0.36651549154977253 
0.36651549154977253 
0.36651549154977253 
0.36651549154977253 
0.36651549154977253 
0.36651549154977253 
0.36651549154977253 
0.36651549154977253 
0.36651549154977253 
0.36651549154977253 
0.36651549154977253 
0.36651549154977253 
0.36651549154977253 
0.36651549154977253 
0.36651549154977253 
0.36651549154977253 
0.36651549154977253 
0.36651549154977253 
0.36651549154977253 
0.36651549154977253 
0.36651549154977253 
0.36651549154977253 
0.36651549154977253 
0.36651549154977253 
0.36651549154977253 
0.36651549154977253 
0.36651549154977253 
0.36651549154977253 
0.36651549154977253 
0.36651549154977253 
0.36651549154977253 
0.36651549154977253 
0.36651549154977253 
0.36651549154977253 
0.36651549154977253 
0.36651549154977253 
