0.016223437860083786 
0.016174051316846995 
0.016129444379767086 
0.016049850341981385 
0.016019915605270833 
0.015974738057320376 
0.01594972100069465 
0.015904472829993455 
0.01586866093909628 
0.015843512741813285 
0.0158486360296399 
0.015787792752630116 
0.015745934840459618 
0.015715421216117624 
0.015685101211021877 
0.015660140484682762 
0.015665348256582105 
0.015614196617181428 
0.015619005858248467 
0.015592769606455422 
0.015572233751135383 
0.015515749933535277 
0.015510463049180703 
0.015459295714876536 
0.015433513663453309 
0.015407219087168196 
0.01538617769298145 
0.015375500512178458 
0.015349018991453491 
0.015291095448005025 
0.015270790942187638 
0.015260603395672138 
0.015260309826474692 
0.015276177532354093 
0.015265398258807397 
0.015228512205727782 
0.0152336028568425 
0.015217673935263562 
0.015233922147628295 
0.015208090478426277 
0.015202683973562036 
0.01520748447311389 
0.015207156210153167 
0.015197566120928705 
0.01519185255326025 
0.015196285862012467 
0.015206811105553983 
0.015185390874126356 
0.01515990290206372 
0.015165012363991004 
0.015154787494386058 
0.015143896460290528 
0.01513910116222228 
0.015091308226923205 
0.015091308226923205 
0.015075861501088422 
0.01505978273415656 
0.015048839955292236 
0.015059468250904477 
0.01505462055317237 
0.015044278114951213 
0.015027875964353711 
0.015037872189907722 
0.01507489356513007 
0.015053651251440626 
0.015069757795001219 
0.015064938897984284 
0.015096105987969215 
0.01507489356513007 
0.015058422759372908 
0.015042661466642132 
0.01504228706015146 
0.015063545399407139 
0.015058422759372908 
0.015053294124542973 
0.015053991364418939 
0.015053991364418939 
0.015070089050831785 
0.01503334959348714 
0.015006567095775103 
0.015007147097300005 
0.015017804899518436 
0.015016909935136458 
0.015000413860957303 
0.015016577506209597 
0.015021731458124259 
0.015016228021710378 
0.015026879383291794 
0.01502173145812426 
0.01502099863524393 
0.015025729399932639 
0.015020606645538654 
0.015005202297869898 
0.014999679996586595 
0.01498938504409037 
0.015005569099504356 
0.014989743693605971 
0.015000755180990056 
0.015000413860957303 
0.015011076443746463 
0.015011076443746465 
0.01502756081338552 
0.015048839955292236 
0.01507040331245319 
0.015075233198859646 
0.015069409543840792 
0.01507489356513007 
0.01507489356513007 
0.015080023342156999 
0.015085503505020971 
0.01510634515691999 
0.015090264941345464 
0.015074163326699096 
0.015080023342156999 
0.015080023342156999 
0.01508514713219596 
0.015080023342156999 
0.015090629675397909 
0.01508550350502097 
0.015090977436866044 
0.015085842899884648 
0.015069409543840792 
0.015079276375211113 
0.015073772719528446 
0.015068662050759518 
0.015074163326699096 
0.015074536941478502 
0.015111820009515728 
0.015096105987969217 
0.015107039948315486 
0.015107039948315486 
0.015101906634594191 
0.015091308226923205 
0.015091918897211183 
0.015092198779501943 
0.015097632132225237 
0.015102796562226479 
0.0151185417286192 
0.015123969849216174 
0.015118812651792466 
0.015129645600608099 
0.01513480756402274 
0.015145848804210348 
0.015151237573214935 
0.015151440327572823 
0.015156620203726158 
0.015161996702281662 
0.015167367075402373 
0.015167172973234002 
0.015183087433061827 
0.015177718405610245 
0.01517750756876767 
0.015198576775474735 
0.015177279861687995 
0.015177279861687995 
0.015177279861687995 
0.015177507568767672 
0.015177507568767672 
0.015183087433061827 
0.015183087433061827 
0.015177912372918746 
0.015177718405610245 
0.015177718405610245 
0.015172545732341692 
0.015183087433061827 
0.015188256516137724 
0.015182885101323793 
0.015182885101323793 
0.015177718405610245 
0.015177718405610245 
0.01517254573234169 
0.015167172973234002 
0.015167172973234002 
0.015166961989798746 
0.015166961989798746 
0.015172123911964333 
0.015182665905564803 
0.015182665905564803 
0.015193621819697897 
0.015193621819697897 
0.015193621819697897 
0.015193621819697897 
0.015188256516137722 
0.015198576775474737 
0.01518757386813312 
0.015182429845054447 
0.015177507568767672 
0.015177507568767672 
0.015192964687644079 
0.015198349384061416 
0.01520862912954353 
0.01520862912954353 
0.01520862912954353 
0.015224760884821801 
0.015224760884821801 
0.015229899014766972 
0.01521938973809397 
0.015224760884821801 
0.01521961681515011 
0.01521446679972716 
0.01521446679972716 
0.01521446679972716 
0.015214248058974192 
0.01520910043362197 
0.01521424805897419 
0.01521938973809397 
0.01521938973809397 
0.01521938973809397 
0.015224525477005844 
0.015224525477005844 
0.015224273250306564 
0.015234779158228713 
0.015234779158228713 
0.015239897112513588 
0.015229394735182353 
0.015229394735182353 
0.015229394735182353 
0.015234779158228713 
0.015235031210995271 
0.015235031210995271 
0.015235031210995271 
0.015235031210995271 
0.015235031210995271 
0.015245529705457925 
0.01524015747950132 
0.01524527782626476 
0.015239897112513588 
0.015239897112513588 
0.015239897112513588 
0.015245277826264758 
0.015245277826264758 
0.015245277826264758 
0.015245277826264758 
0.015245277826264758 
0.015245277826264758 
0.015250392257250302 
0.015250392257250302 
0.015250392257250302 
0.015250115278252818 
0.015250115278252818 
0.015255500778407769 
0.015260603395672138 
0.015260603395672138 
0.015260603395672138 
0.015265700114963612 
0.015265700114963612 
0.015260603395672138 
0.015260603395672138 
0.015260603395672138 
0.015265985195852904 
0.01527136090857655 
0.015266253502415056 
0.015266253502415056 
0.01527136090857655 
0.01527136090857655 
0.01527136090857655 
0.015276730540269406 
0.015276730540269406 
0.015276730540269406 
0.015276730540269406 
0.015276730540269406 
0.015287451586186628 
0.015287451586186628 
0.015287451586186628 
0.015287451586186628 
0.015287451586186628 
0.015297914106178005 
0.015292560282699558 
0.015302760012494476 
0.015302760012494476 
0.015302760012494476 
0.015302760012494476 
0.01529766308950488 
0.015302760012494476 
0.015302760012494476 
0.015308118630321624 
0.015308118630321624 
0.015308118630321624 
0.015313212073239237 
0.015313212073239237 
0.015318567034811055 
0.015318567034811055 
0.015318567034811055 
0.015318567034811055 
0.015323657004775327 
0.015323657004775327 
0.015323657004775327 
0.015323657004775327 
0.015329008317565751 
0.015329008317565751 
0.015329008317565751 
0.015323915948607913 
0.015329258820960654 
0.015334595658184146 
0.015334595658184146 
0.015334595658184146 
0.015339926466577338 
0.015339926466577338 
0.015339926466577338 
0.015339926466577338 
0.015339926466577338 
0.015339926466577338 
0.015339926466577338 
0.015334821029278429 
0.015334821029278429 
0.015334821029278429 
0.015334821029278429 
0.015334821029278429 
0.015334821029278429 
0.01532949262043594 
0.01532949262043594 
0.01532949262043594 
0.015334595658184146 
0.015329492620435939 
0.015329492620435939 
0.015329492620435939 
0.015329492620435939 
0.015329492620435939 
0.015329492620435939 
0.015329492620435939 
0.015329492620435939 
0.015329492620435939 
0.015329492620435939 
0.015334821029278429 
0.015334821029278429 
0.015334821029278429 
0.015334821029278429 
0.015334821029278429 
0.015334821029278429 
0.015334821029278429 
0.015334821029278429 
0.015334821029278429 
0.015334821029278429 
0.015334821029278429 
0.015334821029278429 
0.01532438370702065 
0.01532438370702065 
0.01532438370702065 
0.01532438370702065 
0.01532438370702065 
0.01532438370702065 
0.01532438370702065 
0.01532438370702065 
0.01532438370702065 
0.01532438370702065 
0.01531926891205974 
0.015313939271134648 
0.015313939271134648 
0.015313939271134648 
0.015313939271134648 
0.015313939271134648 
0.015313939271134648 
0.015313939271134648 
0.015313939271134648 
0.015313939271134648 
0.015313939271134648 
0.015313939271134648 
0.015313939271134648 
0.015313939271134648 
0.015313939271134648 
0.015313939271134648 
0.015313939271134648 
0.015314148229660048 
0.015314148229660048 
0.015314148229660048 
0.015314148229660048 
0.015314148229660048 
0.015314148229660048 
0.015314148229660048 
0.015314148229660048 
0.015314148229660048 
0.015314148229660048 
0.015314148229660048 
0.015314148229660048 
0.015314148229660048 
0.015314148229660048 
0.015314148229660048 
0.015314148229660048 
0.015314148229660048 
0.015314148229660048 
0.015314148229660048 
0.015314148229660048 
0.015314148229660048 
0.015314148229660048 
0.015314148229660048 
0.015314148229660048 
0.015314148229660048 
0.015314148229660048 
0.015314148229660048 
0.015314148229660048 
0.015314148229660048 
0.015314148229660048 
0.015314148229660048 
0.015314148229660048 
0.015314148229660048 
0.015314148229660048 
0.015314148229660048 
0.015314148229660048 
0.015314148229660048 
0.015314148229660048 
0.015314148229660048 
0.015319469442510076 
0.015319469442510076 
0.015319469442510076 
0.015319469442510076 
0.015319469442510076 
0.015319469442510076 
0.015319469442510076 
0.015319469442510076 
0.01531414822966005 
0.01531414822966005 
0.01531414822966005 
0.01531414822966005 
0.01531414822966005 
0.01531414822966005 
0.01531414822966005 
0.01531414822966005 
0.01531946944251008 
0.01531946944251008 
0.015324592523130915 
0.015324592523130915 
0.015324592523130915 
0.015324592523130915 
0.015329709716755893 
0.015329709716755893 
0.015329709716755893 
0.015329709716755893 
0.015329709716755893 
0.015329709716755893 
0.015329709716755893 
0.015329709716755893 
0.015329709716755893 
0.015335029703264353 
0.015335029703264353 
0.015335029703264353 
0.015335029703264353 
0.015340143415235728 
0.015340143415235728 
0.015340143415235728 
0.015340143415235728 
0.015340143415235728 
0.015340143415235728 
0.015340143415235728 
0.015340143415235728 
0.015340143415235728 
0.015340143415235728 
0.015340143415235728 
0.015340143415235728 
0.015340143415235728 
0.015340143415235728 
0.015340143415235728 
0.015340143415235728 
0.015340143415235728 
0.015340143415235728 
0.015340143415235728 
0.015340143415235728 
0.015340143415235728 
0.015340143415235728 
0.015340143415235728 
0.015340143415235728 
0.015340143415235728 
0.015340143415235728 
0.015340143415235728 
0.015340143415235728 
0.015340143415235728 
0.015340143415235728 
0.015340143415235728 
0.015340143415235728 
0.015340143415235728 
0.015340143415235728 
0.015340143415235728 
0.015340143415235728 
0.015340143415235728 
0.015340143415235728 
0.015340143415235728 
0.015340143415235728 
0.015340143415235728 
0.015340143415235728 
0.015340143415235728 
0.015340143415235728 
0.015340143415235728 
0.015340143415235728 
0.015340143415235728 
0.015340143415235728 
0.015340143415235728 
0.015340143415235728 
0.015340143415235728 
0.015340143415235728 
0.015340143415235728 
0.015340143415235728 
0.015340143415235728 
0.015340143415235728 
0.015340143415235728 
0.015340143415235728 
0.015340143415235728 
0.015340143415235728 
0.015340143415235728 
0.015340143415235728 
0.015340143415235728 
0.015340143415235728 
0.015340143415235728 
0.015340143415235728 
0.015340143415235728 
0.015340143415235728 
0.015340143415235728 
0.015340143415235728 
0.015340143415235728 
0.015340143415235728 
0.015340143415235728 
0.015340143415235728 
0.015340143415235728 
0.015340143415235728 
0.015340143415235728 
0.015340143415235728 
0.015340143415235728 
0.015340143415235728 
0.015334821029278429 
0.015334821029278429 
0.015334821029278429 
0.015334821029278429 
0.015334821029278429 
0.015334821029278429 
0.015334821029278429 
0.015334821029278429 
0.015334821029278429 
0.015334821029278429 
0.015334821029278429 
0.015334821029278429 
0.015334821029278429 
0.015334821029278429 
0.015334821029278429 
0.015334821029278429 
0.015334821029278429 
0.015334821029278429 
0.015334821029278429 
0.015334821029278429 
0.015334821029278429 
0.015334821029278429 
0.015334821029278429 
0.015334821029278429 
0.015334821029278429 
0.015334821029278429 
0.015334821029278429 
0.015334821029278429 
0.015334821029278429 
0.015334821029278429 
0.015334821029278429 
0.015334821029278429 
0.015334821029278429 
0.015334821029278429 
0.015334821029278429 
0.015334821029278429 
0.015334821029278429 
0.015334821029278429 
0.015334821029278429 
0.015334821029278429 
0.015334821029278429 
0.015334821029278429 
0.015334821029278429 
0.015334821029278429 
0.015334821029278429 
0.015334821029278429 
0.015334821029278429 
0.015334821029278429 
0.015334821029278429 
0.015334821029278429 
0.015334821029278429 
0.015334821029278429 
0.015334821029278429 
0.015334821029278429 
0.015334821029278429 
0.015334821029278429 
0.015334821029278429 
0.015334821029278429 
0.015334821029278429 
0.015334821029278429 
0.015334821029278429 
0.015334821029278429 
0.015334821029278429 
0.015334821029278429 
0.015334821029278429 
0.015334821029278429 
0.015334821029278429 
0.015334821029278429 
0.015334821029278429 
0.015334821029278429 
0.015334821029278429 
0.015334821029278429 
0.015334821029278429 
0.015334821029278429 
0.015334821029278429 
0.015334821029278429 
0.015334821029278429 
0.015334821029278429 
0.015334821029278429 
0.015334821029278429 
0.015334821029278429 
0.015334821029278429 
0.015334821029278429 
0.015334821029278429 
0.015334821029278429 
0.015334821029278429 
0.015334821029278429 
0.015334821029278429 
0.015334821029278429 
0.015334821029278429 
0.015334821029278429 
0.015334821029278429 
0.015334821029278429 
0.015334821029278429 
0.015334821029278429 
0.015334821029278429 
0.015334821029278429 
0.015334821029278429 
0.015334821029278429 
0.015334821029278429 
0.015334821029278429 
0.015334821029278429 
0.015334821029278429 
0.015334821029278429 
0.015334821029278429 
0.015334821029278429 
0.015334821029278429 
0.015334821029278429 
0.015334821029278429 
0.015334821029278429 
0.015334821029278429 
0.015334821029278429 
0.015334821029278429 
0.015334821029278429 
0.015334821029278429 
0.015334821029278429 
0.015334821029278429 
0.015334821029278429 
0.015334821029278429 
0.015334821029278429 
0.015334821029278429 
0.015334821029278429 
0.015334821029278429 
0.015334821029278429 
0.015334821029278429 
0.015334821029278429 
0.015334821029278429 
0.015334821029278429 
0.015334821029278429 
0.015334821029278429 
0.015339926466577338 
0.015339926466577338 
0.015339926466577338 
0.015339926466577338 
0.015339926466577338 
0.015339926466577338 
0.015339926466577338 
0.015339926466577338 
0.015339926466577338 
0.015339926466577338 
0.015339926466577338 
0.015339926466577338 
0.015339926466577338 
0.015339926466577338 
0.015339926466577338 
0.015339926466577338 
0.015339926466577338 
0.015339926466577338 
0.015339926466577338 
0.015339926466577338 
0.015339926466577338 
0.015339926466577338 
0.015339926466577338 
0.015339926466577338 
0.015339926466577338 
0.015339926466577338 
0.015339926466577338 
0.015339926466577338 
0.015339926466577338 
0.015339926466577338 
0.015339926466577338 
0.015339926466577338 
0.015339926466577338 
0.015339926466577338 
0.015339926466577338 
0.015339926466577338 
0.015339926466577338 
0.015339926466577338 
0.015339926466577338 
0.015339926466577338 
0.015339926466577338 
0.015339926466577338 
0.015339926466577338 
0.015339926466577338 
0.015339926466577338 
0.015339926466577338 
0.015339926466577338 
0.015339926466577338 
0.015339926466577338 
0.015339926466577338 
0.015339926466577338 
0.015339926466577338 
0.015339926466577338 
0.015339926466577338 
0.015339926466577338 
0.015339926466577338 
0.015339926466577338 
0.015339926466577338 
0.015339926466577338 
0.015339926466577338 
0.015339926466577338 
0.015339926466577338 
0.015339926466577338 
0.015339926466577338 
0.015339926466577338 
0.015339926466577338 
0.015339926466577338 
0.015339926466577338 
0.015339926466577338 
0.015339926466577338 
0.015339926466577338 
0.015339926466577338 
0.015339926466577338 
0.015339926466577338 
0.015339926466577338 
0.015339926466577338 
0.015339926466577338 
0.015339926466577338 
0.015339926466577338 
0.015339926466577338 
0.015339926466577338 
0.015339926466577338 
0.015339926466577338 
0.015339926466577338 
