0.3343525733082136 
0.33431209262305267 
0.33439833674204084 
0.3348364648655955 
0.33414918725662834 
0.33436863056330923 
0.3345282633810967 
0.33526895704487936 
0.33550782521702405 
0.335327479468903 
0.3351657983594856 
0.3359891800161101 
0.33655268916370995 
0.3367451584557029 
0.3365884960671092 
0.3369058251644515 
0.3376333721547454 
0.3377902776813962 
0.3383055126019089 
0.3388055313109254 
0.3392542202179377 
0.3395741900406107 
0.3395608378765495 
0.339717857364514 
0.340175453642231 
0.3403516844561931 
0.34088221972822896 
0.3409299570225056 
0.3417258742165139 
0.34150678810907636 
0.34188333836290075 
0.34170200367119186 
0.34173248829760366 
0.341756074790214 
0.3425306798734543 
0.34313273651336373 
0.34301895073798216 
0.34386210892908353 
0.34382720983077375 
0.34494986998867094 
0.34504791193593953 
0.34587887884452106 
0.34561922064366324 
0.3462501579316871 
0.3464413393979446 
0.3463508565288639 
0.346991429329309 
0.34690822714519165 
0.34616151127961814 
0.34681833628863973 
0.3470974236962671 
0.34725210237888016 
0.34772415039675914 
0.3480493579176894 
0.3480860669196686 
0.34917285061852193 
0.3491328558627461 
0.34987446327333 
0.3494310245884676 
0.3502016401216839 
0.3513526562648833 
0.3514667805678426 
0.3518735742099773 
0.35241356124870404 
0.3531977504258424 
0.35378241149932044 
0.3545964985997336 
0.3542538417593796 
0.35427590465527176 
0.3539535415052476 
0.35341136458806915 
0.3543814917977548 
0.35469153998135516 
0.35518185813064 
0.35497803340158474 
0.35529416516015033 
0.3555212046995555 
0.355656091028785 
0.35587431463740793 
0.35648084238628225 
0.3575419783996428 
0.3571397168575106 
0.35679886674016725 
0.35616902400733885 
0.35672862380460224 
0.3572152234074675 
0.35781981868985235 
0.358069852987678 
0.35792363200898797 
0.3581566016820885 
0.3579651457679714 
0.3584447220828328 
0.3589539785598053 
0.3588811764239247 
0.358932487248271 
0.35939925660656175 
0.35982273955564037 
0.3596399544081878 
0.3597211512015317 
0.3597694146245847 
0.3592968369739537 
0.359915297310773 
0.3601746727842057 
0.36065077279583746 
0.3611705017907681 
0.36155390913652874 
0.3612217799138063 
0.361374766707845 
0.36118540255679354 
0.3610203169533852 
0.3616619907376485 
0.3610173465303815 
0.360922034149804 
0.3614969147882748 
0.36157994430881274 
0.36222485708525726 
0.3626538278981786 
0.363258137486258 
0.36335813287686725 
0.3624139774708114 
0.3634897610756146 
0.3628461748831278 
0.3629041568557347 
0.36321399064492804 
0.36304011875293646 
0.3629287227811837 
0.3627617455116093 
0.36443756333513583 
0.363759833472234 
0.3640189340898761 
0.3638741413983343 
0.3634630043880657 
0.36359615374932763 
0.36352246580276987 
0.3630132079476627 
0.36391317496057274 
0.36512443954736423 
0.3650980959968878 
0.36468051813221347 
0.3651626379243024 
0.36483364846344873 
0.3648719596495816 
0.36427489228911725 
0.36437302646541286 
0.3642182709454728 
0.3646813648643583 
0.36463365904581235 
0.36517366861672385 
0.36407316910025095 
0.3637529459164299 
0.363514215192828 
0.36389853120971033 
0.36361830543132423 
0.36390260957233633 
0.3640307191052487 
0.3639695931708313 
0.3638357193131712 
0.36308961315608296 
0.36311604893809557 
0.3632849843308693 
0.36380136877930297 
0.3642340323649924 
0.3639435797299103 
0.36432231800351317 
0.3643852043527631 
0.364164049014778 
0.36403838431374963 
0.3644743952761189 
0.3643382605525368 
0.3641475589918104 
0.363595441723683 
0.3631435799480839 
0.3628837048549407 
0.3626034156174525 
0.36267646892162486 
0.36271529062568825 
0.3630882887849504 
0.3628097026092214 
0.36322691587332645 
0.3630042279463736 
0.3631321003315151 
0.3631321003315151 
0.3629551469240242 
0.36277085446223856 
0.36287859948229456 
0.36307677047349884 
0.36305976019268343 
0.36254659375599674 
0.3622450780937774 
0.3625113393136939 
0.36198965902529406 
0.3620749079067656 
0.36174429690504595 
0.3616391305073223 
0.3616391305073223 
0.3616466641405626 
0.3616466641405626 
0.3616466641405626 
0.3622176532387329 
0.36272246591091484 
0.36284223962632906 
0.3627231091629787 
0.36279708567447577 
0.3629052048333742 
0.3625548542258212 
0.3627698004137972 
0.36317725436611037 
0.3635149047605392 
0.36378357088012886 
0.3638341224148495 
0.3629051301276912 
0.3626792463279608 
0.36258281525176145 
0.3627938503521666 
0.3624172011969362 
0.36258790323560725 
0.36283597818482416 
0.3628415949332922 
0.36248621900629857 
0.3626401709922373 
0.3629029020707769 
0.3634446004885686 
0.3628580253484559 
0.36313442497743526 
0.36335826350883643 
0.3634435323866342 
0.3634435323866342 
0.36297699518440174 
0.36312218903007376 
0.36304109832749787 
0.3630542622355278 
0.3632360155092119 
0.36358486207253643 
0.36302731626613455 
0.36266535474654565 
0.3627238040988176 
0.36280917038965743 
0.362896729051129 
0.36325199223374544 
0.36314037711203273 
0.3631567289617584 
0.363324278040977 
0.363324278040977 
0.36361252050739706 
0.36344874348748124 
0.36299662880158967 
0.3632477447795059 
0.3633426611674658 
0.36348700606420337 
0.36348700606420337 
0.36348700606420337 
0.36270353257508614 
0.36250263596051563 
0.3622126775715963 
0.3620969491562666 
0.3620969491562666 
0.36210256738928814 
0.3618716596610168 
0.3618716596610168 
0.3613239508484721 
0.3611450651093986 
0.3615501066102673 
0.3615776622147296 
0.3615141805032044 
0.36175978053031793 
0.362210915357998 
0.3624660198737306 
0.36207907725068295 
0.36207907725068295 
0.3617312973305737 
0.3617312973305737 
0.3616212834424321 
0.3620385723450413 
0.36207461333264274 
0.36207461333264274 
0.361971326720835 
0.3616825647823644 
0.36155041956174166 
0.36171893552833734 
0.3615706254363397 
0.36163009068261304 
0.36130476081969026 
0.36159623816589903 
0.3620446507373098 
0.362238446638373 
0.36227166753589174 
0.36196976469860126 
0.36196976469860126 
0.3621326603693303 
0.36206920979129725 
0.36204931309177824 
0.36237152166895764 
0.36245396171848104 
0.362476205966946 
0.362476205966946 
0.362476205966946 
0.3625631755938529 
0.3622928991932204 
0.3622928991932204 
0.3622928991932204 
0.36251430327458123 
0.36311291107232674 
0.3627177110516311 
0.3630165896981693 
0.36323310388231733 
0.363441980167949 
0.3633171628650543 
0.3635251574952513 
0.36378731637062517 
0.36378731637062517 
0.3638044522563156 
0.3635718999218074 
0.3635718999218074 
0.3635718999218074 
0.3635718999218074 
0.36358365981801555 
0.3640415148294885 
0.3640415148294885 
0.3640415148294885 
0.364020006329531 
0.364020006329531 
0.364031308357682 
0.364031308357682 
0.36407440711779887 
0.36407440711779887 
0.36416134792173 
0.36416134792173 
0.3639465565671903 
0.3640279743025457 
0.3640279743025457 
0.36381225783907206 
0.36380444338285167 
0.3636049845991592 
0.36325195820386064 
0.36325195820386064 
0.36326796515495063 
0.36326796515495063 
0.36326796515495063 
0.36326796515495063 
0.36326796515495063 
0.36326796515495063 
0.36326796515495063 
0.36305407472973783 
0.3633545749666188 
0.36341551589023313 
0.36355215412998887 
0.3636506418446581 
0.3636506418446581 
0.36398705905110823 
0.3638446894941419 
0.36373068811003206 
0.36330227831730144 
0.3632458460696523 
0.3628610859202935 
0.3628610859202935 
0.36293916031166906 
0.3626397746934155 
0.36296884001433344 
0.3630978707587206 
0.36358539159763836 
0.36358539159763836 
0.3634538444493544 
0.36367979040562876 
0.3639391277731545 
0.3637610698973576 
0.3637610698973576 
0.3637610698973576 
0.3637610698973576 
0.3639749266539178 
0.3637027807910026 
0.36357425398068743 
0.36379609333649 
0.36367910716216245 
0.36367910716216245 
0.36367910716216245 
0.36367910716216245 
0.36367910716216245 
0.3637140511040861 
0.3637285062924329 
0.3637285062924329 
0.3637285062924329 
0.3637285062924329 
0.3636722836245586 
0.3633698968142356 
0.3633698968142356 
0.3633698968142356 
0.3631240955549503 
0.3629257727514378 
0.3629257727514378 
0.3626275185047098 
0.3627204299760687 
0.3627204299760687 
0.3627204299760687 
0.3623997600023019 
0.36239034697716904 
0.36222897888202055 
0.3620542538124156 
0.3620542538124156 
0.3619813877363253 
0.36186276585998856 
0.36186276585998856 
0.36179172924574143 
0.3618720325697091 
0.3618720325697091 
0.3618720325697091 
0.3618720325697091 
0.36194807706856996 
0.36194807706856996 
0.36194807706856996 
0.3622068386303248 
0.3622068386303248 
0.3622068386303248 
0.36203499878199513 
0.36203499878199513 
0.3618270521895038 
0.3618270521895038 
0.3618270521895038 
0.3618270521895038 
0.3618270521895038 
0.3618270521895038 
0.3618270521895038 
0.3618270521895038 
0.3618270521895038 
0.3618270521895038 
0.361759315731241 
0.3617781532461753 
0.36199055898499416 
0.36199055898499416 
0.36188933532237 
0.3620874557528095 
0.3620874557528095 
0.3620874557528095 
0.3620874557528095 
0.3624366486013531 
0.3624366486013531 
0.3623680476865911 
0.3623680476865911 
0.3623680476865911 
0.3624404095708775 
0.3624404095708775 
0.3624404095708775 
0.3624404095708775 
0.3624404095708775 
0.3624404095708775 
0.3624404095708775 
0.3624404095708775 
0.3624404095708775 
0.3624404095708775 
0.3623904987654564 
0.36246434551726947 
0.36246434551726947 
0.36246434551726947 
0.3624220684052841 
0.3624220684052841 
0.3625560873227141 
0.3625560873227141 
0.3625560873227141 
0.3625560873227141 
0.3625560873227141 
0.3625560873227141 
0.362723581825931 
0.362723581825931 
0.362723581825931 
0.362723581825931 
0.362723581825931 
0.362723581825931 
0.3629911875038494 
0.3632234641973744 
0.36327538150536043 
0.36327538150536043 
0.3632061280321478 
0.36324590039332877 
0.36324590039332877 
0.3633615502487435 
0.3633615502487435 
0.3633615502487435 
0.36353459838375 
0.36353459838375 
0.36353459838375 
0.36349068035852977 
0.36349068035852977 
0.36349920497820976 
0.36353404179112503 
0.36353404179112503 
0.36353404179112503 
0.36353404179112503 
0.36353404179112503 
0.36353404179112503 
0.36353404179112503 
0.36353404179112503 
0.36348715724799086 
0.36348715724799086 
0.3633953807086825 
0.3633953807086825 
0.3635215838934998 
0.3635215838934998 
0.3635215838934998 
0.3635215838934998 
0.3635215838934998 
0.36340466302334073 
0.36340466302334073 
0.3633371069951952 
0.3633371069951952 
0.3633371069951952 
0.3633371069951952 
0.3633371069951952 
0.36331041721356305 
0.36331041721356305 
0.36331041721356305 
0.36342129143726476 
0.36342129143726476 
0.36342129143726476 
0.36342129143726476 
0.36342129143726476 
0.36342129143726476 
0.3632510003879207 
0.3632510003879207 
0.3632510003879207 
0.3632510003879207 
0.3632510003879207 
0.36336847575245246 
0.36336847575245246 
0.36336847575245246 
0.36329169444336235 
0.36329169444336235 
0.36329169444336235 
0.36329169444336235 
0.3630471575825979 
0.36306509212013316 
0.36306509212013316 
0.3626528396535044 
0.3626528396535044 
0.36227346655888876 
0.36227346655888876 
0.3621036034895474 
0.3621036034895474 
0.3621036034895474 
0.36199846600547747 
0.36199846600547747 
0.3613071016108132 
0.3613071016108132 
0.3613071016108132 
0.3613071016108132 
0.3613071016108132 
0.3613071016108132 
0.3613071016108132 
0.3613071016108132 
0.3613071016108132 
0.3613071016108132 
0.3613071016108132 
0.3613071016108132 
0.36113797805384024 
0.36113797805384024 
0.36090312615945236 
0.36090312615945236 
0.36090312615945236 
0.36090312615945236 
0.36090312615945236 
0.36090312615945236 
0.36090312615945236 
0.36090312615945236 
0.360876835941153 
0.360876835941153 
0.360876835941153 
0.360876835941153 
0.360876835941153 
0.360876835941153 
0.360876835941153 
0.36078948643365394 
0.36078948643365394 
0.36078948643365394 
0.36078948643365394 
0.36078948643365394 
0.36078948643365394 
0.36078948643365394 
0.36078948643365394 
0.36078948643365394 
0.36078948643365394 
0.36063463808450075 
0.36063463808450075 
0.36063463808450075 
0.36063463808450075 
0.36063463808450075 
0.36063463808450075 
0.3603816474992261 
0.3603816474992261 
0.360613316072834 
0.360613316072834 
0.360613316072834 
0.360613316072834 
0.360613316072834 
0.360613316072834 
0.360613316072834 
0.360613316072834 
0.360613316072834 
0.360613316072834 
0.360613316072834 
0.360613316072834 
0.360613316072834 
0.360613316072834 
0.360613316072834 
0.360613316072834 
0.360613316072834 
0.360613316072834 
0.360613316072834 
0.360613316072834 
0.360613316072834 
0.360613316072834 
0.360613316072834 
0.360613316072834 
0.360613316072834 
0.360613316072834 
0.3604728875448785 
0.3604728875448785 
0.3604728875448785 
0.3604728875448785 
0.3604728875448785 
0.3604728875448785 
0.3604728875448785 
0.3604728875448785 
0.3604728875448785 
0.3604728875448785 
0.3604728875448785 
0.3604201068315669 
0.3604201068315669 
0.3604201068315669 
0.36045874906157593 
0.36045874906157593 
0.36045874906157593 
0.3602884425277777 
0.3602884425277777 
0.3602884425277777 
0.3602884425277777 
0.3602884425277777 
0.3602627270210696 
0.3602627270210696 
0.3602627270210696 
0.3602627270210696 
0.3602627270210696 
0.3602627270210696 
0.3602627270210696 
0.3602627270210696 
0.3602627270210696 
0.3602627270210696 
0.3602627270210696 
0.3602627270210696 
0.3602627270210696 
0.3602627270210696 
0.3602627270210696 
0.3602627270210696 
0.3602627270210696 
0.3602627270210696 
0.3602627270210696 
0.3602627270210696 
0.3602627270210696 
0.35989852381311105 
0.35989852381311105 
0.35989852381311105 
0.35989852381311105 
0.35989852381311105 
0.35989852381311105 
0.35989852381311105 
0.35989852381311105 
0.35989852381311105 
0.3601677552072561 
0.3601677552072561 
0.3601677552072561 
0.3601677552072561 
0.3601677552072561 
0.3601677552072561 
0.3601677552072561 
0.3601677552072561 
0.3601677552072561 
0.3601677552072561 
0.3601677552072561 
0.3601684430390736 
0.3601684430390736 
0.3601684430390736 
0.3601684430390736 
0.3601684430390736 
0.3604423692397559 
0.3604423692397559 
0.3604423692397559 
0.3604423692397559 
0.3604423692397559 
0.3604423692397559 
0.3604423692397559 
0.3604423692397559 
0.3604423692397559 
0.3604423692397559 
0.3604423692397559 
0.36015659193375593 
0.36015659193375593 
0.36015659193375593 
0.36012679216716587 
0.36012679216716587 
0.36012679216716587 
0.36012679216716587 
0.36012679216716587 
0.36012679216716587 
0.36012679216716587 
0.36012679216716587 
0.36012679216716587 
0.36012679216716587 
0.36012679216716587 
0.36012679216716587 
0.36012679216716587 
0.36012679216716587 
0.36012679216716587 
0.36012679216716587 
0.36012679216716587 
0.36012679216716587 
0.36012679216716587 
0.36012679216716587 
0.36012679216716587 
0.36012679216716587 
0.36012679216716587 
0.36012679216716587 
0.36012679216716587 
0.36012679216716587 
0.36012679216716587 
0.36012679216716587 
0.36012484274901774 
0.36012484274901774 
0.36012484274901774 
0.3601064917714801 
0.3601064917714801 
0.3601064917714801 
0.3601064917714801 
0.3601064917714801 
0.3601064917714801 
0.3601064917714801 
0.3601064917714801 
0.3601064917714801 
0.3601362122393028 
0.3601362122393028 
0.3601362122393028 
0.3603136968172335 
0.3603136968172335 
0.3603136968172335 
0.3603136968172335 
0.3603136968172335 
0.3603136968172335 
0.3603136968172335 
0.3603136968172335 
0.3603136968172335 
0.3603136968172335 
0.3603136968172335 
0.3603136968172335 
0.3603136968172335 
0.3603136968172335 
0.3603136968172335 
0.3603136968172335 
0.3603136968172335 
0.3603136968172335 
0.3603136968172335 
0.3603136968172335 
0.3603136968172335 
0.3603136968172335 
0.36038740184154505 
0.36038740184154505 
0.36038740184154505 
0.36038740184154505 
0.36038740184154505 
0.36038740184154505 
0.36038740184154505 
0.36038740184154505 
0.36038740184154505 
0.36038740184154505 
0.36038740184154505 
0.36038740184154505 
0.36038740184154505 
0.36038740184154505 
0.36038740184154505 
0.36038740184154505 
0.36038740184154505 
0.36038740184154505 
0.36038740184154505 
0.36038740184154505 
0.36038740184154505 
0.36038740184154505 
0.36038740184154505 
0.36038740184154505 
0.36038740184154505 
0.36038740184154505 
0.36038740184154505 
0.36038740184154505 
0.36038740184154505 
0.36038740184154505 
0.36038740184154505 
0.36038740184154505 
0.36038740184154505 
0.3602496073380625 
0.3602496073380625 
0.36013912600360753 
0.36013912600360753 
0.36013912600360753 
0.36013912600360753 
0.36013912600360753 
0.36013912600360753 
0.36013912600360753 
0.36013912600360753 
0.36013912600360753 
0.36013912600360753 
0.36013912600360753 
0.36013912600360753 
0.36013912600360753 
0.36013912600360753 
0.36013912600360753 
0.36013912600360753 
0.36013912600360753 
0.36013912600360753 
0.36013912600360753 
0.36013912600360753 
0.36013912600360753 
0.36013912600360753 
0.36013912600360753 
0.36013912600360753 
0.36013912600360753 
0.36013912600360753 
0.36013912600360753 
0.36013912600360753 
0.36013912600360753 
0.36013912600360753 
0.36013912600360753 
0.36013912600360753 
0.36013912600360753 
0.36013912600360753 
0.36013912600360753 
0.36013912600360753 
0.36013912600360753 
0.36013912600360753 
0.36013912600360753 
0.36013912600360753 
0.36013912600360753 
0.36013912600360753 
0.36013912600360753 
0.36013912600360753 
0.36013912600360753 
0.36013912600360753 
0.36013912600360753 
0.36013912600360753 
0.36013912600360753 
0.36013912600360753 
0.36013912600360753 
0.36013912600360753 
0.36013912600360753 
0.36013912600360753 
0.36013912600360753 
0.36013912600360753 
0.36013912600360753 
0.36013912600360753 
0.36013912600360753 
0.36013912600360753 
0.36013912600360753 
0.36013912600360753 
0.36013912600360753 
0.36013912600360753 
0.36013912600360753 
0.36013912600360753 
0.36013912600360753 
0.36013912600360753 
0.36013912600360753 
0.36013912600360753 
0.36013912600360753 
0.36013912600360753 
0.36013912600360753 
0.36013912600360753 
0.36013912600360753 
0.36013912600360753 
0.36013912600360753 
0.36013912600360753 
0.36013912600360753 
0.36013912600360753 
0.36013912600360753 
0.36013912600360753 
0.36013912600360753 
0.36013912600360753 
0.36013912600360753 
0.36013912600360753 
0.36013912600360753 
0.3602549266128635 
0.3602549266128635 
0.3602549266128635 
0.3602549266128635 
0.3602549266128635 
0.3602549266128635 
0.3602549266128635 
0.3602549266128635 
0.3602549266128635 
0.3602549266128635 
0.3602549266128635 
0.3602549266128635 
0.3602549266128635 
0.3602549266128635 
0.3602549266128635 
0.3602549266128635 
0.3602549266128635 
0.3602549266128635 
0.3602549266128635 
0.3602549266128635 
0.3602549266128635 
0.3602549266128635 
0.3602549266128635 
0.3602549266128635 
0.3602549266128635 
0.3602549266128635 
0.3602549266128635 
0.3602549266128635 
0.3602549266128635 
0.3602549266128635 
0.3602549266128635 
0.3602549266128635 
0.3602549266128635 
0.3602549266128635 
0.3602549266128635 
0.3602549266128635 
0.3602549266128635 
0.3602549266128635 
0.3602549266128635 
0.3604099573048212 
0.3604099573048212 
0.3604099573048212 
0.3604099573048212 
0.3604099573048212 
0.3604099573048212 
0.3604099573048212 
0.36051477518242925 
0.36051477518242925 
0.36051477518242925 
0.36051477518242925 
0.36051477518242925 
0.36051477518242925 
0.36051477518242925 
0.36051477518242925 
0.36051477518242925 
0.36051477518242925 
0.36051477518242925 
0.36051477518242925 
0.36051477518242925 
0.36051477518242925 
0.36051477518242925 
0.36051477518242925 
0.36051477518242925 
0.36051477518242925 
0.36051477518242925 
0.36051477518242925 
0.36051477518242925 
0.36051477518242925 
0.36051477518242925 
0.36051477518242925 
0.36051477518242925 
0.36051477518242925 
0.36051477518242925 
0.36051477518242925 
0.36051477518242925 
0.36051477518242925 
0.36051477518242925 
0.36051477518242925 
0.36051477518242925 
0.36051477518242925 
0.36051477518242925 
0.36051477518242925 
0.36051477518242925 
0.36051477518242925 
0.36051477518242925 
0.36051477518242925 
0.36051477518242925 
0.36051477518242925 
0.36051477518242925 
0.36051477518242925 
0.36051477518242925 
0.36051477518242925 
0.36051477518242925 
0.36051477518242925 
0.36051477518242925 
0.36051477518242925 
0.36051477518242925 
0.36051477518242925 
0.36051477518242925 
0.36051477518242925 
0.36051477518242925 
0.36051477518242925 
0.36051477518242925 
0.36051477518242925 
0.36051477518242925 
0.36051477518242925 
0.36051477518242925 
0.36051477518242925 
0.36051477518242925 
0.36051477518242925 
0.36051477518242925 
0.36051477518242925 
0.36051477518242925 
0.36051477518242925 
0.36051477518242925 
0.36051477518242925 
0.36051477518242925 
0.3604413602466223 
0.3604413602466223 
0.3604413602466223 
0.3604413602466223 
0.3604413602466223 
0.3604413602466223 
0.3604413602466223 
0.3604413602466223 
0.3604413602466223 
0.3604413602466223 
0.3604413602466223 
0.3604413602466223 
0.3604413602466223 
0.3604413602466223 
0.3604413602466223 
0.3604413602466223 
0.3604413602466223 
0.3604413602466223 
0.3604413602466223 
0.3604413602466223 
0.3604413602466223 
0.3604413602466223 
0.3604413602466223 
0.3604413602466223 
0.3604413602466223 
0.3602471239514453 
0.3602471239514453 
0.3602471239514453 
0.3602471239514453 
0.3602471239514453 
0.3602471239514453 
0.3602471239514453 
0.3602471239514453 
0.3602471239514453 
0.3602471239514453 
0.3602471239514453 
0.3602471239514453 
0.3602471239514453 
0.3602471239514453 
0.3602471239514453 
0.3602471239514453 
0.3602471239514453 
0.3602471239514453 
0.3602471239514453 
0.3602471239514453 
0.3602471239514453 
0.3602471239514453 
0.3602471239514453 
0.3602471239514453 
0.3602471239514453 
0.3602471239514453 
0.3602471239514453 
0.3602471239514453 
0.3602471239514453 
0.3602471239514453 
0.3602471239514453 
0.3602471239514453 
0.3602471239514453 
0.36006566830074266 
0.36006566830074266 
0.36006566830074266 
0.36006566830074266 
0.36006566830074266 
0.36006566830074266 
0.36006566830074266 
0.36006566830074266 
0.36006566830074266 
0.36006566830074266 
0.36006566830074266 
0.36006566830074266 
0.36006566830074266 
0.36006566830074266 
0.36006566830074266 
0.36006566830074266 
0.36006566830074266 
0.36006566830074266 
0.36006566830074266 
0.36006566830074266 
0.36006566830074266 
0.36006566830074266 
0.36006566830074266 
0.36006566830074266 
0.36006566830074266 
0.36006566830074266 
0.36006566830074266 
0.36006566830074266 
0.36006566830074266 
0.36006566830074266 
0.36006566830074266 
0.36006566830074266 
0.36006566830074266 
0.36006566830074266 
0.36006566830074266 
0.36006566830074266 
0.36006566830074266 
0.36006566830074266 
0.36006566830074266 
0.3602145822833118 
0.3602145822833118 
0.3602145822833118 
0.3602145822833118 
0.3602145822833118 
0.3602145822833118 
0.3602145822833118 
0.3602145822833118 
0.3602145822833118 
0.3602145822833118 
0.3602145822833118 
0.3602145822833118 
0.3602145822833118 
0.3602145822833118 
0.3602145822833118 
0.3602145822833118 
0.3602145822833118 
0.3602145822833118 
0.3602145822833118 
0.3602145822833118 
0.3602145822833118 
0.3602145822833118 
0.3602145822833118 
0.3602145822833118 
0.3602145822833118 
0.3602145822833118 
0.3602145822833118 
0.3602145822833118 
0.3602145822833118 
0.3602145822833118 
0.3602145822833118 
0.3602145822833118 
0.3602145822833118 
0.3602145822833118 
0.3602145822833118 
0.3602145822833118 
0.3602145822833118 
0.3602145822833118 
0.3602145822833118 
0.3602145822833118 
0.3602145822833118 
0.3602145822833118 
0.3602145822833118 
0.3602145822833118 
0.3602145822833118 
0.3602145822833118 
0.3602145822833118 
0.3602145822833118 
0.3602145822833118 
0.3602145822833118 
0.3602145822833118 
0.3602145822833118 
0.3602145822833118 
0.3602145822833118 
0.3602145822833118 
0.3602145822833118 
0.3602145822833118 
0.3602145822833118 
0.3602145822833118 
0.3602145822833118 
0.3602145822833118 
0.3602145822833118 
0.3602145822833118 
0.3602145822833118 
0.3602145822833118 
0.3602145822833118 
0.3602145822833118 
0.3602145822833118 
0.3602145822833118 
0.3602145822833118 
0.3602145822833118 
0.3602145822833118 
0.3602145822833118 
0.3602145822833118 
0.3602145822833118 
0.3602145822833118 
0.3602145822833118 
0.3602145822833118 
0.3602145822833118 
0.3602145822833118 
0.3602145822833118 
0.3602145822833118 
0.3602145822833118 
0.3602145822833118 
0.3602145822833118 
0.3602145822833118 
0.3602145822833118 
0.3602145822833118 
0.3602145822833118 
0.3602145822833118 
0.3602145822833118 
0.3602145822833118 
0.3602145822833118 
0.3602145822833118 
0.3602145822833118 
0.3602145822833118 
0.3602145822833118 
0.3602145822833118 
0.3602145822833118 
0.3602145822833118 
0.3602145822833118 
0.3602145822833118 
0.3602145822833118 
0.3602145822833118 
0.3602145822833118 
0.3602145822833118 
0.3602145822833118 
0.3602145822833118 
0.3602145822833118 
0.3602145822833118 
0.3602145822833118 
0.3602145822833118 
0.3602145822833118 
0.3602145822833118 
0.3602145822833118 
0.3602145822833118 
0.3602145822833118 
0.3602145822833118 
0.3602145822833118 
0.3602145822833118 
0.3602145822833118 
0.3602145822833118 
0.3602145822833118 
0.3602145822833118 
0.3602145822833118 
0.3602145822833118 
0.3602145822833118 
0.3602145822833118 
0.3602145822833118 
0.3602145822833118 
0.3602145822833118 
0.3602145822833118 
0.3602145822833118 
0.3602145822833118 
0.3602145822833118 
0.3602145822833118 
0.3602145822833118 
0.3602145822833118 
0.3602145822833118 
0.3602145822833118 
0.3602145822833118 
0.3602145822833118 
0.3602145822833118 
0.3602145822833118 
0.3602145822833118 
0.3602145822833118 
0.3602145822833118 
0.3602145822833118 
0.3602145822833118 
0.3602145822833118 
0.3602145822833118 
0.3602145822833118 
0.3602145822833118 
0.3602145822833118 
0.3602145822833118 
0.3602145822833118 
0.3602145822833118 
0.3602145822833118 
0.3602145822833118 
0.3602145822833118 
0.3602145822833118 
0.3602145822833118 
0.3602145822833118 
0.3602145822833118 
0.3602145822833118 
0.3602145822833118 
0.3602145822833118 
0.3602145822833118 
0.3602145822833118 
0.3602145822833118 
0.3602145822833118 
0.3602145822833118 
0.3602145822833118 
0.3602145822833118 
0.3602145822833118 
0.3602145822833118 
0.3602145822833118 
0.3602145822833118 
0.3602145822833118 
0.3602145822833118 
0.3602145822833118 
0.3602145822833118 
0.3602145822833118 
0.3602145822833118 
0.3602145822833118 
0.3602145822833118 
0.3602145822833118 
0.3602145822833118 
0.3602145822833118 
0.3602145822833118 
0.3602145822833118 
0.3602145822833118 
0.3602145822833118 
0.3602145822833118 
0.3602145822833118 
0.3602145822833118 
0.3602145822833118 
0.3602145822833118 
0.3602145822833118 
0.3602145822833118 
0.3602145822833118 
0.3602145822833118 
0.3602145822833118 
0.3602145822833118 
0.3602145822833118 
0.3602145822833118 
0.3602145822833118 
0.3602145822833118 
0.3602145822833118 
0.3602145822833118 
0.3602145822833118 
0.3602145822833118 
0.3602145822833118 
0.3602145822833118 
0.3602145822833118 
0.3602145822833118 
0.3602145822833118 
0.3602145822833118 
0.3602145822833118 
0.3602145822833118 
0.3602145822833118 
0.3602145822833118 
0.3602145822833118 
0.3602145822833118 
0.3602145822833118 
0.3602145822833118 
0.3602145822833118 
0.3602145822833118 
0.3602145822833118 
0.3602145822833118 
0.3602145822833118 
0.3602145822833118 
0.3602145822833118 
0.3602145822833118 
0.3602145822833118 
0.3602145822833118 
0.3602145822833118 
0.3602145822833118 
0.3602145822833118 
0.3602145822833118 
0.3602145822833118 
0.3602145822833118 
0.3602145822833118 
0.3602145822833118 
0.3602145822833118 
0.3602145822833118 
0.3602145822833118 
0.3602145822833118 
0.3602145822833118 
0.3602145822833118 
0.3602145822833118 
0.3602145822833118 
0.3602145822833118 
0.3602145822833118 
0.3602145822833118 
0.3602145822833118 
0.3602145822833118 
0.3602145822833118 
0.3602145822833118 
0.3602145822833118 
0.3602145822833118 
0.3602145822833118 
0.3602145822833118 
0.3602145822833118 
0.3602145822833118 
0.3602145822833118 
0.3602145822833118 
0.3602145822833118 
0.3602145822833118 
0.3602145822833118 
0.3602145822833118 
0.3602145822833118 
0.3602145822833118 
0.3602145822833118 
0.3602145822833118 
0.3602145822833118 
0.3602145822833118 
0.3602145822833118 
0.3602145822833118 
0.3602145822833118 
0.3602145822833118 
0.3602145822833118 
0.3602145822833118 
0.3602145822833118 
0.3602145822833118 
0.3602145822833118 
0.3602145822833118 
0.3602145822833118 
0.3602145822833118 
0.3602145822833118 
0.3602145822833118 
0.3602145822833118 
0.3602145822833118 
0.3602145822833118 
0.3602145822833118 
0.3602145822833118 
0.3602145822833118 
0.3602145822833118 
0.3602145822833118 
0.3602145822833118 
0.3602145822833118 
0.3602145822833118 
0.3602145822833118 
0.3602145822833118 
0.3602145822833118 
0.3602145822833118 
0.3602145822833118 
0.3602145822833118 
0.3602145822833118 
0.3602145822833118 
0.3602145822833118 
0.3602145822833118 
0.3602145822833118 
0.3602145822833118 
0.3602145822833118 
0.3602145822833118 
0.3602145822833118 
0.3602145822833118 
0.3602145822833118 
0.3602145822833118 
0.3602145822833118 
0.3602145822833118 
0.3602145822833118 
0.3602145822833118 
0.3602145822833118 
0.3602145822833118 
0.3602145822833118 
0.3602145822833118 
0.3602145822833118 
0.3602145822833118 
0.3602145822833118 
0.3602145822833118 
0.3602145822833118 
0.3602145822833118 
0.3602145822833118 
0.3602145822833118 
0.3602145822833118 
0.3602145822833118 
0.3602145822833118 
0.3602145822833118 
0.3602145822833118 
0.3602145822833118 
0.3602145822833118 
0.3602145822833118 
0.3602145822833118 
0.3602145822833118 
0.3602145822833118 
0.3602145822833118 
0.3602145822833118 
0.3602145822833118 
0.3602145822833118 
0.3602145822833118 
0.3602145822833118 
0.3602145822833118 
0.3602145822833118 
0.3602145822833118 
0.3602145822833118 
0.3602145822833118 
0.3602145822833118 
0.3602145822833118 
0.3602145822833118 
0.3602145822833118 
0.3602145822833118 
0.3602145822833118 
0.3602145822833118 
0.3602145822833118 
0.3602145822833118 
0.3602145822833118 
0.3602145822833118 
0.3602145822833118 
0.3602145822833118 
0.3602145822833118 
0.3602145822833118 
0.3602145822833118 
0.3602145822833118 
0.3602145822833118 
0.3602145822833118 
0.3602145822833118 
0.3602145822833118 
0.3602145822833118 
0.3602145822833118 
0.3602145822833118 
0.3602145822833118 
0.3602145822833118 
0.3602145822833118 
0.3602145822833118 
0.3602145822833118 
0.3602145822833118 
0.3602145822833118 
0.3602145822833118 
0.3602145822833118 
0.3602145822833118 
0.3602145822833118 
0.3602145822833118 
0.3602145822833118 
0.3602145822833118 
0.3602145822833118 
0.3602145822833118 
0.3602145822833118 
0.3602145822833118 
0.3602145822833118 
0.3602145822833118 
0.3602145822833118 
0.3602145822833118 
0.3602145822833118 
0.3602145822833118 
0.3602145822833118 
0.3602145822833118 
0.3602145822833118 
0.3602145822833118 
0.3602145822833118 
0.3602145822833118 
0.3602145822833118 
0.3602145822833118 
0.3602145822833118 
0.3602145822833118 
0.3602145822833118 
0.3602145822833118 
0.3602145822833118 
0.3602145822833118 
0.3602145822833118 
0.3602145822833118 
0.3602145822833118 
0.3602145822833118 
0.3602145822833118 
0.3602145822833118 
0.3602145822833118 
0.3602145822833118 
0.3602145822833118 
0.3602145822833118 
0.3602145822833118 
0.3602145822833118 
0.3602145822833118 
0.3602145822833118 
0.3602145822833118 
0.3602145822833118 
0.3602145822833118 
0.3602145822833118 
0.3602145822833118 
0.3602145822833118 
0.3602145822833118 
0.3602145822833118 
0.3602145822833118 
0.3602145822833118 
0.3602145822833118 
0.3602145822833118 
0.3602145822833118 
0.3602145822833118 
0.3602145822833118 
0.3602145822833118 
0.3602145822833118 
0.3602145822833118 
0.3602145822833118 
0.3602145822833118 
0.3602145822833118 
0.3602145822833118 
0.3602145822833118 
0.3602145822833118 
0.3602145822833118 
0.3602145822833118 
0.3602145822833118 
0.3602145822833118 
0.3602145822833118 
0.3602145822833118 
0.3602145822833118 
0.3602145822833118 
0.3602145822833118 
0.3602145822833118 
0.3602145822833118 
0.3602145822833118 
0.3602145822833118 
0.3602145822833118 
0.3602145822833118 
0.3602145822833118 
0.3602145822833118 
0.3602145822833118 
0.3602145822833118 
0.3602145822833118 
0.3602145822833118 
0.3602145822833118 
0.3602145822833118 
0.3602145822833118 
0.3602145822833118 
0.3602145822833118 
0.3602145822833118 
0.3602145822833118 
0.3602145822833118 
0.3602145822833118 
0.3602145822833118 
0.3602145822833118 
0.3602145822833118 
0.3602145822833118 
0.3602145822833118 
0.3602145822833118 
0.3602145822833118 
0.3602145822833118 
0.3602145822833118 
0.3602145822833118 
0.3602145822833118 
0.3602145822833118 
0.3602145822833118 
0.3602145822833118 
0.3602145822833118 
0.3602145822833118 
0.3602145822833118 
0.3602145822833118 
0.3602145822833118 
0.3602145822833118 
0.3602145822833118 
0.3602145822833118 
0.3602145822833118 
0.3602145822833118 
0.3602145822833118 
0.3602145822833118 
0.3602145822833118 
0.3602145822833118 
0.3602145822833118 
0.3602145822833118 
0.3602145822833118 
0.3602145822833118 
0.3602145822833118 
0.3602145822833118 
0.3602145822833118 
0.3602145822833118 
0.3602145822833118 
0.3602145822833118 
0.3602145822833118 
0.3602145822833118 
0.3602145822833118 
0.3602145822833118 
0.3602145822833118 
0.3602145822833118 
0.3602145822833118 
0.3602145822833118 
0.3602145822833118 
0.3602145822833118 
0.3602145822833118 
0.3602145822833118 
0.3602145822833118 
0.3602145822833118 
0.3602145822833118 
0.3602145822833118 
0.3602145822833118 
0.3602145822833118 
0.3602145822833118 
0.3602145822833118 
0.3602145822833118 
0.3602145822833118 
0.3602145822833118 
0.3602145822833118 
0.3602145822833118 
0.3602145822833118 
0.3602145822833118 
0.3602145822833118 
0.3602145822833118 
0.3602145822833118 
0.3602145822833118 
0.3602145822833118 
0.3602145822833118 
0.3602145822833118 
0.3602145822833118 
0.3602145822833118 
0.3602145822833118 
0.3602145822833118 
0.3602145822833118 
0.3602145822833118 
0.3602145822833118 
0.3602145822833118 
0.3602145822833118 
0.3602145822833118 
0.3602145822833118 
0.3602145822833118 
0.3602145822833118 
0.3602145822833118 
0.3602145822833118 
0.3602145822833118 
0.3602145822833118 
0.3602145822833118 
0.3602145822833118 
0.3602145822833118 
0.3602145822833118 
0.3602145822833118 
0.3602145822833118 
0.3602145822833118 
0.3602145822833118 
0.3602145822833118 
0.3602145822833118 
0.3602145822833118 
0.3602145822833118 
0.3602145822833118 
0.3602145822833118 
0.3602145822833118 
0.3602145822833118 
0.3602145822833118 
0.3602145822833118 
0.3602145822833118 
0.3602145822833118 
0.3602145822833118 
0.3602145822833118 
0.3602145822833118 
0.3602145822833118 
0.3602145822833118 
0.3602145822833118 
0.3602145822833118 
0.3602145822833118 
0.3602145822833118 
0.3602145822833118 
0.3602145822833118 
0.3602145822833118 
0.3602145822833118 
0.3602145822833118 
0.3602145822833118 
0.3602145822833118 
0.3602145822833118 
0.3602145822833118 
0.3602145822833118 
0.3602145822833118 
0.3602145822833118 
0.3602145822833118 
0.3602145822833118 
0.3602145822833118 
0.3602145822833118 
0.3602145822833118 
0.3602145822833118 
0.3602145822833118 
0.3602145822833118 
0.3602145822833118 
0.3602145822833118 
0.3602145822833118 
0.3602145822833118 
0.3602145822833118 
0.3602145822833118 
0.3602145822833118 
0.3602145822833118 
0.3602145822833118 
0.3602145822833118 
0.3602145822833118 
0.3602145822833118 
0.3602145822833118 
0.3602145822833118 
0.3602145822833118 
0.3602145822833118 
0.3602145822833118 
0.3602145822833118 
0.3602145822833118 
0.3602145822833118 
0.3602145822833118 
0.3602145822833118 
0.3602145822833118 
0.3602145822833118 
0.3602145822833118 
0.3602145822833118 
0.3602145822833118 
0.3602145822833118 
0.3602145822833118 
0.3602145822833118 
0.3602145822833118 
0.3602145822833118 
0.3602145822833118 
0.3602145822833118 
0.3602145822833118 
0.3602145822833118 
0.3602145822833118 
0.3602145822833118 
0.3602145822833118 
0.3602145822833118 
0.3602145822833118 
0.3602145822833118 
0.3602145822833118 
0.3602145822833118 
0.3602145822833118 
0.3602145822833118 
0.3602145822833118 
0.3602145822833118 
0.3602145822833118 
0.3602145822833118 
0.3602145822833118 
0.3602145822833118 
0.3602145822833118 
0.3602145822833118 
0.3602145822833118 
0.3602145822833118 
0.3602145822833118 
0.3602145822833118 
0.3602145822833118 
0.3602145822833118 
0.3602145822833118 
0.3602145822833118 
0.3602145822833118 
0.3602145822833118 
0.3602145822833118 
0.3602145822833118 
0.3602145822833118 
0.3602145822833118 
0.3602145822833118 
0.3602145822833118 
0.3602145822833118 
0.3602145822833118 
0.3602145822833118 
0.3602145822833118 
0.3602145822833118 
0.3602145822833118 
0.3602145822833118 
0.3602145822833118 
0.3602145822833118 
0.3602145822833118 
0.3602145822833118 
0.3602145822833118 
0.3602145822833118 
0.3602145822833118 
0.3602145822833118 
0.3602145822833118 
0.3602145822833118 
0.3602145822833118 
0.3602145822833118 
0.3602145822833118 
0.3602145822833118 
0.3602145822833118 
0.3602145822833118 
0.3602145822833118 
0.3602145822833118 
0.3602145822833118 
0.3602145822833118 
0.3602145822833118 
0.3602145822833118 
0.3602145822833118 
0.3602145822833118 
0.3602145822833118 
0.3602145822833118 
0.3602145822833118 
0.3602145822833118 
0.3602145822833118 
0.3602145822833118 
0.3602145822833118 
0.3602145822833118 
0.3602145822833118 
0.3602145822833118 
0.3602145822833118 
0.3602145822833118 
0.3602145822833118 
0.3602145822833118 
0.3602145822833118 
0.3602145822833118 
0.3602145822833118 
0.3602145822833118 
0.3602145822833118 
0.3602145822833118 
0.3602145822833118 
0.3602145822833118 
0.3602145822833118 
0.3602145822833118 
0.3602145822833118 
0.3602145822833118 
0.3602145822833118 
0.3602145822833118 
0.3602145822833118 
0.3602145822833118 
0.3602145822833118 
0.3602145822833118 
0.3602145822833118 
0.3602145822833118 
0.3602145822833118 
0.3602145822833118 
0.3602145822833118 
0.3602145822833118 
0.3602145822833118 
0.3602145822833118 
0.3602145822833118 
0.3602145822833118 
0.3602145822833118 
0.3602145822833118 
0.3602145822833118 
0.3602145822833118 
0.3602145822833118 
0.3602145822833118 
0.3602145822833118 
0.3602145822833118 
0.3602145822833118 
0.3602145822833118 
0.3602145822833118 
0.3602145822833118 
0.3602145822833118 
0.3602145822833118 
0.3602145822833118 
0.3602145822833118 
0.3602145822833118 
0.3602145822833118 
0.3602145822833118 
0.3602145822833118 
0.3602145822833118 
0.3602145822833118 
0.3602145822833118 
0.3602145822833118 
0.3602145822833118 
0.3602145822833118 
0.3602145822833118 
0.3602145822833118 
0.3602145822833118 
0.3602145822833118 
0.3602145822833118 
0.3602145822833118 
0.3602145822833118 
0.3602145822833118 
0.3602145822833118 
0.3602145822833118 
0.3602145822833118 
0.3602145822833118 
0.3602145822833118 
0.3602145822833118 
0.3602145822833118 
0.3602145822833118 
0.3602145822833118 
0.3602145822833118 
0.3602145822833118 
0.3602145822833118 
0.3602145822833118 
0.3602145822833118 
0.3602145822833118 
0.3602145822833118 
0.3602145822833118 
0.3602145822833118 
0.3602145822833118 
0.3602145822833118 
0.3602145822833118 
0.3602145822833118 
0.3602145822833118 
0.3602145822833118 
0.3602145822833118 
0.3602145822833118 
0.3602145822833118 
0.3602145822833118 
0.3602145822833118 
0.3602145822833118 
0.3602145822833118 
0.3602145822833118 
0.3602145822833118 
0.3602145822833118 
0.3602145822833118 
0.3602145822833118 
0.3602145822833118 
0.3602145822833118 
0.3602145822833118 
0.3602145822833118 
0.3602145822833118 
0.3602145822833118 
0.3602145822833118 
0.3602145822833118 
0.3602145822833118 
0.3602145822833118 
0.3602145822833118 
0.3602145822833118 
0.3602145822833118 
0.3602145822833118 
0.3602145822833118 
0.3602145822833118 
0.3602145822833118 
0.3602145822833118 
0.3602145822833118 
0.3602145822833118 
0.3602145822833118 
0.3602145822833118 
0.3602145822833118 
0.3602145822833118 
0.3602145822833118 
0.3602145822833118 
0.3602145822833118 
0.3602145822833118 
0.3602145822833118 
0.3602145822833118 
0.3602145822833118 
0.3602145822833118 
0.3602145822833118 
0.3602145822833118 
0.3602145822833118 
0.3602145822833118 
0.3602145822833118 
0.3602145822833118 
0.3602145822833118 
0.3602145822833118 
0.3602145822833118 
0.3602145822833118 
0.3602145822833118 
0.3602145822833118 
0.3602145822833118 
0.3602145822833118 
0.3602145822833118 
0.3602145822833118 
0.3602145822833118 
0.3602145822833118 
0.3602145822833118 
0.3602145822833118 
0.3602145822833118 
0.3602145822833118 
0.3602145822833118 
0.3602145822833118 
0.3602145822833118 
0.3602145822833118 
0.3602145822833118 
0.3602145822833118 
0.3602145822833118 
0.3602145822833118 
0.3602145822833118 
0.3602145822833118 
0.3602145822833118 
0.3602145822833118 
0.3602145822833118 
0.3602145822833118 
0.3602145822833118 
0.3602145822833118 
0.3602145822833118 
0.3602145822833118 
0.3602145822833118 
0.3602145822833118 
0.3602145822833118 
0.3602145822833118 
0.3602145822833118 
0.3602145822833118 
0.3602145822833118 
0.3602145822833118 
0.3602145822833118 
0.3602145822833118 
0.3602145822833118 
0.3602145822833118 
0.3602145822833118 
0.3602145822833118 
0.3602145822833118 
0.3602145822833118 
0.3602145822833118 
0.3602145822833118 
0.3602145822833118 
0.3602145822833118 
0.3602145822833118 
0.3602145822833118 
0.3602145822833118 
0.3602145822833118 
0.3602145822833118 
0.3602145822833118 
0.3602145822833118 
0.3602145822833118 
0.3602145822833118 
0.3602145822833118 
0.3602145822833118 
0.3602145822833118 
0.3602145822833118 
0.3602145822833118 
0.3602145822833118 
0.3602145822833118 
0.3602145822833118 
0.3602145822833118 
0.3602145822833118 
0.3602145822833118 
0.3602145822833118 
0.3602145822833118 
0.3602145822833118 
0.3602145822833118 
0.3602145822833118 
0.3602145822833118 
0.3602145822833118 
0.3602145822833118 
0.3602145822833118 
0.3602145822833118 
0.3602145822833118 
0.3602145822833118 
0.3602145822833118 
0.3602145822833118 
0.3602145822833118 
0.3602145822833118 
0.3602145822833118 
0.3602145822833118 
0.3602145822833118 
0.3602145822833118 
0.3602145822833118 
0.3602145822833118 
0.3602145822833118 
0.3602145822833118 
0.3602145822833118 
0.3602145822833118 
0.3602145822833118 
0.3602145822833118 
0.3602145822833118 
0.3602145822833118 
0.3602145822833118 
0.3602145822833118 
0.3602145822833118 
0.3602145822833118 
0.3602145822833118 
0.3602145822833118 
0.3602145822833118 
0.3602145822833118 
0.3602145822833118 
0.3602145822833118 
0.3602145822833118 
0.3602145822833118 
0.3602145822833118 
0.3602145822833118 
0.3602145822833118 
0.3602145822833118 
0.3602145822833118 
0.3602145822833118 
0.3602145822833118 
0.3602145822833118 
0.3602145822833118 
0.3602145822833118 
0.3602145822833118 
0.3602145822833118 
0.3602145822833118 
0.3602145822833118 
0.3602145822833118 
0.3602145822833118 
0.3602145822833118 
0.3602145822833118 
0.3602145822833118 
0.3602145822833118 
0.3602145822833118 
0.3602145822833118 
0.3602145822833118 
0.3602145822833118 
0.3602145822833118 
0.3602145822833118 
0.3602145822833118 
0.3602145822833118 
0.3602145822833118 
0.3602145822833118 
0.3602145822833118 
0.3602145822833118 
0.3602145822833118 
0.3602145822833118 
0.3602145822833118 
0.3602145822833118 
0.3602145822833118 
0.3602145822833118 
0.3602145822833118 
0.3602145822833118 
0.3602145822833118 
0.3602145822833118 
0.3602145822833118 
0.3602145822833118 
0.3602145822833118 
0.3602145822833118 
0.3602145822833118 
0.3602145822833118 
0.3602145822833118 
0.3602145822833118 
0.3602145822833118 
0.3602145822833118 
0.3602145822833118 
0.3602145822833118 
0.3602145822833118 
0.3602145822833118 
0.3602145822833118 
0.3602145822833118 
0.3602145822833118 
0.3602145822833118 
0.3602145822833118 
0.3602145822833118 
0.3602145822833118 
0.3602145822833118 
0.3602145822833118 
0.3602145822833118 
0.3602145822833118 
0.3602145822833118 
0.3602145822833118 
0.3602145822833118 
0.3602145822833118 
0.3602145822833118 
0.3602145822833118 
0.3602145822833118 
0.3602145822833118 
0.3602145822833118 
0.3602145822833118 
0.3602145822833118 
0.3602145822833118 
0.3602145822833118 
0.3602145822833118 
0.3602145822833118 
0.3602145822833118 
0.3602145822833118 
0.3602145822833118 
0.3602145822833118 
0.3602145822833118 
0.3602145822833118 
0.3602145822833118 
0.3602145822833118 
0.3602145822833118 
0.3602145822833118 
0.3602145822833118 
0.3602145822833118 
0.3602145822833118 
0.3602145822833118 
0.3602145822833118 
0.3602145822833118 
0.3602145822833118 
0.3602145822833118 
0.3602145822833118 
0.3602145822833118 
0.3602145822833118 
0.3602145822833118 
0.3602145822833118 
0.3602145822833118 
0.3602145822833118 
0.3602145822833118 
0.3602145822833118 
0.3602145822833118 
0.3602145822833118 
0.3602145822833118 
0.3602145822833118 
0.3602145822833118 
0.3602145822833118 
0.3602145822833118 
0.3602145822833118 
0.3602145822833118 
0.3602145822833118 
0.3602145822833118 
0.3602145822833118 
0.3602145822833118 
0.3602145822833118 
0.3602145822833118 
0.3602145822833118 
0.3602145822833118 
0.3602145822833118 
0.3602145822833118 
0.3602145822833118 
0.3602145822833118 
0.3602145822833118 
0.3602145822833118 
0.3602145822833118 
0.3602145822833118 
0.3602145822833118 
0.3602145822833118 
0.3602145822833118 
0.3602145822833118 
0.3602145822833118 
0.3602145822833118 
0.3602145822833118 
0.3602145822833118 
0.3602145822833118 
0.3602145822833118 
0.3602145822833118 
0.3602145822833118 
0.3602145822833118 
0.3602145822833118 
0.3602145822833118 
0.3602145822833118 
0.3602145822833118 
0.3602145822833118 
0.3602145822833118 
0.3602145822833118 
0.3602145822833118 
0.3602145822833118 
0.3602145822833118 
0.3602145822833118 
0.3602145822833118 
0.3602145822833118 
0.3602145822833118 
0.3602145822833118 
0.3602145822833118 
0.3602145822833118 
0.3602145822833118 
0.3602145822833118 
0.3602145822833118 
0.3602145822833118 
0.3602145822833118 
0.3602145822833118 
0.3602145822833118 
0.3602145822833118 
0.3602145822833118 
0.3602145822833118 
0.3602145822833118 
0.3602145822833118 
0.3602145822833118 
0.3602145822833118 
0.3602145822833118 
0.3602145822833118 
0.3602145822833118 
0.3602145822833118 
0.3602145822833118 
0.3602145822833118 
0.3602145822833118 
0.3602145822833118 
0.3602145822833118 
0.3602145822833118 
0.3602145822833118 
0.3602145822833118 
0.3602145822833118 
0.3602145822833118 
0.3602145822833118 
0.3602145822833118 
0.3602145822833118 
0.3602145822833118 
0.3602145822833118 
0.3602145822833118 
0.3602145822833118 
0.3602145822833118 
0.3602145822833118 
0.3602145822833118 
0.3602145822833118 
0.3602145822833118 
0.3602145822833118 
0.3602145822833118 
0.3602145822833118 
0.3602145822833118 
0.3602145822833118 
0.3602145822833118 
0.3602145822833118 
0.3602145822833118 
0.3602145822833118 
0.3602145822833118 
0.3602145822833118 
0.3602145822833118 
0.3602145822833118 
0.3602145822833118 
0.3602145822833118 
0.3602145822833118 
0.3602145822833118 
0.3602145822833118 
0.3602145822833118 
0.3602145822833118 
0.3602145822833118 
0.3602145822833118 
0.3602145822833118 
0.3602145822833118 
0.3602145822833118 
0.3602145822833118 
0.3602145822833118 
0.3602145822833118 
0.3602145822833118 
0.3602145822833118 
0.3602145822833118 
0.3602145822833118 
0.3602145822833118 
0.3602145822833118 
0.3602145822833118 
0.3602145822833118 
0.3602145822833118 
0.3602145822833118 
0.3602145822833118 
0.3602145822833118 
0.3602145822833118 
0.3602145822833118 
0.3602145822833118 
0.3602145822833118 
0.3602145822833118 
0.3602145822833118 
0.3602145822833118 
0.3602145822833118 
0.3602145822833118 
0.3602145822833118 
0.3602145822833118 
0.3602145822833118 
0.3602145822833118 
0.3602145822833118 
0.3602145822833118 
0.3602145822833118 
0.3602145822833118 
0.3602145822833118 
0.3602145822833118 
0.3602145822833118 
0.3602145822833118 
0.3602145822833118 
0.3602145822833118 
0.3602145822833118 
0.3602145822833118 
0.3602145822833118 
0.3602145822833118 
0.3602145822833118 
0.3602145822833118 
0.3602145822833118 
0.3602145822833118 
0.3602145822833118 
0.3602145822833118 
0.3602145822833118 
0.3602145822833118 
0.3602145822833118 
0.3602145822833118 
0.3602145822833118 
0.3602145822833118 
0.3602145822833118 
0.3602145822833118 
0.3602145822833118 
0.3602145822833118 
0.3602145822833118 
0.3602145822833118 
0.3602145822833118 
0.3602145822833118 
0.3602145822833118 
0.3602145822833118 
0.3602145822833118 
0.3602145822833118 
0.3602145822833118 
0.3602145822833118 
0.3602145822833118 
0.3602145822833118 
0.3602145822833118 
0.3602145822833118 
0.3602145822833118 
0.3602145822833118 
0.3602145822833118 
0.3602145822833118 
0.3602145822833118 
0.3602145822833118 
0.3602145822833118 
0.3602145822833118 
0.3602145822833118 
0.3602145822833118 
0.3602145822833118 
0.3602145822833118 
0.3602145822833118 
0.3602145822833118 
0.3602145822833118 
0.3602145822833118 
0.3602145822833118 
0.3602145822833118 
0.3602145822833118 
0.3602145822833118 
0.3602145822833118 
0.3602145822833118 
0.3602145822833118 
0.3602145822833118 
0.3602145822833118 
0.3602145822833118 
0.3602145822833118 
0.3602145822833118 
0.3602145822833118 
0.3602145822833118 
0.3602145822833118 
0.3602145822833118 
0.3602145822833118 
0.3602145822833118 
0.3602145822833118 
0.3602145822833118 
0.3602145822833118 
0.3602145822833118 
0.3602145822833118 
0.3602145822833118 
0.3602145822833118 
0.3602145822833118 
0.3602145822833118 
0.3602145822833118 
0.3602145822833118 
0.3602145822833118 
0.3602145822833118 
0.3602145822833118 
0.3602145822833118 
0.3602145822833118 
0.3602145822833118 
0.3602145822833118 
0.3602145822833118 
0.3602145822833118 
0.3602145822833118 
0.3602145822833118 
0.3602145822833118 
0.3602145822833118 
0.3602145822833118 
0.3602145822833118 
0.3602145822833118 
0.3602145822833118 
0.3602145822833118 
0.3602145822833118 
0.3602145822833118 
0.3602145822833118 
0.3602145822833118 
0.3602145822833118 
0.3602145822833118 
0.3602145822833118 
0.3602145822833118 
0.3602145822833118 
0.3602145822833118 
0.3602145822833118 
0.3602145822833118 
0.3602145822833118 
0.3602145822833118 
0.3602145822833118 
0.3602145822833118 
0.3602145822833118 
0.3602145822833118 
0.3602145822833118 
0.3602145822833118 
0.3602145822833118 
0.3602145822833118 
0.3602145822833118 
0.3602145822833118 
0.3602145822833118 
0.3602145822833118 
0.3602145822833118 
0.3602145822833118 
0.3602145822833118 
0.3602145822833118 
0.3602145822833118 
0.3602145822833118 
0.3602145822833118 
0.3602145822833118 
0.3602145822833118 
0.3602145822833118 
0.3602145822833118 
0.3602145822833118 
0.3602145822833118 
0.3602145822833118 
0.3602145822833118 
0.3602145822833118 
0.3602145822833118 
0.3602145822833118 
0.3602145822833118 
0.3602145822833118 
0.3602145822833118 
0.3602145822833118 
0.3602145822833118 
0.3602145822833118 
0.3602145822833118 
0.3602145822833118 
0.3602145822833118 
0.3602145822833118 
0.3602145822833118 
0.3602145822833118 
0.3602145822833118 
0.3602145822833118 
0.3602145822833118 
0.3602145822833118 
0.3602145822833118 
0.3602145822833118 
0.3602145822833118 
0.3602145822833118 
0.3602145822833118 
0.3602145822833118 
0.3602145822833118 
0.3602145822833118 
0.3602145822833118 
0.3602145822833118 
0.3602145822833118 
0.3602145822833118 
0.3602145822833118 
0.3602145822833118 
0.3602145822833118 
0.3602145822833118 
0.3602145822833118 
0.3602145822833118 
0.3602145822833118 
0.3602145822833118 
0.3602145822833118 
0.3602145822833118 
0.3602145822833118 
0.3602145822833118 
0.3602145822833118 
0.3602145822833118 
0.3602145822833118 
0.3602145822833118 
0.3602145822833118 
0.3602145822833118 
0.3602145822833118 
0.3602145822833118 
0.3602145822833118 
0.3602145822833118 
0.3602145822833118 
0.3602145822833118 
0.3602145822833118 
0.3602145822833118 
0.3602145822833118 
0.3602145822833118 
0.3602145822833118 
0.3602145822833118 
0.3602145822833118 
0.3602145822833118 
0.3602145822833118 
0.3602145822833118 
0.3602145822833118 
0.3602145822833118 
0.3602145822833118 
0.3602145822833118 
0.3602145822833118 
0.3602145822833118 
0.3602145822833118 
0.3602145822833118 
0.3602145822833118 
0.3602145822833118 
0.3602145822833118 
0.3602145822833118 
0.3602145822833118 
0.3602145822833118 
0.3602145822833118 
0.3602145822833118 
0.3602145822833118 
0.3602145822833118 
0.3602145822833118 
0.3602145822833118 
0.3602145822833118 
0.3602145822833118 
0.3602145822833118 
0.3602145822833118 
0.3602145822833118 
0.3602145822833118 
0.3602145822833118 
0.3602145822833118 
0.3602145822833118 
0.3602145822833118 
0.3602145822833118 
0.3602145822833118 
0.3602145822833118 
0.3602145822833118 
0.3602145822833118 
0.3602145822833118 
0.3602145822833118 
0.3602145822833118 
0.3602145822833118 
0.3602145822833118 
0.3602145822833118 
0.3602145822833118 
0.3602145822833118 
0.3602145822833118 
0.3602145822833118 
0.3602145822833118 
0.3602145822833118 
0.3602145822833118 
0.3602145822833118 
0.3602145822833118 
0.3602145822833118 
0.3602145822833118 
0.3602145822833118 
0.3602145822833118 
0.3602145822833118 
0.3602145822833118 
0.3602145822833118 
0.3602145822833118 
0.3602145822833118 
0.3602145822833118 
0.3602145822833118 
0.3602145822833118 
0.3602145822833118 
0.3602145822833118 
0.3602145822833118 
0.3602145822833118 
0.3602145822833118 
0.3602145822833118 
0.3602145822833118 
0.3602145822833118 
0.3602145822833118 
0.3602145822833118 
0.3602145822833118 
0.3602145822833118 
0.3602145822833118 
0.3602145822833118 
0.3602145822833118 
0.3602145822833118 
0.3602145822833118 
0.3602145822833118 
0.3602145822833118 
0.3602145822833118 
0.3602145822833118 
0.3602145822833118 
0.3602145822833118 
0.3602145822833118 
0.3602145822833118 
0.3602145822833118 
0.3602145822833118 
0.3602145822833118 
0.3602145822833118 
0.3602145822833118 
0.3602145822833118 
0.3602145822833118 
0.3602145822833118 
0.3602145822833118 
0.3602145822833118 
0.3602145822833118 
0.3602145822833118 
0.3602145822833118 
0.3602145822833118 
0.3602145822833118 
0.3602145822833118 
0.3602145822833118 
0.3602145822833118 
0.3602145822833118 
0.3602145822833118 
0.3602145822833118 
0.3602145822833118 
0.3602145822833118 
0.3602145822833118 
0.3602145822833118 
0.3602145822833118 
0.3602145822833118 
0.3602145822833118 
0.3602145822833118 
0.3602145822833118 
0.3602145822833118 
0.3602145822833118 
0.3602145822833118 
0.3602145822833118 
0.3602145822833118 
0.3602145822833118 
0.3602145822833118 
0.3602145822833118 
0.3602145822833118 
0.3602145822833118 
0.3602145822833118 
0.3602145822833118 
0.3602145822833118 
0.3602145822833118 
0.3602145822833118 
0.3602145822833118 
0.3602145822833118 
0.3602145822833118 
0.3602145822833118 
0.3602145822833118 
0.3602145822833118 
0.3602145822833118 
0.3602145822833118 
0.3602145822833118 
0.3602145822833118 
0.3602145822833118 
0.3602145822833118 
0.3602145822833118 
0.3602145822833118 
0.3602145822833118 
0.3602145822833118 
0.3602145822833118 
0.3602145822833118 
0.3602145822833118 
0.3602145822833118 
0.3602145822833118 
0.3602145822833118 
0.3602145822833118 
0.3602145822833118 
0.3602145822833118 
0.3602145822833118 
0.3602145822833118 
0.3602145822833118 
0.3602145822833118 
0.3602145822833118 
0.3602145822833118 
0.3602145822833118 
0.3602145822833118 
0.3602145822833118 
0.3602145822833118 
0.3602145822833118 
0.3602145822833118 
0.3602145822833118 
0.3602145822833118 
0.3602145822833118 
0.3602145822833118 
0.3602145822833118 
0.3602145822833118 
0.3602145822833118 
0.3602145822833118 
0.3602145822833118 
0.3602145822833118 
0.3602145822833118 
0.3602145822833118 
0.3602145822833118 
0.3602145822833118 
0.3602145822833118 
0.3602145822833118 
0.3602145822833118 
0.3602145822833118 
0.3602145822833118 
0.3602145822833118 
0.3602145822833118 
0.3602145822833118 
0.3602145822833118 
0.3602145822833118 
0.3602145822833118 
0.3602145822833118 
0.3602145822833118 
0.3602145822833118 
0.3602145822833118 
0.3602145822833118 
0.3602145822833118 
0.3602145822833118 
0.3602145822833118 
0.3602145822833118 
0.3602145822833118 
0.3602145822833118 
0.3602145822833118 
0.3602145822833118 
0.3602145822833118 
0.3602145822833118 
0.3602145822833118 
0.3602145822833118 
0.3602145822833118 
0.3602145822833118 
0.3602145822833118 
0.3602145822833118 
0.3602145822833118 
0.3602145822833118 
0.3602145822833118 
0.3602145822833118 
0.3602145822833118 
0.3602145822833118 
0.3602145822833118 
0.3602145822833118 
0.3602145822833118 
0.3602145822833118 
0.3602145822833118 
0.3602145822833118 
0.3602145822833118 
0.3602145822833118 
0.3602145822833118 
0.3602145822833118 
0.3602145822833118 
0.3602145822833118 
0.3602145822833118 
0.3602145822833118 
0.3602145822833118 
0.3602145822833118 
0.3602145822833118 
0.3602145822833118 
0.3602145822833118 
0.3602145822833118 
0.3602145822833118 
0.3602145822833118 
0.3602145822833118 
0.3602145822833118 
0.3602145822833118 
0.3602145822833118 
0.3602145822833118 
0.3602145822833118 
0.3602145822833118 
0.3602145822833118 
0.3602145822833118 
0.3602145822833118 
0.3602145822833118 
0.3602145822833118 
0.3602145822833118 
0.3602145822833118 
0.3602145822833118 
0.3602145822833118 
0.3602145822833118 
0.3602145822833118 
0.3602145822833118 
0.3602145822833118 
0.3602145822833118 
0.3602145822833118 
0.3602145822833118 
0.3602145822833118 
0.3602145822833118 
0.3602145822833118 
0.3602145822833118 
0.3602145822833118 
0.3602145822833118 
0.3602145822833118 
0.3602145822833118 
0.3602145822833118 
0.3602145822833118 
0.3602145822833118 
0.3602145822833118 
0.3602145822833118 
0.3602145822833118 
0.3602145822833118 
0.3602145822833118 
0.3602145822833118 
0.3602145822833118 
0.3602145822833118 
0.3602145822833118 
0.3602145822833118 
0.3602145822833118 
0.3602145822833118 
0.3602145822833118 
0.3602145822833118 
0.3602145822833118 
0.3602145822833118 
0.3602145822833118 
0.3602145822833118 
0.3602145822833118 
0.3602145822833118 
0.3602145822833118 
0.3602145822833118 
0.3602145822833118 
0.3602145822833118 
0.3602145822833118 
0.3602145822833118 
0.3602145822833118 
0.3602145822833118 
0.3602145822833118 
0.3602145822833118 
0.3602145822833118 
0.3602145822833118 
0.3602145822833118 
0.3602145822833118 
0.3602145822833118 
0.3602145822833118 
0.3602145822833118 
0.3602145822833118 
0.3602145822833118 
0.3602145822833118 
0.3602145822833118 
0.3602145822833118 
0.3602145822833118 
0.3602145822833118 
0.3602145822833118 
0.3602145822833118 
0.3602145822833118 
0.3602145822833118 
0.3602145822833118 
0.3602145822833118 
0.3602145822833118 
0.3602145822833118 
0.3602145822833118 
0.3602145822833118 
0.3602145822833118 
0.3602145822833118 
0.3602145822833118 
0.3602145822833118 
0.3602145822833118 
0.3602145822833118 
0.3602145822833118 
0.3602145822833118 
0.3602145822833118 
0.3602145822833118 
0.3602145822833118 
0.3602145822833118 
0.3602145822833118 
0.3602145822833118 
0.3602145822833118 
0.3602145822833118 
0.3602145822833118 
0.3602145822833118 
0.3602145822833118 
0.3602145822833118 
0.3602145822833118 
0.3602145822833118 
0.3602145822833118 
0.3602145822833118 
0.3602145822833118 
0.3602145822833118 
0.3602145822833118 
0.3602145822833118 
0.3602145822833118 
0.3602145822833118 
0.3602145822833118 
0.3602145822833118 
0.3602145822833118 
0.3602145822833118 
0.3602145822833118 
0.3602145822833118 
0.3602145822833118 
0.3602145822833118 
0.3602145822833118 
0.3602145822833118 
0.3602145822833118 
0.3602145822833118 
0.3602145822833118 
0.3602145822833118 
0.3602145822833118 
0.3602145822833118 
0.3602145822833118 
0.3602145822833118 
0.3602145822833118 
0.3602145822833118 
0.3602145822833118 
0.3602145822833118 
0.3602145822833118 
0.3602145822833118 
0.3602145822833118 
0.3602145822833118 
0.3602145822833118 
0.3602145822833118 
0.3602145822833118 
0.3602145822833118 
0.3602145822833118 
0.3602145822833118 
0.3602145822833118 
0.3602145822833118 
0.3602145822833118 
0.3602145822833118 
0.3602145822833118 
0.3602145822833118 
0.3602145822833118 
0.3602145822833118 
0.3602145822833118 
0.3602145822833118 
0.3602145822833118 
0.3602145822833118 
0.3602145822833118 
0.3602145822833118 
0.3602145822833118 
0.3602145822833118 
0.3602145822833118 
0.3602145822833118 
0.3602145822833118 
0.3602145822833118 
0.3602145822833118 
0.3602145822833118 
0.3602145822833118 
0.3602145822833118 
0.3602145822833118 
0.3602145822833118 
0.3602145822833118 
0.3602145822833118 
0.3602145822833118 
0.3602145822833118 
0.3602145822833118 
0.3602145822833118 
0.3602145822833118 
0.3602145822833118 
0.3602145822833118 
0.3602145822833118 
0.3602145822833118 
0.3602145822833118 
0.3602145822833118 
0.3602145822833118 
0.3602145822833118 
0.3602145822833118 
0.3602145822833118 
0.3602145822833118 
0.3602145822833118 
0.3602145822833118 
0.3602145822833118 
0.3602145822833118 
0.3602145822833118 
0.3602145822833118 
0.3602145822833118 
0.3602145822833118 
0.3602145822833118 
0.3602145822833118 
0.3602145822833118 
0.3602145822833118 
0.3602145822833118 
0.3602145822833118 
0.3602145822833118 
0.3602145822833118 
0.3602145822833118 
0.3602145822833118 
0.3602145822833118 
0.3602145822833118 
0.3602145822833118 
0.3602145822833118 
0.3602145822833118 
0.3602145822833118 
0.3602145822833118 
0.3602145822833118 
0.3602145822833118 
0.3602145822833118 
0.3602145822833118 
0.3602145822833118 
0.3602145822833118 
0.3602145822833118 
0.3602145822833118 
0.3602145822833118 
0.3602145822833118 
0.3602145822833118 
0.3602145822833118 
0.3602145822833118 
0.3602145822833118 
0.3602145822833118 
0.3602145822833118 
0.3602145822833118 
0.3602145822833118 
0.3602145822833118 
0.3602145822833118 
0.3602145822833118 
0.3602145822833118 
0.3602145822833118 
0.3602145822833118 
0.3602145822833118 
0.3602145822833118 
0.3602145822833118 
0.3602145822833118 
0.3602145822833118 
0.3602145822833118 
0.3602145822833118 
0.3602145822833118 
0.3602145822833118 
0.3602145822833118 
0.3602145822833118 
0.3602145822833118 
0.3602145822833118 
0.3602145822833118 
0.3602145822833118 
0.3602145822833118 
0.3602145822833118 
0.3602145822833118 
0.3602145822833118 
0.3602145822833118 
0.3602145822833118 
0.3602145822833118 
0.3602145822833118 
0.3602145822833118 
0.3602145822833118 
0.3602145822833118 
0.3602145822833118 
0.3602145822833118 
0.3602145822833118 
0.3602145822833118 
0.3602145822833118 
0.3602145822833118 
0.3602145822833118 
0.3602145822833118 
0.3602145822833118 
0.3602145822833118 
0.3602145822833118 
0.3602145822833118 
0.3602145822833118 
0.3602145822833118 
0.3602145822833118 
0.3602145822833118 
0.3602145822833118 
0.3602145822833118 
0.3602145822833118 
0.3602145822833118 
0.3602145822833118 
0.3602145822833118 
0.3602145822833118 
0.3602145822833118 
0.3602145822833118 
0.3602145822833118 
0.3602145822833118 
0.3602145822833118 
0.3602145822833118 
0.3602145822833118 
0.3602145822833118 
0.3602145822833118 
0.3602145822833118 
0.3602145822833118 
0.3602145822833118 
0.3602145822833118 
0.3602145822833118 
0.3602145822833118 
0.3602145822833118 
0.3602145822833118 
0.3602145822833118 
0.3602145822833118 
0.3602145822833118 
0.3602145822833118 
0.3602145822833118 
0.3602145822833118 
0.3602145822833118 
0.3602145822833118 
0.3602145822833118 
0.3602145822833118 
0.3602145822833118 
0.3602145822833118 
0.3602145822833118 
0.3602145822833118 
0.3602145822833118 
0.3602145822833118 
0.3602145822833118 
0.3602145822833118 
0.3602145822833118 
0.3602145822833118 
0.3602145822833118 
0.3602145822833118 
0.3602145822833118 
0.3602145822833118 
0.3602145822833118 
0.3602145822833118 
0.3602145822833118 
0.3602145822833118 
0.3602145822833118 
0.3602145822833118 
0.3602145822833118 
0.3602145822833118 
0.3602145822833118 
0.3602145822833118 
0.3602145822833118 
0.3602145822833118 
0.3602145822833118 
0.3602145822833118 
0.3602145822833118 
0.3602145822833118 
0.3602145822833118 
0.3602145822833118 
0.3602145822833118 
0.3602145822833118 
0.3602145822833118 
0.3602145822833118 
0.3602145822833118 
0.3602145822833118 
0.3602145822833118 
0.3602145822833118 
0.3602145822833118 
0.3602145822833118 
0.3602145822833118 
0.3602145822833118 
0.3602145822833118 
0.3602145822833118 
0.3602145822833118 
0.3602145822833118 
0.3602145822833118 
0.3602145822833118 
0.3602145822833118 
0.3602145822833118 
0.3602145822833118 
0.3602145822833118 
0.3602145822833118 
0.3602145822833118 
0.3602145822833118 
0.3602145822833118 
0.3602145822833118 
0.3602145822833118 
0.3602145822833118 
0.3602145822833118 
0.3602145822833118 
0.3602145822833118 
0.3602145822833118 
0.3602145822833118 
0.3602145822833118 
0.3602145822833118 
0.3602145822833118 
0.3602145822833118 
0.3602145822833118 
0.3602145822833118 
0.3602145822833118 
0.3602145822833118 
0.3602145822833118 
0.3602145822833118 
0.3602145822833118 
0.3602145822833118 
0.3602145822833118 
0.3602145822833118 
0.3602145822833118 
0.3602145822833118 
0.3602145822833118 
0.3602145822833118 
0.3602145822833118 
0.3602145822833118 
0.3602145822833118 
0.3602145822833118 
0.3602145822833118 
0.3602145822833118 
0.3602145822833118 
0.3602145822833118 
0.3602145822833118 
0.3602145822833118 
0.3602145822833118 
0.3602145822833118 
0.3602145822833118 
0.3602145822833118 
0.3602145822833118 
0.3602145822833118 
0.3602145822833118 
0.3602145822833118 
0.3602145822833118 
0.3602145822833118 
0.3602145822833118 
0.3602145822833118 
0.3602145822833118 
0.3602145822833118 
0.3602145822833118 
0.3602145822833118 
0.3602145822833118 
0.3602145822833118 
0.3602145822833118 
0.3602145822833118 
0.3602145822833118 
0.3602145822833118 
0.3602145822833118 
0.3602145822833118 
0.3602145822833118 
0.3602145822833118 
0.3602145822833118 
0.3602145822833118 
0.3602145822833118 
0.3602145822833118 
0.3602145822833118 
0.3602145822833118 
0.3602145822833118 
0.3602145822833118 
0.3602145822833118 
0.3602145822833118 
0.3602145822833118 
0.3602145822833118 
0.3602145822833118 
0.3602145822833118 
0.3602145822833118 
0.3602145822833118 
0.3602145822833118 
0.3602145822833118 
0.3602145822833118 
0.3602145822833118 
0.3602145822833118 
0.3602145822833118 
0.3602145822833118 
0.3602145822833118 
0.3602145822833118 
0.3602145822833118 
0.3602145822833118 
0.3602145822833118 
0.3602145822833118 
0.3602145822833118 
0.3602145822833118 
0.3602145822833118 
0.3602145822833118 
0.3602145822833118 
0.3602145822833118 
0.3602145822833118 
0.3602145822833118 
0.3602145822833118 
0.3602145822833118 
0.3602145822833118 
0.3602145822833118 
0.3602145822833118 
0.3602145822833118 
0.3602145822833118 
0.3602145822833118 
0.3602145822833118 
0.3602145822833118 
0.3602145822833118 
0.3602145822833118 
0.3602145822833118 
0.3602145822833118 
0.3602145822833118 
0.3602145822833118 
0.3602145822833118 
0.3602145822833118 
0.3602145822833118 
0.3602145822833118 
0.3602145822833118 
0.3602145822833118 
0.3602145822833118 
0.3602145822833118 
0.3602145822833118 
0.3602145822833118 
0.3602145822833118 
0.3602145822833118 
0.3602145822833118 
0.3602145822833118 
0.3602145822833118 
0.3602145822833118 
0.3602145822833118 
0.3602145822833118 
0.3602145822833118 
0.3602145822833118 
0.3602145822833118 
0.3602145822833118 
0.3602145822833118 
0.3602145822833118 
0.3602145822833118 
0.3602145822833118 
0.3602145822833118 
0.3602145822833118 
0.3602145822833118 
0.3602145822833118 
0.3602145822833118 
0.3602145822833118 
0.3602145822833118 
0.3602145822833118 
0.3602145822833118 
0.3602145822833118 
0.3602145822833118 
0.3602145822833118 
0.3602145822833118 
0.3602145822833118 
0.3602145822833118 
0.3602145822833118 
0.3602145822833118 
0.3602145822833118 
0.3602145822833118 
0.3602145822833118 
0.3602145822833118 
0.3602145822833118 
0.3602145822833118 
0.3602145822833118 
0.3602145822833118 
0.3602145822833118 
0.3602145822833118 
0.3602145822833118 
0.3602145822833118 
0.3602145822833118 
0.3602145822833118 
0.3602145822833118 
0.3602145822833118 
0.3602145822833118 
0.3602145822833118 
0.3602145822833118 
0.3602145822833118 
0.3602145822833118 
0.3602145822833118 
0.3602145822833118 
0.3602145822833118 
0.3602145822833118 
0.3602145822833118 
0.3602145822833118 
0.3602145822833118 
0.3602145822833118 
0.3602145822833118 
0.3602145822833118 
0.3602145822833118 
0.3602145822833118 
0.3602145822833118 
0.3602145822833118 
0.3602145822833118 
0.3602145822833118 
0.3602145822833118 
0.3602145822833118 
0.3602145822833118 
0.3602145822833118 
0.3602145822833118 
0.3602145822833118 
0.3602145822833118 
0.3602145822833118 
0.3602145822833118 
0.3602145822833118 
0.3602145822833118 
0.3602145822833118 
0.3602145822833118 
0.3602145822833118 
0.3602145822833118 
0.3602145822833118 
0.3602145822833118 
0.3602145822833118 
0.3602145822833118 
0.3602145822833118 
0.3602145822833118 
0.3602145822833118 
0.3602145822833118 
0.3602145822833118 
0.3602145822833118 
0.3602145822833118 
0.3602145822833118 
0.3602145822833118 
0.3602145822833118 
0.3602145822833118 
0.3602145822833118 
0.3602145822833118 
0.3602145822833118 
0.3602145822833118 
0.3602145822833118 
0.3602145822833118 
0.3602145822833118 
0.3602145822833118 
0.3602145822833118 
0.3602145822833118 
0.3602145822833118 
0.3602145822833118 
0.3602145822833118 
0.3602145822833118 
0.3602145822833118 
0.3602145822833118 
0.3602145822833118 
0.3602145822833118 
0.3602145822833118 
0.3602145822833118 
0.3602145822833118 
0.3602145822833118 
0.3602145822833118 
0.3602145822833118 
0.3602145822833118 
0.3602145822833118 
0.3602145822833118 
0.3602145822833118 
0.3602145822833118 
0.3602145822833118 
0.3602145822833118 
0.3602145822833118 
0.3602145822833118 
0.3602145822833118 
0.3602145822833118 
0.3602145822833118 
0.3602145822833118 
0.3602145822833118 
0.3602145822833118 
0.3602145822833118 
0.3602145822833118 
0.3602145822833118 
0.3602145822833118 
0.3602145822833118 
0.3602145822833118 
0.3602145822833118 
0.3602145822833118 
0.3602145822833118 
0.3602145822833118 
0.3602145822833118 
0.3602145822833118 
0.3602145822833118 
0.3602145822833118 
0.3602145822833118 
0.3602145822833118 
0.3602145822833118 
0.3602145822833118 
0.3602145822833118 
0.3602145822833118 
0.3602145822833118 
0.3602145822833118 
0.3602145822833118 
0.3602145822833118 
0.3602145822833118 
0.3602145822833118 
0.3602145822833118 
0.3602145822833118 
0.3602145822833118 
0.3602145822833118 
0.3602145822833118 
0.3602145822833118 
0.3602145822833118 
0.3602145822833118 
0.3602145822833118 
0.3602145822833118 
0.3602145822833118 
0.3602145822833118 
0.3602145822833118 
0.3602145822833118 
0.3602145822833118 
0.3602145822833118 
0.3602145822833118 
0.3602145822833118 
0.3602145822833118 
0.3602145822833118 
0.3602145822833118 
0.3602145822833118 
0.3602145822833118 
0.3602145822833118 
0.3602145822833118 
0.3602145822833118 
0.3602145822833118 
0.3602145822833118 
0.3602145822833118 
0.3602145822833118 
0.3602145822833118 
0.3602145822833118 
0.3602145822833118 
0.3602145822833118 
0.3602145822833118 
0.3602145822833118 
0.3602145822833118 
0.3602145822833118 
0.3602145822833118 
0.3602145822833118 
0.3602145822833118 
0.3602145822833118 
0.3602145822833118 
0.3602145822833118 
0.3602145822833118 
0.3602145822833118 
0.3602145822833118 
0.3602145822833118 
0.3602145822833118 
0.3602145822833118 
0.3602145822833118 
0.3602145822833118 
0.3602145822833118 
0.3602145822833118 
0.3602145822833118 
0.3602145822833118 
0.3602145822833118 
0.3602145822833118 
0.3602145822833118 
0.3602145822833118 
0.3602145822833118 
0.3602145822833118 
0.3602145822833118 
0.3602145822833118 
0.3602145822833118 
0.3602145822833118 
0.3602145822833118 
0.3602145822833118 
0.3602145822833118 
0.3602145822833118 
0.3602145822833118 
0.3602145822833118 
0.3602145822833118 
0.3602145822833118 
0.3602145822833118 
0.3602145822833118 
0.3602145822833118 
0.3602145822833118 
0.3602145822833118 
0.3602145822833118 
0.3602145822833118 
0.3602145822833118 
0.3602145822833118 
0.3602145822833118 
0.3602145822833118 
0.3602145822833118 
0.3602145822833118 
0.3602145822833118 
0.3602145822833118 
0.3602145822833118 
0.3602145822833118 
0.3602145822833118 
0.3602145822833118 
0.3602145822833118 
0.3602145822833118 
0.3602145822833118 
0.3602145822833118 
0.3602145822833118 
0.3602145822833118 
0.3602145822833118 
0.3602145822833118 
0.3602145822833118 
0.3602145822833118 
0.3602145822833118 
0.3602145822833118 
0.3602145822833118 
0.3602145822833118 
0.3602145822833118 
0.3602145822833118 
0.3602145822833118 
0.3602145822833118 
0.3602145822833118 
0.3602145822833118 
0.3602145822833118 
0.3602145822833118 
0.3602145822833118 
0.3602145822833118 
0.3602145822833118 
0.3602145822833118 
0.3602145822833118 
0.3602145822833118 
0.3602145822833118 
0.3602145822833118 
0.3602145822833118 
0.3602145822833118 
0.3602145822833118 
0.3602145822833118 
0.3602145822833118 
0.3602145822833118 
0.3602145822833118 
0.3602145822833118 
0.3602145822833118 
0.3602145822833118 
0.3602145822833118 
0.3602145822833118 
0.3602145822833118 
0.3602145822833118 
0.3602145822833118 
0.3602145822833118 
0.3602145822833118 
0.3602145822833118 
0.3602145822833118 
0.3602145822833118 
0.3602145822833118 
0.3602145822833118 
0.3602145822833118 
0.3602145822833118 
0.3602145822833118 
0.3602145822833118 
0.3602145822833118 
0.3602145822833118 
0.3602145822833118 
0.3602145822833118 
0.3602145822833118 
0.3602145822833118 
0.3602145822833118 
0.3602145822833118 
0.3602145822833118 
0.3602145822833118 
0.3602145822833118 
0.3602145822833118 
0.3602145822833118 
0.3602145822833118 
0.3602145822833118 
0.3602145822833118 
0.3602145822833118 
0.3602145822833118 
0.3602145822833118 
0.3602145822833118 
0.3602145822833118 
0.3602145822833118 
0.3602145822833118 
0.3602145822833118 
0.3602145822833118 
0.3602145822833118 
0.3602145822833118 
0.3602145822833118 
0.3602145822833118 
0.3602145822833118 
0.3602145822833118 
0.3602145822833118 
0.3602145822833118 
