0.01653862194984818 
0.01653365053459157 
0.016495641121217448 
0.016457015039186174 
0.016452450759689267 
0.016422618548818574 
0.016368310847488205 
0.016309822316628714 
0.016320115685864486 
0.016290897581164764 
0.016262130733701533 
0.016232587470887072 
0.016202832344994502 
0.016152812262884748 
0.01612306869054399 
0.01608878565958289 
0.01602862239869665 
0.016009029452156053 
0.016009029452156053 
0.015964238033805433 
0.015933981799914298 
0.015904134808281775 
0.015884243261798783 
0.015853995837012195 
0.015818579455817137 
0.015793327198535462 
0.015798215595439886 
0.015752361600725143 
0.015752199084572288 
0.01574247756866752 
0.015732310701228856 
0.01571730256755274 
0.01573260359889615 
0.01571721298449569 
0.015691871016548665 
0.01564595487658072 
0.01564595487658072 
0.015646012143674184 
0.015651032426009473 
0.01563027830846271 
0.01562521859047098 
0.015599653329481399 
0.015589491845470782 
0.015558819492493638 
0.015533182030736652 
0.015512575543732253 
0.015481593716410464 
0.015460910193128993 
0.015455741198661421 
0.015440174092282771 
0.015414260410412172 
0.015403793818407204 
0.015388174160698858 
0.015367364900984164 
0.015372601081144334 
0.015341194738350725 
0.015320104438286313 
0.015299202593599445 
0.01526766203450941 
0.015262490491397529 
0.015256859965274639 
0.015267159002250553 
0.015262012449215207 
0.015235484895466897 
0.015204148907452862 
0.015188450348867061 
0.015161996702281664 
0.015156814441036084 
0.015156814441036084 
0.015156814441036084 
0.015156814441036084 
0.015146060081750633 
0.01512447764387253 
0.015124232211917403 
0.015129391792137578 
0.015118812651792466 
0.015113895063814622 
0.015097632132225236 
0.01507149043724608 
0.015050472949379364 
0.015023520759129666 
0.015012611231894337 
0.015028455143493625 
0.015013327412669052 
0.015002666429671761 
0.014991775878794345 
0.014991997865528128 
0.014981526757977641 
0.01498696180017818 
0.014976085469841575 
0.014970637928959474 
0.014954257721465147 
0.014938746399882423 
0.014911845492761786 
0.014901111904821063 
0.01488528723270062 
0.014896358749707928 
0.014907095760073454 
0.014912532179344996 
0.014917825042545579 
0.01492854661378662 
0.01491238626109182 
0.014912660929559151 
0.014880438703210333 
0.014864359522024487 
0.014859125142483992 
0.014869794349620307 
0.014858918399399063 
0.014858918399399063 
0.014858918399399063 
0.014842919389392372 
0.014858918399399063 
0.014858789183510211 
0.014842695173047244 
0.0148480172413693 
0.014821344608368028 
0.014815896327931025 
0.0148104417219744 
0.014805093177687197 
0.014815896327931025 
0.014799634590083637 
0.014799634590083637 
0.014789009973625686 
0.014783636359164142 
0.014805188279788948 
0.014794282138718322 
0.014794282138718322 
0.014756205474308089 
0.014766905701601806 
0.014761558725283723 
0.014761688792275766 
0.01477263632531445 
0.014761558725283723 
0.014761558725283723 
0.014761801516075196 
0.014740203526410346 
0.014729344859836775 
0.014723953816825154 
0.014734816456271182 
0.014734729586931686 
0.014745480121040482 
0.014739995115331622 
0.014756431004819562 
0.01476726975442651 
0.014777996616591843 
0.01478335063508946 
0.01477263632531445 
0.014767356432347667 
0.014783696966591273 
0.014799894053674845 
0.01480532660902825 
0.014794515740638487 
0.014799945945847232 
0.014789165764166688 
0.014789131144188289 
0.014794584955313885 
0.014789183074125491 
0.014810804704674219 
0.014805404418657398 
0.014794584955313888 
0.014778360396200925 
0.01478374025745853 
0.014794515740638487 
0.01477825646008351 
0.01477825646008351 
0.01477293958560719 
0.014772913592111749 
0.014756639183770808 
0.014761974935624297 
0.014756639183770808 
0.014767477780582572 
0.014772913592111749 
0.01478374025745853 
0.014783766231918037 
0.014783766231918034 
0.01478374025745853 
0.014772939585607192 
0.014778360396200925 
0.01477293958560719 
0.01477293958560719 
0.014778343073565453 
0.014778343073565453 
0.014783766231918037 
0.014789165764166688 
0.014778343073565453 
0.014772913592111749 
0.014772913592111749 
0.014783766231918034 
0.01479999783783768 
0.014794584955313885 
0.014799997837837682 
0.014789165764166688 
0.014799980540527748 
0.014799980540527748 
0.014799980540527748 
0.014794558999848561 
0.014794558999848561 
0.014794558999848561 
0.014799894053674845 
0.014794515740638487 
0.014789131144188289 
0.01479455899984856 
0.01479455899984856 
0.01479455899984856 
0.014799945945847236 
0.014799945945847236 
0.014789183074125493 
0.014789165764166688 
0.014778360396200925 
0.014783774890061063 
0.01479999783783768 
0.014799997837837676 
0.014816207341961707 
0.01480539577316324 
0.014810787419985476 
0.014810804704674219 
0.014821603691908644 
0.014821603691908644 
0.014821586419813501 
0.014826993761379949 
0.014821603691908644 
0.014810804704674219 
0.01482700239428051 
0.014821603691908644 
0.014816198702771233 
0.01480539577316324 
0.01480539577316324 
0.014816198702771233 
0.014826993761379952 
0.014837789592793128 
0.014832394816751608 
0.014832394816751608 
0.014832394816751608 
0.014837789592793128 
0.014837780966168761 
0.014837789592793128 
0.014837780966168758 
0.014837780966168761 
0.014826967862648114 
0.01482150005903586 
0.01481617278516959 
0.014816198702771233 
0.014816198702771233 
0.014810787419985476 
0.014821551875562828 
0.014832343038104262 
0.01482150005903586 
0.014826864267268383 
0.0148161295890661 
0.0148161295890661 
0.0148161295890661 
0.014826967862648114 
0.014826993761379949 
0.014837755086265579 
0.014843126355320162 
0.014843126355320162 
0.014848491371179766 
0.014848491371179766 
0.014848491371179766 
0.014859306040323688 
0.014870095628475292 
0.01486472118810171 
0.014859340496805368 
0.01486472118810171 
0.01486472118810171 
0.014859340496805368 
0.01485395354779326 
0.014864721188101712 
0.014864721188101712 
0.01487548103423886 
0.01487548103423886 
0.014875481034238858 
0.014864721188101712 
0.014859331882692436 
0.014859331882692436 
0.014859306040323688 
0.01487006980481262 
0.014875429405566751 
0.014870026765275173 
0.014870026765275173 
0.014864669522058 
0.014875429405566751 
0.014870026765275173 
0.014859262969609226 
0.014853850140620108 
0.014864617855834707 
0.014869966509713464 
0.014869966509713464 
0.014875222889086402 
0.014886061131138755 
0.01489139348751486 
0.014886061131138755 
0.014875222889086402 
0.014875308937968313 
0.014875308937968313 
0.014875308937968313 
0.014880722563101564 
0.014886061131138755 
0.014886061131138755 
0.014886061131138755 
0.014875308937968313 
0.014864462856087333 
0.0148806451473046 
0.014869889037918204 
0.014864462856087333 
0.014859030385593806 
0.01486968244449087 
0.014864359522024487 
0.014869794349620307 
0.014869794349620307 
0.014869889037918204 
0.014875308937968313 
0.014875308937968313 
0.014875308937968313 
0.014875308937968313 
0.014875308937968314 
0.014864548967257635 
0.014864548967257635 
0.014864548967257635 
0.014869966509713464 
0.014869966509713464 
0.0148806451473046 
0.0148806451473046 
0.014886061131138755 
0.014886061131138755 
0.014885975144410257 
0.014885975144410257 
0.014896616528594675 
0.014891187192430296 
0.014891187192430296 
0.014902039591948479 
0.014907456389337518 
0.014912772512178946 
0.014928803836878559 
0.014928803836878559 
0.014928906724874397 
0.014928906724874397 
0.014928906724874397 
0.014928906724874397 
0.014928906724874397 
0.014928906724874397 
0.014928906724874397 
0.014939620343234965 
0.01493430949190487 
0.01493430949190487 
0.014934215212055839 
0.014928803836878559 
0.014928803836878559 
0.014934215212055839 
0.014939620343234962 
0.014939620343234965 
0.014945019237190698 
0.014939620343234965 
0.014939620343234965 
0.014939620343234965 
0.014934309491904874 
0.014955858250197478 
0.014950480393619464 
0.014945096319529026 
0.014934446625168272 
0.014934446625168272 
0.014939774563225509 
0.014945096319529026 
0.014939774563225509 
0.014945156272183974 
0.014945156272183974 
0.014945156272183974 
0.014945156272183974 
0.014939825969535254 
0.014945156272183974 
0.014950531763117992 
0.014945156272183974 
0.014950531763117992 
0.014950531763117992 
0.014950531763117992 
0.014950531763117992 
0.014950531763117992 
0.014961229895967779 
0.01496662099473358 
0.01496662099473358 
0.01496662099473358 
0.01496662099473358 
0.014971971680443428 
0.014977316181479244 
0.014977316181479244 
0.014977316181479244 
0.014982654504459483 
0.014993329716910782 
0.014993329716910782 
0.01499866660740214 
0.014993329716910782 
0.014993329716910782 
0.014993329716910782 
0.015009330431434976 
0.015009321903403896 
0.015014657372048152 
0.015019978162434191 
0.015019978162434191 
0.01501464032203236 
0.015019952596463146 
0.015019952596463146 
0.015019952596463146 
0.015014606221942686 
0.015014606221942686 
0.015014606221942686 
0.015014606221942686 
0.015019952596463146 
0.015019952596463146 
0.015019952596463146 
0.015009253678980842 
0.015009253678980842 
0.015009253678980842 
0.015014606221942683 
0.015014606221942683 
0.015019952596463146 
0.015019952596463146 
0.015019952596463146 
0.015019952596463146 
0.015019952596463146 
0.015019952596463146 
0.015019952596463146 
0.015019952596463146 
0.015019952596463146 
0.015019952596463146 
0.015025292809126883 
0.015030626866501608 
0.015035937749272577 
0.015035937749272577 
0.015030626866501608 
0.015035937749272577 
0.015035937749272577 
0.015035937749272577 
0.015035937749272577 
0.015025292809126884 
0.015025292809126884 
0.015030601318643245 
0.015030601318643245 
0.015030601318643245 
0.015025258733213216 
0.015025258733213216 
0.015025258733213216 
0.015025258733213216 
0.015025258733213216 
0.015025258733213216 
0.015025258733213216 
0.015025258733213216 
0.015025258733213216 
0.015025258733213216 
0.015030601318643245 
0.015025258733213216 
0.015025258733213216 
0.015025258733213216 
0.0150305587387828 
0.0150305587387828 
0.015025207619197812 
0.015025207619197812 
0.015025207619197812 
0.015025207619197812 
0.015025207619197812 
0.015025207619197812 
0.015019850332143793 
0.015019850332143793 
0.015019850332143793 
0.015019850332143793 
0.015019850332143793 
0.015019850332143793 
0.015014555071662963 
0.015009253678980842 
0.015003946147597305 
0.015003946147597305 
0.015009253678980842 
0.015003946147597305 
0.015003946147597305 
0.014998632470995482 
0.014998632470995482 
0.014998632470995482 
0.014987918334445247 
0.014987918334445247 
0.014987918334445247 
0.014993278494045257 
0.014993278494045257 
0.014987961035444414 
0.014982603245097294 
0.014982603245097294 
0.014982603245097294 
0.014982603245097294 
0.014982603245097294 
0.014982603245097294 
0.014982603245097294 
0.014982603245097294 
0.014987961035444414 
0.014987961035444414 
0.01499331264264172 
0.01499331264264172 
0.01499331264264172 
0.01499331264264172 
0.01499331264264172 
0.01499331264264172 
0.01499331264264172 
0.014998632470995482 
0.014998632470995482 
0.015003980271914517 
0.015003980271914517 
0.015003980271914517 
0.015003980271914517 
0.015003980271914517 
0.014998658073307757 
0.014998658073307757 
0.014998658073307757 
0.015003997334044016 
0.015003997334044016 
0.015003997334044016 
0.015003997334044016 
0.015003997334044016 
0.015003997334044016 
0.015014657372048155 
0.015014657372048155 
0.015014657372048155 
0.015014657372048155 
0.015014657372048155 
0.015019978162434191 
0.015019978162434191 
0.015019978162434191 
0.015025309847054736 
0.015025309847054736 
0.015025309847054736 
0.015025309847054736 
0.015030635382444748 
0.01503595477513816 
0.01503595477513816 
0.01504126803165212 
0.01504126803165212 
0.015046575158487063 
0.015046575158487063 
0.015051901673874966 
0.015051901673874966 
0.015051901673874966 
0.015057222054549103 
0.015057222054549103 
0.015073146453212744 
0.015073146453212744 
0.015073146453212744 
0.015073146453212744 
0.015073146453212744 
0.015073146453212744 
0.015073146453212744 
0.015073146453212744 
0.015073146453212744 
0.015073146453212744 
0.015073146453212744 
0.015073146453212744 
0.015078442359872588 
0.015078442359872588 
0.01508373216415619 
0.01508373216415619 
0.01508373216415619 
0.01508373216415619 
0.01508373216415619 
0.01508373216415619 
0.01508373216415619 
0.01508373216415619 
0.015089015872481546 
0.015089015872481546 
0.015089015872481546 
0.015089015872481546 
0.015089015872481546 
0.015089015872481546 
0.015089015872481546 
0.015094335891320294 
0.015094335891320294 
0.015094335891320294 
0.015094335891320294 
0.015094335891320294 
0.015094335891320294 
0.015094335891320294 
0.015094335891320294 
0.015094335891320294 
0.015094335891320294 
0.015089015872481546 
0.015089015872481546 
0.015089015872481546 
0.015089015872481546 
0.015089015872481546 
0.015089015872481546 
0.015094293491250261 
0.015094293491250261 
0.015088964974444072 
0.015088964974444072 
0.015088964974444072 
0.015088964974444072 
0.015088964974444072 
0.015088964974444072 
0.015088964974444072 
0.015088964974444072 
0.015088964974444072 
0.015088964974444072 
0.015088964974444072 
0.015088964974444072 
0.015088964974444072 
0.015088964974444072 
0.015088964974444072 
0.015088964974444072 
0.015088964974444072 
0.015088964974444072 
0.015088964974444072 
0.015088964974444072 
0.015088964974444072 
0.015088964974444072 
0.015088964974444072 
0.015088964974444072 
0.015088964974444072 
0.015088964974444072 
0.015094234130952124 
0.015094234130952124 
0.015094234130952124 
0.015094234130952124 
0.015094234130952124 
0.015094234130952124 
0.015094234130952124 
0.015094234130952124 
0.015094234130952124 
0.015094234130952124 
0.015094234130952124 
0.015088897110127038 
0.015088897110127038 
0.015088897110127038 
0.015083630332250922 
0.015083630332250922 
0.015083630332250922 
0.015088897110127038 
0.015088897110127038 
0.015088897110127038 
0.015088897110127038 
0.015088897110127038 
0.015094157810225783 
0.015094157810225783 
0.015094157810225783 
0.015094157810225783 
0.015094157810225783 
0.015094157810225783 
0.015094157810225783 
0.015094157810225783 
0.015094157810225783 
0.015094157810225783 
0.015094157810225783 
0.015094157810225783 
0.015094157810225783 
0.015094157810225783 
0.015094157810225783 
0.015094157810225783 
0.015094157810225783 
0.015094157810225783 
0.015094157810225783 
0.015094157810225783 
0.015094157810225783 
0.015104754218457181 
0.015104754218457181 
0.015104754218457181 
0.015104754218457181 
0.015104754218457181 
0.015104754218457181 
0.015104754218457181 
0.015104754218457181 
0.015104754218457181 
0.015099497210172265 
0.015099497210172265 
0.015099497210172265 
0.015099497210172265 
0.015099497210172265 
0.015099497210172265 
0.015099497210172265 
0.015099497210172265 
0.015099497210172265 
0.015099497210172265 
0.015099497210172265 
0.015104830485642665 
0.015104830485642665 
0.015104830485642665 
0.015104830485642665 
0.015104830485642665 
0.015099565026847627 
0.015099565026847627 
0.015099565026847627 
0.015099565026847627 
0.015099565026847627 
0.015099565026847627 
0.015099565026847627 
0.015099565026847627 
0.015099565026847627 
0.015099565026847627 
0.015099565026847627 
0.015104830485642665 
0.015104830485642665 
0.015104830485642665 
0.01511015764312206 
0.01511015764312206 
0.01511015764312206 
0.01511015764312206 
0.01511015764312206 
0.01511015764312206 
0.01511015764312206 
0.01511015764312206 
0.01511015764312206 
0.01511015764312206 
0.01511015764312206 
0.01511015764312206 
0.01511015764312206 
0.01511015764312206 
0.01511015764312206 
0.01511015764312206 
0.01511015764312206 
0.01511015764312206 
0.01511015764312206 
0.01511015764312206 
0.01511015764312206 
0.01511015764312206 
0.01511015764312206 
0.01511015764312206 
0.01511015764312206 
0.01511015764312206 
0.01511015764312206 
0.01511015764312206 
0.015104830485642665 
0.015104830485642665 
0.015104830485642665 
0.015110089873988175 
0.015110089873988175 
0.015110089873988175 
0.015110089873988175 
0.015110089873988175 
0.015110089873988175 
0.015110089873988175 
0.015110089873988175 
0.015110089873988175 
0.015115343198220806 
0.015115343198220806 
0.015115343198220806 
0.015110089873988175 
0.015110089873988175 
0.015110089873988175 
0.015110089873988175 
0.015110089873988175 
0.015110089873988175 
0.015110089873988175 
0.015110089873988175 
0.015110089873988175 
0.015110089873988175 
0.015110089873988175 
0.015110089873988175 
0.015110089873988175 
0.015110089873988175 
0.015110089873988175 
0.015110089873988175 
0.015110089873988175 
0.015110089873988175 
0.015110089873988175 
0.015110089873988175 
0.015110089873988175 
0.015110089873988175 
0.015104830485642665 
0.015104830485642665 
0.015104830485642665 
0.015104830485642665 
0.015104830485642665 
0.015104830485642665 
0.015104830485642665 
0.015104830485642665 
0.015104830485642665 
0.015104830485642665 
0.015104830485642665 
0.015104830485642665 
0.015104830485642665 
0.015104830485642665 
0.015104830485642665 
0.015104830485642665 
0.015104830485642665 
0.015104830485642665 
0.015104830485642665 
0.015104830485642665 
0.015104830485642665 
0.015104830485642665 
0.015104830485642665 
0.015104830485642665 
0.015104830485642665 
0.015104830485642665 
0.015104830485642665 
0.015104830485642665 
0.015104830485642665 
0.015104830485642665 
0.015104830485642665 
0.015104830485642665 
0.015104830485642665 
0.015110089873988175 
0.015110089873988175 
0.015115419411977955 
0.015115419411977955 
0.015115419411977955 
0.015115419411977955 
0.015115419411977955 
0.015115419411977955 
0.015115419411977955 
0.015115419411977955 
0.015115419411977955 
0.015115419411977955 
0.015115419411977955 
0.015115419411977955 
0.015115419411977955 
0.015115419411977955 
0.015115419411977955 
0.015115419411977955 
0.015115419411977955 
0.015115419411977955 
0.015115419411977955 
0.015115419411977955 
0.015115419411977955 
0.015115419411977955 
0.015115419411977955 
0.015115419411977955 
0.015115419411977955 
0.015115419411977955 
0.015115419411977955 
0.015115419411977955 
0.015115419411977955 
0.015115419411977955 
0.015115419411977955 
0.015115419411977955 
0.015115419411977955 
0.015115419411977955 
0.015115419411977955 
0.015115419411977955 
0.015115419411977955 
0.015115419411977955 
0.015115419411977955 
0.015115419411977955 
0.015115419411977955 
0.015115419411977955 
0.015115419411977955 
0.015115419411977955 
0.015115419411977955 
0.015115419411977955 
0.015115419411977955 
0.015115419411977955 
0.015115419411977955 
0.015115419411977955 
0.015115419411977955 
0.015115419411977955 
0.015115419411977955 
0.015115419411977955 
0.015115419411977955 
0.015115419411977955 
0.015115419411977955 
0.015115419411977955 
0.015115419411977955 
0.015115419411977955 
0.015115419411977955 
0.015115419411977955 
0.015115419411977955 
0.015115419411977955 
0.015115419411977955 
0.015115419411977955 
0.015115419411977955 
0.015115419411977955 
0.015115419411977955 
0.015115419411977955 
0.015115419411977955 
0.015115419411977955 
0.015115419411977955 
0.015115419411977955 
0.015115419411977955 
0.015115419411977955 
0.015115419411977955 
0.015115419411977955 
0.015115419411977955 
0.015115419411977955 
0.015115419411977955 
0.015115419411977955 
0.015115419411977955 
0.015115419411977955 
0.015115419411977955 
0.015115419411977955 
0.015115419411977955 
0.015120742838895185 
0.015120742838895185 
0.015120742838895185 
0.015120742838895185 
0.015120742838895185 
0.015120742838895185 
0.015120742838895185 
0.015120742838895185 
0.015120742838895185 
0.015120742838895185 
0.015120742838895185 
0.015120742838895185 
0.015120742838895185 
0.015120742838895185 
0.015120742838895185 
0.015120742838895185 
0.015120742838895185 
0.015120742838895185 
0.015120742838895185 
0.015120742838895185 
0.015120742838895185 
0.015120742838895185 
0.015120742838895185 
0.015120742838895185 
0.015120742838895185 
0.015120742838895185 
0.015120742838895185 
0.015120742838895185 
0.015120742838895185 
0.015120742838895185 
0.015120742838895185 
0.015120742838895185 
0.015120742838895185 
0.015120742838895185 
0.015120742838895185 
0.015120742838895185 
0.015120742838895185 
0.015120742838895185 
0.015120742838895185 
0.015126000925558613 
0.015126000925558613 
0.015126000925558613 
0.015126000925558613 
0.015126000925558613 
0.015126000925558613 
0.015126000925558613 
0.015131320629740154 
0.015131320629740154 
0.015131320629740154 
0.015131320629740154 
0.015131320629740154 
0.015131320629740154 
0.015131320629740154 
0.015131320629740154 
0.015131320629740154 
0.015131320629740154 
0.015131320629740154 
0.015131320629740154 
0.015131320629740154 
0.015131320629740154 
0.015131320629740154 
0.015131320629740154 
0.015131320629740154 
0.015131320629740154 
0.015131320629740154 
0.015131320629740154 
0.015131320629740154 
0.015131320629740154 
0.015131320629740154 
0.015131320629740154 
0.015131320629740154 
0.015131320629740154 
0.015131320629740154 
0.015131320629740154 
0.015131320629740154 
0.015131320629740154 
0.015131320629740154 
0.015131320629740154 
0.015131320629740154 
0.015131320629740154 
0.015131320629740154 
0.015131320629740154 
0.015131320629740154 
0.015131320629740154 
0.015131320629740154 
0.015131320629740154 
0.015131320629740154 
0.015131320629740154 
0.015131320629740154 
0.015131320629740154 
0.015131320629740154 
0.015131320629740154 
0.015131320629740154 
0.015131320629740154 
0.015131320629740154 
0.015131320629740154 
0.015131320629740154 
0.015131320629740154 
0.015131320629740154 
0.015131320629740154 
0.015131320629740154 
0.015131320629740154 
0.015131320629740154 
0.015131320629740154 
0.015131320629740154 
0.015131320629740154 
0.015131320629740154 
0.015131320629740154 
0.015131320629740154 
0.015131320629740154 
0.015131320629740154 
0.015131320629740154 
0.015131320629740154 
0.015131320629740154 
0.015131320629740154 
0.015131320629740154 
0.015131320629740154 
0.01513663423618342 
0.01513663423618342 
0.01513663423618342 
0.01513663423618342 
0.01513663423618342 
0.01513663423618342 
0.01513663423618342 
0.01513663423618342 
0.01513663423618342 
0.01513663423618342 
0.01513663423618342 
0.01513663423618342 
0.01513663423618342 
0.01513663423618342 
0.01513663423618342 
0.01513663423618342 
0.01513663423618342 
0.01513663423618342 
0.01513663423618342 
0.01513663423618342 
0.01513663423618342 
0.01513663423618342 
0.01513663423618342 
0.01513663423618342 
0.01513663423618342 
0.015141941751307857 
0.015141941751307857 
0.015141941751307857 
0.015141941751307857 
0.015141941751307857 
0.015141941751307857 
0.015141941751307857 
0.015141941751307857 
0.015141941751307857 
0.015141941751307857 
0.015141941751307857 
0.015141941751307857 
0.015141941751307857 
0.015141941751307857 
0.015141941751307857 
0.015141941751307857 
0.015141941751307857 
0.015141941751307857 
0.015141941751307857 
0.015141941751307857 
0.015141941751307857 
0.015141941751307857 
0.015141941751307857 
0.015141941751307857 
0.015141941751307857 
0.015141941751307857 
0.015141941751307857 
0.015141941751307857 
0.015141941751307857 
0.015141941751307857 
0.015141941751307857 
0.015141941751307857 
0.015141941751307857 
0.015147200929544706 
0.015147200929544706 
0.015147200929544706 
0.015147200929544706 
0.015147200929544706 
0.015147200929544706 
0.015147200929544706 
0.015147200929544706 
0.015147200929544706 
0.015147200929544706 
0.015147200929544706 
0.015147200929544706 
0.015147200929544706 
0.015147200929544706 
0.015147200929544706 
0.015147200929544706 
0.015147200929544706 
0.015147200929544706 
0.015147200929544706 
0.015147200929544706 
0.015147200929544706 
0.015147200929544706 
0.015147200929544706 
0.015147200929544706 
0.015147200929544706 
0.015147200929544706 
0.015147200929544706 
0.015147200929544706 
0.015147200929544706 
0.015147200929544706 
0.015147200929544706 
0.015147200929544706 
0.015147200929544706 
0.015147200929544706 
0.015147200929544706 
0.015147200929544706 
0.015147200929544706 
0.015147200929544706 
0.015147200929544706 
0.015141941751307855 
0.015141941751307855 
0.015141941751307855 
0.015141941751307855 
0.015141941751307855 
0.015141941751307855 
0.015141941751307855 
0.015141941751307855 
0.015141941751307855 
0.015141941751307855 
0.015141941751307855 
0.015141941751307855 
0.015141941751307855 
0.015141941751307855 
0.015141941751307855 
0.015141941751307855 
0.015141941751307855 
0.015141941751307855 
0.015141941751307855 
0.015141941751307855 
0.015141941751307855 
0.015141941751307855 
0.015141941751307855 
0.015141941751307855 
0.015141941751307855 
0.015141941751307855 
0.015141941751307855 
0.015141941751307855 
0.015141941751307855 
0.015141941751307855 
0.015141941751307855 
0.015141941751307855 
0.015141941751307855 
0.015141941751307855 
0.015141941751307855 
0.015141941751307855 
0.015141941751307855 
0.015141941751307855 
0.015141941751307855 
0.015141941751307855 
0.015141941751307855 
0.015141941751307855 
0.015141941751307855 
0.015141941751307855 
0.015141941751307855 
0.015141941751307855 
0.015141941751307855 
0.015141941751307855 
0.015141941751307855 
0.015141941751307855 
0.015141941751307855 
0.015141941751307855 
0.015141941751307855 
0.015141941751307855 
0.015141941751307855 
0.015141941751307855 
0.015141941751307855 
0.015141941751307855 
0.015141941751307855 
0.015141941751307855 
0.015141941751307855 
0.015141941751307855 
0.015141941751307855 
0.015141941751307855 
0.015141941751307855 
0.015141941751307855 
0.015141941751307855 
0.015141941751307855 
0.015141941751307855 
0.015141941751307855 
0.015141941751307855 
0.015141941751307855 
0.015141941751307855 
0.015141941751307855 
0.015141941751307855 
0.015141941751307855 
0.015141941751307855 
0.015141941751307855 
0.015141941751307855 
0.015141941751307855 
0.015141941751307855 
0.015141941751307855 
0.015141941751307855 
0.015141941751307855 
0.015141941751307855 
0.015141941751307855 
0.015141941751307855 
0.015141941751307855 
0.015141941751307855 
0.015141941751307855 
0.015141941751307855 
0.015141941751307855 
0.015141941751307855 
0.015141941751307855 
0.015141941751307855 
0.015141941751307855 
0.015141941751307855 
0.015141941751307855 
0.015141941751307855 
0.015141941751307855 
0.015141941751307855 
0.015141941751307855 
0.015141941751307855 
0.015141941751307855 
0.015141941751307855 
0.015141941751307855 
0.015141941751307855 
0.015141941751307855 
0.015141941751307855 
0.015141941751307855 
0.015141941751307855 
0.015141941751307855 
0.015141941751307855 
0.015141941751307855 
0.015141941751307855 
0.015141941751307855 
0.015141941751307855 
0.015141941751307855 
0.015141941751307855 
0.015141941751307855 
0.015141941751307855 
0.015141941751307855 
0.015141941751307855 
0.015141941751307855 
0.015141941751307855 
0.015141941751307855 
0.015141941751307855 
0.015141941751307855 
0.015141941751307855 
0.015141941751307855 
0.015141941751307855 
0.015141941751307855 
0.015141941751307855 
0.015141941751307855 
0.015141941751307855 
0.015141941751307855 
0.015141941751307855 
0.015141941751307855 
0.015141941751307855 
0.015141941751307855 
0.015141941751307855 
0.015141941751307855 
0.015141941751307855 
0.015141941751307855 
0.015141941751307855 
0.015141941751307855 
0.015141941751307855 
0.015141941751307855 
0.015141941751307855 
0.015141941751307855 
0.015141941751307855 
0.015141941751307855 
0.015141941751307855 
0.015141941751307855 
0.015141941751307855 
0.015141941751307855 
0.015141941751307855 
0.015141941751307855 
0.015141941751307855 
0.015141941751307855 
0.015141941751307855 
0.015141941751307855 
0.015141941751307855 
0.015141941751307855 
0.015141941751307855 
0.015141941751307855 
0.015141941751307855 
0.015141941751307855 
0.015141941751307855 
0.015141941751307855 
0.015141941751307855 
0.015141941751307855 
0.015141941751307855 
0.015141941751307855 
0.015141941751307855 
0.015141941751307855 
0.015141941751307855 
0.015141941751307855 
0.015141941751307855 
0.015141941751307855 
0.015141941751307855 
0.015141941751307855 
0.015141941751307855 
0.015141941751307855 
0.015141941751307855 
0.015141941751307855 
0.015141941751307855 
0.015141941751307855 
0.015141941751307855 
0.015141941751307855 
0.015141941751307855 
0.015141941751307855 
0.015141941751307855 
0.015141941751307855 
0.015141941751307855 
0.015141941751307855 
0.015141941751307855 
0.015141941751307855 
0.015141941751307855 
0.015141941751307855 
0.015141941751307855 
0.015141941751307855 
0.015141941751307855 
0.015141941751307855 
0.015141941751307855 
0.015141941751307855 
0.015141941751307855 
0.015141941751307855 
0.015141941751307855 
0.015141941751307855 
0.015141941751307855 
0.015141941751307855 
0.015141941751307855 
0.015141941751307855 
0.015141941751307855 
0.015141941751307855 
0.015141941751307855 
0.015141941751307855 
0.015141941751307855 
0.015141941751307855 
0.015141941751307855 
0.015141941751307855 
0.015141941751307855 
0.015141941751307855 
0.015141941751307855 
0.015141941751307855 
0.015141941751307855 
0.015141941751307855 
0.015141941751307855 
0.015141941751307855 
0.015141941751307855 
0.015141941751307855 
0.015141941751307855 
0.015141941751307855 
0.015141941751307855 
0.015141941751307855 
0.015141941751307855 
0.015141941751307855 
0.015141941751307855 
0.015141941751307855 
0.015141941751307855 
0.015141941751307855 
0.015141941751307855 
0.015141941751307855 
0.015141941751307855 
0.015141941751307855 
0.015141941751307855 
0.015141941751307855 
0.015141941751307855 
0.015141941751307855 
0.015141941751307855 
0.015141941751307855 
0.015141941751307855 
0.015141941751307855 
0.015141941751307855 
0.015141941751307855 
0.015141941751307855 
0.015141941751307855 
0.015141941751307855 
0.015141941751307855 
0.015141941751307855 
0.015141941751307855 
0.015141941751307855 
0.015141941751307855 
0.015141941751307855 
0.015141941751307855 
0.015141941751307855 
0.015141941751307855 
0.015141941751307855 
0.015141941751307855 
0.015141941751307855 
0.015141941751307855 
0.015141941751307855 
0.015141941751307855 
0.015141941751307855 
0.015141941751307855 
0.015141941751307855 
0.015141941751307855 
0.015141941751307855 
0.015141941751307855 
0.015141941751307855 
0.015141941751307855 
0.015141941751307855 
0.015141941751307855 
0.015141941751307855 
0.015141941751307855 
0.015141941751307855 
0.015141941751307855 
0.015141941751307855 
0.015141941751307855 
0.015141941751307855 
0.015141941751307855 
0.015141941751307855 
0.015141941751307855 
0.015141941751307855 
0.015141941751307855 
0.015141941751307855 
0.015141941751307855 
0.015141941751307855 
0.015141941751307855 
0.015141941751307855 
0.015141941751307855 
0.015141941751307855 
0.015141941751307855 
0.015141941751307855 
0.015141941751307855 
0.015141941751307855 
0.015141941751307855 
0.015141941751307855 
0.015141941751307855 
0.015141941751307855 
0.015141941751307855 
0.015141941751307855 
0.015141941751307855 
0.015141941751307855 
0.015141941751307855 
0.015141941751307855 
0.015141941751307855 
0.015141941751307855 
0.015141941751307855 
0.015141941751307855 
0.015141941751307855 
0.015141941751307855 
0.015141941751307855 
0.015141941751307855 
0.015141941751307855 
0.015141941751307855 
0.015141941751307855 
0.015141941751307855 
0.015141941751307855 
0.015141941751307855 
0.015141941751307855 
0.015141941751307855 
0.015141941751307855 
0.015141941751307855 
0.015141941751307855 
0.015141941751307855 
0.015141941751307855 
0.015141941751307855 
0.015141941751307855 
0.015141941751307855 
0.015141941751307855 
0.015141941751307855 
0.015141941751307855 
0.015141941751307855 
0.015141941751307855 
0.015141941751307855 
0.015141941751307855 
0.015141941751307855 
0.015141941751307855 
0.015141941751307855 
0.015141941751307855 
0.015141941751307855 
0.015141941751307855 
0.015141941751307855 
0.015141941751307855 
0.015141941751307855 
0.015141941751307855 
0.015141941751307855 
0.015141941751307855 
0.015141941751307855 
0.015141941751307855 
0.015141941751307855 
0.015141941751307855 
0.015141941751307855 
0.015141941751307855 
0.015141941751307855 
0.015141941751307855 
0.015141941751307855 
0.015141941751307855 
0.015141941751307855 
0.015141941751307855 
0.015141941751307855 
0.015141941751307855 
0.015141941751307855 
0.015141941751307855 
0.015141941751307855 
0.015141941751307855 
0.015141941751307855 
0.015141941751307855 
0.015141941751307855 
0.015141941751307855 
0.015141941751307855 
0.015141941751307855 
0.015141941751307855 
0.015141941751307855 
0.015141941751307855 
0.015141941751307855 
0.015141941751307855 
0.015141941751307855 
0.015141941751307855 
0.015141941751307855 
0.015141941751307855 
0.015141941751307855 
0.015141941751307855 
0.015141941751307855 
0.015141941751307855 
0.015141941751307855 
0.015141941751307855 
0.015141941751307855 
0.015141941751307855 
0.015141941751307855 
0.015141941751307855 
0.015141941751307855 
0.015141941751307855 
0.015141941751307855 
0.015141941751307855 
0.015141941751307855 
0.015141941751307855 
0.015141941751307855 
0.015141941751307855 
0.015141941751307855 
0.015141941751307855 
0.015141941751307855 
0.015141941751307855 
0.015141941751307855 
0.015141941751307855 
0.015141941751307855 
0.015141941751307855 
0.015141941751307855 
0.015141941751307855 
0.015141941751307855 
0.015141941751307855 
0.015141941751307855 
0.015141941751307855 
0.015141941751307855 
0.015141941751307855 
0.015141941751307855 
0.015141941751307855 
0.015141941751307855 
0.015141941751307855 
0.015141941751307855 
0.015141941751307855 
0.015141941751307855 
0.015141941751307855 
0.015141941751307855 
0.015141941751307855 
0.015141941751307855 
0.015141941751307855 
0.015141941751307855 
0.015141941751307855 
0.015141941751307855 
0.015141941751307855 
0.015141941751307855 
0.015141941751307855 
0.015141941751307855 
0.015141941751307855 
0.015141941751307855 
0.015141941751307855 
0.015141941751307855 
0.015141941751307855 
0.015141941751307855 
0.015141941751307855 
0.015141941751307855 
0.015141941751307855 
0.015141941751307855 
0.015141941751307855 
0.015141941751307855 
0.015141941751307855 
0.015141941751307855 
0.015141941751307855 
0.015141941751307855 
0.015141941751307855 
0.015141941751307855 
0.015141941751307855 
0.015141941751307855 
0.015141941751307855 
0.015141941751307855 
0.015141941751307855 
0.015141941751307855 
0.015141941751307855 
0.015141941751307855 
0.015141941751307855 
0.015141941751307855 
0.015141941751307855 
0.015141941751307855 
0.015141941751307855 
0.015141941751307855 
0.015141941751307855 
0.015141941751307855 
0.015141941751307855 
0.015141941751307855 
0.015141941751307855 
0.015141941751307855 
0.015141941751307855 
0.015141941751307855 
0.015141941751307855 
0.015141941751307855 
0.015141941751307855 
0.015141941751307855 
0.015141941751307855 
0.015141941751307855 
0.015141941751307855 
0.015141941751307855 
0.015141941751307855 
0.015141941751307855 
0.015141941751307855 
0.015141941751307855 
0.015141941751307855 
0.015141941751307855 
0.015141941751307855 
0.015141941751307855 
0.015141941751307855 
0.015141941751307855 
0.015141941751307855 
0.015141941751307855 
0.015141941751307855 
0.015141941751307855 
0.015141941751307855 
0.015141941751307855 
0.015141941751307855 
0.015141941751307855 
0.015141941751307855 
0.015141941751307855 
0.015141941751307855 
0.015141941751307855 
0.015141941751307855 
0.015141941751307855 
0.015141941751307855 
0.015141941751307855 
0.015141941751307855 
0.015141941751307855 
0.015141941751307855 
0.015141941751307855 
0.015141941751307855 
0.015141941751307855 
0.015141941751307855 
0.015141941751307855 
0.015141941751307855 
0.015141941751307855 
0.015141941751307855 
0.015141941751307855 
0.015141941751307855 
0.015141941751307855 
0.015141941751307855 
0.015141941751307855 
0.015141941751307855 
0.015141941751307855 
0.015141941751307855 
0.015141941751307855 
0.015141941751307855 
0.015141941751307855 
0.015141941751307855 
0.015141941751307855 
0.015141941751307855 
0.015141941751307855 
0.015141941751307855 
0.015141941751307855 
0.015141941751307855 
0.015141941751307855 
0.015141941751307855 
0.015141941751307855 
0.015141941751307855 
0.015141941751307855 
0.015141941751307855 
0.015141941751307855 
0.015141941751307855 
0.015141941751307855 
0.015141941751307855 
0.015141941751307855 
0.015141941751307855 
0.015141941751307855 
0.015141941751307855 
0.015141941751307855 
0.015141941751307855 
0.015141941751307855 
0.015141941751307855 
0.015141941751307855 
0.015141941751307855 
0.015141941751307855 
0.015141941751307855 
0.015141941751307855 
0.015141941751307855 
0.015141941751307855 
0.015141941751307855 
0.015141941751307855 
0.015141941751307855 
0.015141941751307855 
0.015141941751307855 
0.015141941751307855 
0.015141941751307855 
0.015141941751307855 
0.015141941751307855 
0.015141941751307855 
0.015141941751307855 
0.015141941751307855 
0.015141941751307855 
0.015141941751307855 
0.015141941751307855 
0.015141941751307855 
0.015141941751307855 
0.015141941751307855 
0.015141941751307855 
0.015141941751307855 
0.015141941751307855 
0.015141941751307855 
0.015141941751307855 
0.015141941751307855 
0.015141941751307855 
0.015141941751307855 
0.015141941751307855 
0.015141941751307855 
0.015141941751307855 
0.015141941751307855 
0.015141941751307855 
0.015141941751307855 
0.015141941751307855 
0.015141941751307855 
0.015141941751307855 
0.015141941751307855 
0.015141941751307855 
0.015141941751307855 
0.015141941751307855 
0.015141941751307855 
0.015141941751307855 
0.015141941751307855 
0.015141941751307855 
0.015141941751307855 
0.015141941751307855 
0.015141941751307855 
0.015141941751307855 
0.015141941751307855 
0.015141941751307855 
0.015141941751307855 
0.015141941751307855 
0.015141941751307855 
0.015141941751307855 
0.015141941751307855 
0.015141941751307855 
0.015141941751307855 
0.015141941751307855 
0.015141941751307855 
0.015141941751307855 
0.015141941751307855 
0.015141941751307855 
0.015141941751307855 
0.015141941751307855 
0.015141941751307855 
0.015141941751307855 
0.015141941751307855 
0.015141941751307855 
0.015141941751307855 
0.015141941751307855 
0.015141941751307855 
0.015141941751307855 
0.015141941751307855 
0.015141941751307855 
0.015141941751307855 
0.015141941751307855 
0.015141941751307855 
0.015141941751307855 
0.015141941751307855 
0.015141941751307855 
0.015141941751307855 
0.015141941751307855 
0.015141941751307855 
0.015141941751307855 
0.015141941751307855 
0.015141941751307855 
0.015141941751307855 
0.015141941751307855 
0.015141941751307855 
0.015141941751307855 
0.015141941751307855 
0.015141941751307855 
0.015141941751307855 
0.015141941751307855 
0.015141941751307855 
0.015141941751307855 
0.015141941751307855 
0.015141941751307855 
0.015141941751307855 
0.015141941751307855 
0.015141941751307855 
0.015141941751307855 
0.015141941751307855 
0.015141941751307855 
0.015141941751307855 
0.015141941751307855 
0.015141941751307855 
0.015141941751307855 
0.015141941751307855 
0.015141941751307855 
0.015141941751307855 
0.015141941751307855 
0.015141941751307855 
0.015141941751307855 
0.015141941751307855 
0.015141941751307855 
0.015141941751307855 
0.015141941751307855 
0.015141941751307855 
0.015141941751307855 
0.015141941751307855 
0.015141941751307855 
0.015141941751307855 
0.015141941751307855 
0.015141941751307855 
0.015141941751307855 
0.015141941751307855 
0.015141941751307855 
0.015141941751307855 
0.015141941751307855 
0.015141941751307855 
0.015141941751307855 
0.015141941751307855 
0.015141941751307855 
0.015141941751307855 
0.015141941751307855 
0.015141941751307855 
0.015141941751307855 
0.015141941751307855 
0.015141941751307855 
0.015141941751307855 
0.015141941751307855 
0.015141941751307855 
0.015141941751307855 
0.015141941751307855 
0.015141941751307855 
0.015141941751307855 
0.015141941751307855 
0.015141941751307855 
0.015141941751307855 
0.015141941751307855 
0.015141941751307855 
0.015141941751307855 
0.015141941751307855 
0.015141941751307855 
0.015141941751307855 
0.015141941751307855 
0.015141941751307855 
0.015141941751307855 
0.015141941751307855 
0.015141941751307855 
0.015141941751307855 
0.015141941751307855 
0.015141941751307855 
0.015141941751307855 
0.015141941751307855 
0.015141941751307855 
0.015141941751307855 
0.015141941751307855 
0.015141941751307855 
0.015141941751307855 
0.015141941751307855 
0.015141941751307855 
0.015141941751307855 
0.015141941751307855 
0.015141941751307855 
0.015141941751307855 
0.015141941751307855 
0.015141941751307855 
0.015141941751307855 
0.015141941751307855 
0.015141941751307855 
0.015141941751307855 
0.015141941751307855 
0.015141941751307855 
0.015141941751307855 
0.015141941751307855 
0.015141941751307855 
0.015141941751307855 
0.015141941751307855 
0.015141941751307855 
0.015141941751307855 
0.015141941751307855 
0.015141941751307855 
0.015141941751307855 
0.015141941751307855 
0.015141941751307855 
0.015141941751307855 
0.015141941751307855 
0.015141941751307855 
0.015141941751307855 
0.015141941751307855 
0.015141941751307855 
0.015141941751307855 
0.015141941751307855 
0.015141941751307855 
0.015141941751307855 
0.015141941751307855 
0.015141941751307855 
0.015141941751307855 
0.015141941751307855 
0.015141941751307855 
0.015141941751307855 
0.015141941751307855 
0.015141941751307855 
0.015141941751307855 
0.015141941751307855 
0.015141941751307855 
0.015141941751307855 
0.015141941751307855 
0.015141941751307855 
0.015141941751307855 
0.015141941751307855 
0.015141941751307855 
0.015141941751307855 
0.015141941751307855 
0.015141941751307855 
0.015141941751307855 
0.015141941751307855 
0.015141941751307855 
0.015141941751307855 
0.015141941751307855 
0.015141941751307855 
0.015141941751307855 
0.015141941751307855 
0.015141941751307855 
0.015141941751307855 
0.015141941751307855 
0.015141941751307855 
0.015141941751307855 
0.015141941751307855 
0.015141941751307855 
0.015141941751307855 
0.015141941751307855 
0.015141941751307855 
0.015141941751307855 
0.015141941751307855 
0.015141941751307855 
0.015141941751307855 
0.015141941751307855 
0.015141941751307855 
0.015141941751307855 
0.015141941751307855 
0.015141941751307855 
0.015141941751307855 
0.015141941751307855 
0.015141941751307855 
0.015141941751307855 
0.015141941751307855 
0.015141941751307855 
0.015141941751307855 
0.015141941751307855 
0.015141941751307855 
0.015141941751307855 
0.015141941751307855 
0.015141941751307855 
0.015141941751307855 
0.015141941751307855 
0.015141941751307855 
0.015141941751307855 
0.015141941751307855 
0.015141941751307855 
0.015141941751307855 
0.015141941751307855 
0.015141941751307855 
0.015141941751307855 
0.015141941751307855 
0.015141941751307855 
0.015141941751307855 
0.015141941751307855 
0.015141941751307855 
0.015141941751307855 
0.015141941751307855 
0.015141941751307855 
0.015141941751307855 
0.015141941751307855 
0.015141941751307855 
0.015141941751307855 
0.015141941751307855 
0.015141941751307855 
0.015141941751307855 
0.015141941751307855 
0.015141941751307855 
0.015141941751307855 
0.015141941751307855 
0.015141941751307855 
0.015141941751307855 
0.015141941751307855 
0.015141941751307855 
0.015141941751307855 
0.015141941751307855 
0.015141941751307855 
0.015141941751307855 
0.015141941751307855 
0.015141941751307855 
0.015141941751307855 
0.015141941751307855 
0.015141941751307855 
0.015141941751307855 
0.015141941751307855 
0.015141941751307855 
0.015141941751307855 
0.015141941751307855 
0.015141941751307855 
0.015141941751307855 
0.015141941751307855 
0.015141941751307855 
0.015141941751307855 
0.015141941751307855 
0.015141941751307855 
0.015141941751307855 
0.015141941751307855 
0.015141941751307855 
0.015141941751307855 
0.015141941751307855 
0.015141941751307855 
0.015141941751307855 
0.015141941751307855 
0.015141941751307855 
0.015141941751307855 
0.015141941751307855 
0.015141941751307855 
0.015141941751307855 
0.015141941751307855 
0.015141941751307855 
0.015141941751307855 
0.015141941751307855 
0.015141941751307855 
0.015141941751307855 
0.015141941751307855 
0.015141941751307855 
0.015141941751307855 
0.015141941751307855 
0.015141941751307855 
0.015141941751307855 
0.015141941751307855 
0.015141941751307855 
0.015141941751307855 
0.015141941751307855 
0.015141941751307855 
0.015141941751307855 
0.015141941751307855 
0.015141941751307855 
0.015141941751307855 
0.015141941751307855 
0.015141941751307855 
0.015141941751307855 
0.015141941751307855 
0.015141941751307855 
0.015141941751307855 
0.015141941751307855 
0.015141941751307855 
0.015141941751307855 
0.015141941751307855 
0.015141941751307855 
0.015141941751307855 
0.015141941751307855 
0.015141941751307855 
0.015141941751307855 
0.015141941751307855 
0.015141941751307855 
0.015141941751307855 
0.015141941751307855 
0.015141941751307855 
0.015141941751307855 
0.015141941751307855 
0.015141941751307855 
0.015141941751307855 
0.015141941751307855 
0.015141941751307855 
0.015141941751307855 
0.015141941751307855 
0.015141941751307855 
0.015141941751307855 
0.015141941751307855 
0.015141941751307855 
0.015141941751307855 
0.015141941751307855 
0.015141941751307855 
0.015141941751307855 
0.015141941751307855 
0.015141941751307855 
0.015141941751307855 
0.015141941751307855 
0.015141941751307855 
0.015141941751307855 
0.015141941751307855 
0.015141941751307855 
0.015141941751307855 
0.015141941751307855 
0.015141941751307855 
0.015141941751307855 
0.015141941751307855 
0.015141941751307855 
0.015141941751307855 
0.015141941751307855 
0.015141941751307855 
0.015141941751307855 
0.015141941751307855 
0.015141941751307855 
0.015141941751307855 
0.015141941751307855 
0.015141941751307855 
0.015141941751307855 
0.015141941751307855 
0.015141941751307855 
0.015141941751307855 
0.015141941751307855 
0.015141941751307855 
0.015141941751307855 
0.015141941751307855 
0.015141941751307855 
0.015141941751307855 
0.015141941751307855 
0.015141941751307855 
0.015141941751307855 
0.015141941751307855 
0.015141941751307855 
0.015141941751307855 
0.015141941751307855 
0.015141941751307855 
0.015141941751307855 
0.015141941751307855 
0.015141941751307855 
0.015141941751307855 
0.015141941751307855 
0.015141941751307855 
0.015141941751307855 
0.015141941751307855 
0.015141941751307855 
0.015141941751307855 
0.015141941751307855 
0.015141941751307855 
0.015141941751307855 
0.015141941751307855 
0.015141941751307855 
0.015141941751307855 
0.015141941751307855 
0.015141941751307855 
0.015141941751307855 
0.015141941751307855 
0.015141941751307855 
0.015141941751307855 
0.015141941751307855 
0.015141941751307855 
0.015141941751307855 
0.015141941751307855 
0.015141941751307855 
0.015141941751307855 
0.015141941751307855 
0.015141941751307855 
0.015141941751307855 
0.015141941751307855 
0.015141941751307855 
0.015141941751307855 
0.015141941751307855 
0.015141941751307855 
0.015141941751307855 
0.015141941751307855 
0.015141941751307855 
0.015141941751307855 
0.015141941751307855 
0.015141941751307855 
0.015141941751307855 
0.015141941751307855 
0.015141941751307855 
0.015141941751307855 
0.015141941751307855 
0.015141941751307855 
0.015141941751307855 
0.015141941751307855 
0.015141941751307855 
0.015141941751307855 
0.015141941751307855 
0.015141941751307855 
0.015141941751307855 
0.015141941751307855 
0.015141941751307855 
0.015141941751307855 
0.015141941751307855 
0.015141941751307855 
0.015141941751307855 
0.015141941751307855 
0.015141941751307855 
0.015141941751307855 
0.015141941751307855 
0.015141941751307855 
0.015141941751307855 
0.015141941751307855 
0.015141941751307855 
0.015141941751307855 
0.015141941751307855 
0.015141941751307855 
0.015141941751307855 
0.015141941751307855 
0.015141941751307855 
0.015141941751307855 
0.015141941751307855 
0.015141941751307855 
0.015141941751307855 
0.015141941751307855 
0.015141941751307855 
0.015141941751307855 
0.015141941751307855 
0.015141941751307855 
0.015141941751307855 
0.015141941751307855 
0.015141941751307855 
0.015141941751307855 
0.015141941751307855 
0.015141941751307855 
0.015141941751307855 
0.015141941751307855 
0.015141941751307855 
0.015141941751307855 
0.015141941751307855 
0.015141941751307855 
0.015141941751307855 
0.015141941751307855 
0.015141941751307855 
0.015141941751307855 
0.015141941751307855 
0.015141941751307855 
0.015141941751307855 
0.015141941751307855 
0.015141941751307855 
0.015141941751307855 
0.015141941751307855 
0.015141941751307855 
0.015141941751307855 
0.015141941751307855 
0.015141941751307855 
0.015141941751307855 
0.015141941751307855 
0.015141941751307855 
0.015141941751307855 
0.015141941751307855 
0.015141941751307855 
0.015141941751307855 
0.015141941751307855 
0.015141941751307855 
0.015141941751307855 
0.015141941751307855 
0.015141941751307855 
0.015141941751307855 
0.015141941751307855 
0.015141941751307855 
0.015141941751307855 
0.015141941751307855 
0.015141941751307855 
0.015141941751307855 
0.015141941751307855 
0.015141941751307855 
0.015141941751307855 
0.015141941751307855 
0.015141941751307855 
0.015141941751307855 
0.015141941751307855 
0.015141941751307855 
0.015141941751307855 
0.015141941751307855 
0.015141941751307855 
0.015141941751307855 
0.015141941751307855 
0.015141941751307855 
0.015141941751307855 
0.015141941751307855 
0.015141941751307855 
0.015141941751307855 
0.015141941751307855 
0.015141941751307855 
0.015141941751307855 
0.015141941751307855 
0.015141941751307855 
0.015141941751307855 
0.015141941751307855 
0.015141941751307855 
0.015141941751307855 
0.015141941751307855 
0.015141941751307855 
0.015141941751307855 
0.015141941751307855 
0.015141941751307855 
0.015141941751307855 
0.015141941751307855 
0.015141941751307855 
0.015141941751307855 
0.015141941751307855 
0.015141941751307855 
0.015141941751307855 
0.015141941751307855 
0.015141941751307855 
0.015141941751307855 
0.015141941751307855 
0.015141941751307855 
0.015141941751307855 
0.015141941751307855 
0.015141941751307855 
0.015141941751307855 
0.015141941751307855 
0.015141941751307855 
0.015141941751307855 
0.015141941751307855 
0.015141941751307855 
0.015141941751307855 
0.015141941751307855 
0.015141941751307855 
0.015141941751307855 
0.015141941751307855 
0.015141941751307855 
0.015141941751307855 
0.015141941751307855 
0.015141941751307855 
0.015141941751307855 
0.015141941751307855 
0.015141941751307855 
0.015141941751307855 
0.015141941751307855 
0.015141941751307855 
0.015141941751307855 
0.015141941751307855 
0.015141941751307855 
0.015141941751307855 
0.015141941751307855 
0.015141941751307855 
0.015141941751307855 
0.015141941751307855 
0.015141941751307855 
0.015141941751307855 
0.015141941751307855 
0.015141941751307855 
0.015141941751307855 
0.015141941751307855 
0.015141941751307855 
0.015141941751307855 
0.015141941751307855 
0.015141941751307855 
0.015141941751307855 
0.015141941751307855 
0.015141941751307855 
0.015141941751307855 
0.015141941751307855 
0.015141941751307855 
0.015141941751307855 
0.015141941751307855 
0.015141941751307855 
0.015141941751307855 
0.015141941751307855 
0.015141941751307855 
0.015141941751307855 
0.015141941751307855 
0.015141941751307855 
0.015141941751307855 
0.015141941751307855 
0.015141941751307855 
0.015141941751307855 
0.015141941751307855 
0.015141941751307855 
0.015141941751307855 
0.015141941751307855 
0.015141941751307855 
0.015141941751307855 
0.015141941751307855 
0.015141941751307855 
0.015141941751307855 
0.015141941751307855 
0.015141941751307855 
0.015141941751307855 
0.015141941751307855 
0.015141941751307855 
0.015141941751307855 
0.015141941751307855 
0.015141941751307855 
0.015141941751307855 
0.015141941751307855 
0.015141941751307855 
0.015141941751307855 
0.015141941751307855 
0.015141941751307855 
0.015141941751307855 
0.015141941751307855 
0.015141941751307855 
0.015141941751307855 
0.015141941751307855 
0.015141941751307855 
0.015141941751307855 
0.015141941751307855 
0.015141941751307855 
0.015141941751307855 
0.015141941751307855 
0.015141941751307855 
0.015141941751307855 
0.015141941751307855 
0.015141941751307855 
0.015141941751307855 
0.015141941751307855 
0.015141941751307855 
0.015141941751307855 
0.015141941751307855 
0.015141941751307855 
0.015141941751307855 
0.015141941751307855 
0.015141941751307855 
0.015141941751307855 
0.015141941751307855 
0.015141941751307855 
0.015141941751307855 
0.015141941751307855 
0.015141941751307855 
0.015141941751307855 
0.015141941751307855 
0.015141941751307855 
0.015141941751307855 
0.015141941751307855 
0.015141941751307855 
0.015141941751307855 
0.015141941751307855 
0.015141941751307855 
0.015141941751307855 
0.015141941751307855 
0.015141941751307855 
0.015141941751307855 
0.015141941751307855 
0.015141941751307855 
0.015141941751307855 
0.015141941751307855 
0.015141941751307855 
0.015141941751307855 
0.015141941751307855 
0.015141941751307855 
0.015141941751307855 
0.015141941751307855 
0.015141941751307855 
0.015141941751307855 
0.015141941751307855 
0.015141941751307855 
0.015141941751307855 
0.015141941751307855 
0.015141941751307855 
0.015141941751307855 
0.015141941751307855 
0.015141941751307855 
0.015141941751307855 
0.015141941751307855 
0.015141941751307855 
0.015141941751307855 
0.015141941751307855 
0.015141941751307855 
0.015141941751307855 
0.015141941751307855 
0.015141941751307855 
0.015141941751307855 
0.015141941751307855 
0.015141941751307855 
0.015141941751307855 
0.015141941751307855 
0.015141941751307855 
0.015141941751307855 
0.015141941751307855 
0.015141941751307855 
0.015141941751307855 
0.015141941751307855 
0.015141941751307855 
0.015141941751307855 
0.015141941751307855 
0.015141941751307855 
0.015141941751307855 
0.015141941751307855 
0.015141941751307855 
0.015141941751307855 
0.015141941751307855 
0.015141941751307855 
0.015141941751307855 
0.015141941751307855 
0.015141941751307855 
0.015141941751307855 
0.015141941751307855 
0.015141941751307855 
0.015141941751307855 
0.015141941751307855 
0.015141941751307855 
0.015141941751307855 
0.015141941751307855 
0.015141941751307855 
0.015141941751307855 
0.015141941751307855 
0.015141941751307855 
0.015141941751307855 
0.015141941751307855 
0.015141941751307855 
0.015141941751307855 
0.015141941751307855 
0.015141941751307855 
0.015141941751307855 
0.015141941751307855 
0.015141941751307855 
0.015141941751307855 
0.015141941751307855 
0.015141941751307855 
0.015141941751307855 
0.015141941751307855 
0.015141941751307855 
0.015141941751307855 
0.015141941751307855 
0.015141941751307855 
0.015141941751307855 
0.015141941751307855 
0.015141941751307855 
0.015141941751307855 
0.015141941751307855 
0.015141941751307855 
0.015141941751307855 
0.015141941751307855 
0.015141941751307855 
0.015141941751307855 
0.015141941751307855 
0.015141941751307855 
0.015141941751307855 
0.015141941751307855 
0.015141941751307855 
0.015141941751307855 
0.015141941751307855 
0.015141941751307855 
0.015141941751307855 
0.015141941751307855 
0.015141941751307855 
0.015141941751307855 
0.015141941751307855 
0.015141941751307855 
0.015141941751307855 
0.015141941751307855 
0.015141941751307855 
0.015141941751307855 
0.015141941751307855 
0.015141941751307855 
0.015141941751307855 
0.015141941751307855 
0.015141941751307855 
0.015141941751307855 
0.015141941751307855 
0.015141941751307855 
0.015141941751307855 
0.015141941751307855 
0.015141941751307855 
0.015141941751307855 
0.015141941751307855 
0.015141941751307855 
0.015141941751307855 
0.015141941751307855 
0.015141941751307855 
0.015141941751307855 
0.015141941751307855 
0.015141941751307855 
0.015141941751307855 
0.015141941751307855 
0.015141941751307855 
0.015141941751307855 
0.015141941751307855 
0.015141941751307855 
0.015141941751307855 
0.015141941751307855 
0.015141941751307855 
0.015141941751307855 
0.015141941751307855 
0.015141941751307855 
0.015141941751307855 
0.015141941751307855 
0.015141941751307855 
0.015141941751307855 
0.015141941751307855 
0.015141941751307855 
0.015141941751307855 
0.015141941751307855 
0.015141941751307855 
0.015141941751307855 
0.015141941751307855 
0.015141941751307855 
0.015141941751307855 
0.015141941751307855 
0.015141941751307855 
0.015141941751307855 
0.015141941751307855 
0.015141941751307855 
0.015141941751307855 
0.015141941751307855 
0.015141941751307855 
0.015141941751307855 
0.015141941751307855 
0.015141941751307855 
0.015141941751307855 
0.015141941751307855 
0.015141941751307855 
0.015141941751307855 
0.015141941751307855 
0.015141941751307855 
0.015141941751307855 
0.015141941751307855 
0.015141941751307855 
0.015141941751307855 
0.015141941751307855 
0.015141941751307855 
0.015141941751307855 
0.015141941751307855 
0.015141941751307855 
0.015141941751307855 
0.015141941751307855 
0.015141941751307855 
0.015141941751307855 
0.015141941751307855 
0.015141941751307855 
0.015141941751307855 
0.015141941751307855 
0.015141941751307855 
0.015141941751307855 
0.015141941751307855 
0.015141941751307855 
0.015141941751307855 
0.015141941751307855 
0.015141941751307855 
0.015141941751307855 
0.015141941751307855 
0.015141941751307855 
0.015141941751307855 
0.015141941751307855 
0.015141941751307855 
0.015141941751307855 
0.015141941751307855 
0.015141941751307855 
0.015141941751307855 
0.015141941751307855 
0.015141941751307855 
0.015141941751307855 
0.015141941751307855 
0.015141941751307855 
0.015141941751307855 
0.015141941751307855 
0.015141941751307855 
0.015141941751307855 
0.015141941751307855 
0.015141941751307855 
0.015141941751307855 
0.015141941751307855 
0.015141941751307855 
0.015141941751307855 
0.015141941751307855 
0.015141941751307855 
0.015141941751307855 
0.015141941751307855 
0.015141941751307855 
0.015141941751307855 
0.015141941751307855 
0.015141941751307855 
0.015141941751307855 
0.015141941751307855 
0.015141941751307855 
0.015141941751307855 
0.015141941751307855 
0.015141941751307855 
0.015141941751307855 
0.015141941751307855 
0.015141941751307855 
0.015141941751307855 
0.015141941751307855 
0.015141941751307855 
0.015141941751307855 
0.015141941751307855 
0.015141941751307855 
0.015141941751307855 
0.015141941751307855 
0.015141941751307855 
0.015141941751307855 
0.015141941751307855 
0.015141941751307855 
0.015141941751307855 
0.015141941751307855 
0.015141941751307855 
0.015141941751307855 
0.015141941751307855 
0.015141941751307855 
0.015141941751307855 
0.015141941751307855 
0.015141941751307855 
0.015141941751307855 
0.015141941751307855 
0.015141941751307855 
0.015141941751307855 
0.015141941751307855 
0.015141941751307855 
0.015141941751307855 
0.015141941751307855 
0.015141941751307855 
0.015141941751307855 
0.015141941751307855 
0.015141941751307855 
0.015141941751307855 
0.015141941751307855 
0.015141941751307855 
0.015141941751307855 
0.015141941751307855 
0.015141941751307855 
0.015141941751307855 
0.015141941751307855 
0.015141941751307855 
0.015141941751307855 
0.015141941751307855 
0.015141941751307855 
0.015141941751307855 
0.015141941751307855 
0.015141941751307855 
0.015141941751307855 
0.015141941751307855 
0.015141941751307855 
0.015141941751307855 
0.015141941751307855 
0.015141941751307855 
0.015141941751307855 
0.015141941751307855 
0.015141941751307855 
0.015141941751307855 
0.015141941751307855 
0.015141941751307855 
0.015141941751307855 
0.015141941751307855 
0.015141941751307855 
0.015141941751307855 
0.015141941751307855 
0.015141941751307855 
0.015141941751307855 
0.015141941751307855 
0.015141941751307855 
0.015141941751307855 
0.015141941751307855 
0.015141941751307855 
0.015141941751307855 
0.015141941751307855 
0.015141941751307855 
0.015141941751307855 
0.015141941751307855 
0.015141941751307855 
0.015141941751307855 
0.015141941751307855 
0.015141941751307855 
0.015141941751307855 
0.015141941751307855 
0.015141941751307855 
0.015141941751307855 
0.015141941751307855 
0.015141941751307855 
0.015141941751307855 
0.015141941751307855 
0.015141941751307855 
0.015141941751307855 
0.015141941751307855 
0.015141941751307855 
0.015141941751307855 
0.015141941751307855 
0.015141941751307855 
0.015141941751307855 
0.015141941751307855 
0.015141941751307855 
0.015141941751307855 
0.015141941751307855 
0.015141941751307855 
0.015141941751307855 
0.015141941751307855 
0.015141941751307855 
0.015141941751307855 
0.015141941751307855 
0.015141941751307855 
0.015141941751307855 
0.015141941751307855 
0.015141941751307855 
0.015141941751307855 
0.015141941751307855 
0.015141941751307855 
0.015141941751307855 
0.015141941751307855 
0.015141941751307855 
0.015141941751307855 
0.015141941751307855 
0.015141941751307855 
0.015141941751307855 
0.015141941751307855 
0.015141941751307855 
0.015141941751307855 
0.015141941751307855 
0.015141941751307855 
0.015141941751307855 
0.015141941751307855 
0.015141941751307855 
0.015141941751307855 
0.015141941751307855 
0.015141941751307855 
0.015141941751307855 
0.015141941751307855 
0.015141941751307855 
0.015141941751307855 
0.015141941751307855 
0.015141941751307855 
0.015141941751307855 
0.015141941751307855 
0.015141941751307855 
0.015141941751307855 
0.015141941751307855 
0.015141941751307855 
0.015141941751307855 
0.015141941751307855 
0.015141941751307855 
0.015141941751307855 
0.015141941751307855 
0.015141941751307855 
0.015141941751307855 
0.015141941751307855 
0.015141941751307855 
0.015141941751307855 
0.015141941751307855 
0.015141941751307855 
0.015141941751307855 
0.015141941751307855 
0.015141941751307855 
0.015141941751307855 
0.015141941751307855 
0.015141941751307855 
0.015141941751307855 
0.015141941751307855 
0.015141941751307855 
0.015141941751307855 
0.015141941751307855 
0.015141941751307855 
0.015141941751307855 
0.015141941751307855 
0.015141941751307855 
0.015141941751307855 
0.015141941751307855 
0.015141941751307855 
0.015141941751307855 
0.015141941751307855 
0.015141941751307855 
0.015141941751307855 
0.015141941751307855 
0.015141941751307855 
0.015141941751307855 
0.015141941751307855 
0.015141941751307855 
0.015141941751307855 
0.015141941751307855 
0.015141941751307855 
0.015141941751307855 
0.015141941751307855 
0.015141941751307855 
0.015141941751307855 
0.015141941751307855 
0.015141941751307855 
0.015141941751307855 
0.015141941751307855 
0.015141941751307855 
0.015141941751307855 
0.015141941751307855 
0.015141941751307855 
0.015141941751307855 
0.015141941751307855 
0.015141941751307855 
0.015141941751307855 
0.015141941751307855 
0.015141941751307855 
0.015141941751307855 
0.015141941751307855 
0.015141941751307855 
0.015141941751307855 
0.015141941751307855 
0.015141941751307855 
0.015141941751307855 
0.015141941751307855 
0.015141941751307855 
0.015141941751307855 
0.015141941751307855 
0.015141941751307855 
0.015141941751307855 
0.015141941751307855 
0.015141941751307855 
0.015141941751307855 
0.015141941751307855 
0.015141941751307855 
0.015141941751307855 
0.015141941751307855 
0.015141941751307855 
0.015141941751307855 
0.015141941751307855 
0.015141941751307855 
0.015141941751307855 
0.015141941751307855 
0.015141941751307855 
0.015141941751307855 
0.015141941751307855 
0.015141941751307855 
0.015141941751307855 
0.015141941751307855 
0.015141941751307855 
0.015141941751307855 
0.015141941751307855 
0.015141941751307855 
0.015141941751307855 
0.015141941751307855 
0.015141941751307855 
0.015141941751307855 
0.015141941751307855 
0.015141941751307855 
0.015141941751307855 
0.015141941751307855 
0.015141941751307855 
0.015141941751307855 
0.015141941751307855 
0.015141941751307855 
0.015141941751307855 
0.015141941751307855 
0.015141941751307855 
0.015141941751307855 
0.015141941751307855 
0.015141941751307855 
0.015141941751307855 
0.015141941751307855 
0.015141941751307855 
0.015141941751307855 
0.015141941751307855 
0.015141941751307855 
0.015141941751307855 
0.015141941751307855 
0.015141941751307855 
0.015141941751307855 
0.015141941751307855 
0.015141941751307855 
0.015141941751307855 
0.015141941751307855 
0.015141941751307855 
0.015141941751307855 
0.015141941751307855 
0.015141941751307855 
0.015141941751307855 
0.015141941751307855 
0.015141941751307855 
0.015141941751307855 
0.015141941751307855 
0.015141941751307855 
0.015141941751307855 
0.015141941751307855 
0.015141941751307855 
0.015141941751307855 
0.015141941751307855 
0.015141941751307855 
0.015141941751307855 
0.015141941751307855 
0.015141941751307855 
0.015141941751307855 
0.015141941751307855 
0.015141941751307855 
0.015141941751307855 
0.015141941751307855 
0.015141941751307855 
0.015141941751307855 
0.015141941751307855 
0.015141941751307855 
0.015141941751307855 
0.015141941751307855 
0.015141941751307855 
0.015141941751307855 
0.015141941751307855 
0.015141941751307855 
0.015141941751307855 
0.015141941751307855 
0.015141941751307855 
0.015141941751307855 
0.015141941751307855 
0.015141941751307855 
0.015141941751307855 
0.015141941751307855 
0.015141941751307855 
0.015141941751307855 
0.015141941751307855 
0.015141941751307855 
0.015141941751307855 
0.015141941751307855 
0.015141941751307855 
0.015141941751307855 
0.015141941751307855 
0.015141941751307855 
0.015141941751307855 
0.015141941751307855 
0.015141941751307855 
0.015141941751307855 
0.015141941751307855 
0.015141941751307855 
0.015141941751307855 
0.015141941751307855 
0.015141941751307855 
0.015141941751307855 
0.015141941751307855 
0.015141941751307855 
0.015141941751307855 
0.015141941751307855 
0.015141941751307855 
0.015141941751307855 
0.015141941751307855 
0.015141941751307855 
0.015141941751307855 
0.015141941751307855 
0.015141941751307855 
0.015141941751307855 
0.015141941751307855 
0.015141941751307855 
0.015141941751307855 
0.015141941751307855 
0.015141941751307855 
0.015141941751307855 
0.015141941751307855 
0.015141941751307855 
0.015141941751307855 
0.015141941751307855 
0.015141941751307855 
0.015141941751307855 
0.015141941751307855 
0.015141941751307855 
0.015141941751307855 
0.015141941751307855 
0.015141941751307855 
0.015141941751307855 
0.015141941751307855 
0.015141941751307855 
0.015141941751307855 
0.015141941751307855 
0.015141941751307855 
0.015141941751307855 
0.015141941751307855 
0.015141941751307855 
0.015141941751307855 
0.015141941751307855 
0.015141941751307855 
0.015141941751307855 
0.015141941751307855 
0.015141941751307855 
0.015141941751307855 
0.015141941751307855 
0.015141941751307855 
0.015141941751307855 
0.015141941751307855 
0.015141941751307855 
0.015141941751307855 
0.015141941751307855 
0.015141941751307855 
0.015141941751307855 
0.015141941751307855 
0.015141941751307855 
0.015141941751307855 
0.015141941751307855 
0.015141941751307855 
0.015141941751307855 
0.015141941751307855 
0.015141941751307855 
0.015141941751307855 
0.015141941751307855 
0.015141941751307855 
0.015141941751307855 
0.015141941751307855 
0.015141941751307855 
0.015141941751307855 
0.015141941751307855 
0.015141941751307855 
0.015141941751307855 
0.015141941751307855 
0.015141941751307855 
0.015141941751307855 
0.015141941751307855 
0.015141941751307855 
0.015141941751307855 
0.015141941751307855 
0.015141941751307855 
0.015141941751307855 
0.015141941751307855 
0.015141941751307855 
0.015141941751307855 
0.015141941751307855 
0.015141941751307855 
0.015141941751307855 
0.015141941751307855 
0.015141941751307855 
0.015141941751307855 
0.015141941751307855 
0.015141941751307855 
0.015141941751307855 
0.015141941751307855 
0.015141941751307855 
0.015141941751307855 
0.015141941751307855 
0.015141941751307855 
0.015141941751307855 
0.015141941751307855 
0.015141941751307855 
0.015141941751307855 
0.015141941751307855 
0.015141941751307855 
0.015141941751307855 
0.015141941751307855 
0.015141941751307855 
0.015141941751307855 
0.015141941751307855 
0.015141941751307855 
0.015141941751307855 
0.015141941751307855 
0.015141941751307855 
0.015141941751307855 
0.015141941751307855 
0.015141941751307855 
0.015141941751307855 
0.015141941751307855 
0.015141941751307855 
0.015141941751307855 
0.015141941751307855 
0.015141941751307855 
0.015141941751307855 
0.015141941751307855 
0.015141941751307855 
0.015141941751307855 
0.015141941751307855 
0.015141941751307855 
0.015141941751307855 
0.015141941751307855 
0.015141941751307855 
0.015141941751307855 
0.015141941751307855 
0.015141941751307855 
0.015141941751307855 
0.015141941751307855 
0.015141941751307855 
0.015141941751307855 
0.015141941751307855 
0.015141941751307855 
0.015141941751307855 
0.015141941751307855 
0.015141941751307855 
0.015141941751307855 
0.015141941751307855 
0.015141941751307855 
0.015141941751307855 
0.015141941751307855 
0.015141941751307855 
0.015141941751307855 
0.015141941751307855 
0.015141941751307855 
0.015141941751307855 
0.015141941751307855 
0.015141941751307855 
0.015141941751307855 
0.015141941751307855 
0.015141941751307855 
0.015141941751307855 
0.015141941751307855 
0.015141941751307855 
0.015141941751307855 
0.015141941751307855 
0.015141941751307855 
0.015141941751307855 
0.015141941751307855 
0.015141941751307855 
0.015141941751307855 
0.015141941751307855 
0.015141941751307855 
0.015141941751307855 
0.015141941751307855 
0.015141941751307855 
0.015141941751307855 
0.015141941751307855 
0.015141941751307855 
0.015141941751307855 
0.015141941751307855 
0.015141941751307855 
0.015141941751307855 
0.015141941751307855 
0.015141941751307855 
0.015141941751307855 
0.015141941751307855 
0.015141941751307855 
0.015141941751307855 
0.015141941751307855 
0.015141941751307855 
0.015141941751307855 
0.015141941751307855 
0.015141941751307855 
0.015141941751307855 
0.015141941751307855 
0.015141941751307855 
0.015141941751307855 
0.015141941751307855 
0.015141941751307855 
0.015141941751307855 
0.015141941751307855 
0.015141941751307855 
0.015141941751307855 
0.015141941751307855 
0.015141941751307855 
0.015141941751307855 
0.015141941751307855 
0.015141941751307855 
0.015141941751307855 
0.015141941751307855 
0.015141941751307855 
0.015141941751307855 
0.015141941751307855 
0.015141941751307855 
0.015141941751307855 
0.015141941751307855 
0.015141941751307855 
0.015141941751307855 
0.015141941751307855 
0.015141941751307855 
0.015141941751307855 
0.015141941751307855 
0.015141941751307855 
0.015141941751307855 
0.015141941751307855 
0.015141941751307855 
0.015141941751307855 
0.015141941751307855 
0.015141941751307855 
0.015141941751307855 
0.015141941751307855 
0.015141941751307855 
0.015141941751307855 
0.015141941751307855 
0.015141941751307855 
0.015141941751307855 
0.015141941751307855 
0.015141941751307855 
0.015141941751307855 
0.015141941751307855 
0.015141941751307855 
0.015141941751307855 
0.015141941751307855 
0.015141941751307855 
0.015141941751307855 
0.015141941751307855 
0.015141941751307855 
0.015141941751307855 
0.015141941751307855 
0.015141941751307855 
0.015141941751307855 
0.015141941751307855 
0.015141941751307855 
0.015141941751307855 
0.015141941751307855 
0.015141941751307855 
0.015141941751307855 
0.015141941751307855 
0.015141941751307855 
0.015141941751307855 
0.015141941751307855 
0.015141941751307855 
0.015141941751307855 
0.015141941751307855 
0.015141941751307855 
0.015141941751307855 
0.015141941751307855 
0.015141941751307855 
0.015141941751307855 
0.015141941751307855 
0.015141941751307855 
0.015141941751307855 
0.015141941751307855 
0.015141941751307855 
0.015141941751307855 
0.015141941751307855 
0.015141941751307855 
0.015141941751307855 
0.015141941751307855 
0.015141941751307855 
0.015141941751307855 
0.015141941751307855 
0.015141941751307855 
0.015141941751307855 
0.015141941751307855 
0.015141941751307855 
0.015141941751307855 
0.015141941751307855 
0.015141941751307855 
0.015141941751307855 
0.015141941751307855 
0.015141941751307855 
0.015141941751307855 
0.015141941751307855 
0.015141941751307855 
0.015141941751307855 
0.015141941751307855 
0.015141941751307855 
0.015141941751307855 
0.015141941751307855 
0.015141941751307855 
0.015141941751307855 
0.015141941751307855 
0.015141941751307855 
0.015141941751307855 
0.015141941751307855 
0.015141941751307855 
0.015141941751307855 
0.015141941751307855 
0.015141941751307855 
0.015141941751307855 
0.015141941751307855 
0.015141941751307855 
0.015141941751307855 
0.015141941751307855 
0.015141941751307855 
0.015141941751307855 
0.015141941751307855 
0.015141941751307855 
0.015141941751307855 
0.015141941751307855 
0.015141941751307855 
0.015141941751307855 
0.015141941751307855 
0.015141941751307855 
0.015141941751307855 
0.015141941751307855 
0.015141941751307855 
0.015141941751307855 
0.015141941751307855 
0.015141941751307855 
0.015141941751307855 
0.015141941751307855 
0.015141941751307855 
0.015141941751307855 
0.015141941751307855 
0.015141941751307855 
0.015141941751307855 
0.015141941751307855 
0.015141941751307855 
0.015141941751307855 
0.015141941751307855 
0.015141941751307855 
0.015141941751307855 
0.015141941751307855 
0.015141941751307855 
0.015141941751307855 
0.015141941751307855 
0.015141941751307855 
0.015141941751307855 
0.015141941751307855 
0.015141941751307855 
0.015141941751307855 
0.015141941751307855 
0.015141941751307855 
0.015141941751307855 
0.015141941751307855 
0.015141941751307855 
0.015141941751307855 
0.015141941751307855 
0.015141941751307855 
0.015141941751307855 
0.015141941751307855 
0.015141941751307855 
0.015141941751307855 
0.015141941751307855 
0.015141941751307855 
0.015141941751307855 
0.015141941751307855 
0.015141941751307855 
0.015141941751307855 
0.015141941751307855 
0.015141941751307855 
0.015141941751307855 
0.015141941751307855 
0.015141941751307855 
0.015141941751307855 
0.015141941751307855 
0.015141941751307855 
0.015141941751307855 
0.015141941751307855 
0.015141941751307855 
0.015141941751307855 
0.015141941751307855 
0.015141941751307855 
0.015141941751307855 
0.015141941751307855 
0.015141941751307855 
0.015141941751307855 
0.015141941751307855 
0.015141941751307855 
0.015141941751307855 
0.015141941751307855 
0.015141941751307855 
0.015141941751307855 
0.015141941751307855 
0.015141941751307855 
0.015141941751307855 
0.015141941751307855 
0.015141941751307855 
0.015141941751307855 
0.015141941751307855 
0.015141941751307855 
0.015141941751307855 
0.015141941751307855 
0.015141941751307855 
0.015141941751307855 
0.015141941751307855 
0.015141941751307855 
0.015141941751307855 
0.015141941751307855 
0.015141941751307855 
0.015141941751307855 
0.015141941751307855 
0.015141941751307855 
0.015141941751307855 
0.015141941751307855 
0.015141941751307855 
0.015141941751307855 
0.015141941751307855 
0.015141941751307855 
0.015141941751307855 
0.015141941751307855 
0.015141941751307855 
0.015141941751307855 
0.015141941751307855 
0.015141941751307855 
0.015141941751307855 
0.015141941751307855 
0.015141941751307855 
0.015141941751307855 
0.015141941751307855 
0.015141941751307855 
0.015141941751307855 
0.015141941751307855 
0.015141941751307855 
0.015141941751307855 
0.015141941751307855 
0.015141941751307855 
0.015141941751307855 
0.015141941751307855 
0.015141941751307855 
0.015141941751307855 
0.015141941751307855 
0.015141941751307855 
0.015141941751307855 
0.015141941751307855 
0.015141941751307855 
0.015141941751307855 
0.015141941751307855 
0.015141941751307855 
0.015141941751307855 
0.015141941751307855 
0.015141941751307855 
0.015141941751307855 
0.015141941751307855 
0.015141941751307855 
0.015141941751307855 
0.015141941751307855 
0.015141941751307855 
0.015141941751307855 
0.015141941751307855 
0.015141941751307855 
0.015141941751307855 
0.015141941751307855 
0.015141941751307855 
0.015141941751307855 
0.015141941751307855 
0.015141941751307855 
0.015141941751307855 
0.015141941751307855 
0.015141941751307855 
0.015141941751307855 
0.015141941751307855 
0.015141941751307855 
0.015141941751307855 
0.015141941751307855 
0.015141941751307855 
0.015141941751307855 
0.015141941751307855 
0.015141941751307855 
0.015141941751307855 
0.015141941751307855 
0.015141941751307855 
0.015141941751307855 
0.015141941751307855 
0.015141941751307855 
0.015141941751307855 
0.015141941751307855 
0.015141941751307855 
0.015141941751307855 
0.015141941751307855 
0.015141941751307855 
0.015141941751307855 
0.015141941751307855 
0.015141941751307855 
0.015141941751307855 
0.015141941751307855 
0.015141941751307855 
0.015141941751307855 
0.015141941751307855 
0.015141941751307855 
0.015141941751307855 
0.015141941751307855 
0.015141941751307855 
0.015141941751307855 
0.015141941751307855 
0.015141941751307855 
0.015141941751307855 
0.015141941751307855 
0.015141941751307855 
0.015141941751307855 
0.015141941751307855 
0.015141941751307855 
0.015141941751307855 
0.015141941751307855 
0.015141941751307855 
0.015141941751307855 
0.015141941751307855 
0.015141941751307855 
0.015141941751307855 
0.015141941751307855 
0.015141941751307855 
0.015141941751307855 
0.015141941751307855 
0.015141941751307855 
0.015141941751307855 
0.015141941751307855 
0.015141941751307855 
0.015141941751307855 
0.015141941751307855 
0.015141941751307855 
0.015141941751307855 
0.015141941751307855 
0.015141941751307855 
0.015141941751307855 
0.015141941751307855 
0.015141941751307855 
0.015141941751307855 
0.015141941751307855 
0.015141941751307855 
0.015141941751307855 
0.015141941751307855 
0.015141941751307855 
0.015141941751307855 
0.015141941751307855 
0.015141941751307855 
0.015141941751307855 
0.015141941751307855 
0.015141941751307855 
0.015141941751307855 
0.015141941751307855 
0.015141941751307855 
0.015141941751307855 
0.015141941751307855 
0.015141941751307855 
0.015141941751307855 
0.015141941751307855 
0.015141941751307855 
0.015141941751307855 
0.015141941751307855 
0.015141941751307855 
0.015141941751307855 
0.015141941751307855 
0.015141941751307855 
0.015141941751307855 
0.015141941751307855 
0.015141941751307855 
0.015141941751307855 
0.015141941751307855 
0.015141941751307855 
0.015141941751307855 
0.015141941751307855 
0.015141941751307855 
0.015141941751307855 
0.015141941751307855 
0.015141941751307855 
0.015141941751307855 
0.015141941751307855 
0.015141941751307855 
0.015141941751307855 
0.015141941751307855 
0.015141941751307855 
0.015141941751307855 
0.015141941751307855 
0.015141941751307855 
0.015141941751307855 
0.015141941751307855 
0.015141941751307855 
0.015141941751307855 
0.015141941751307855 
0.015141941751307855 
0.015141941751307855 
0.015141941751307855 
0.015141941751307855 
0.015141941751307855 
0.015141941751307855 
0.015141941751307855 
0.015141941751307855 
0.015141941751307855 
0.015141941751307855 
0.015141941751307855 
0.015141941751307855 
0.015141941751307855 
0.015141941751307855 
0.015141941751307855 
0.015141941751307855 
0.015141941751307855 
0.015141941751307855 
0.015141941751307855 
0.015141941751307855 
0.015141941751307855 
0.015141941751307855 
0.015141941751307855 
0.015141941751307855 
0.015141941751307855 
0.015141941751307855 
0.015141941751307855 
0.015141941751307855 
0.015141941751307855 
0.015141941751307855 
0.015141941751307855 
0.015141941751307855 
0.015141941751307855 
0.015141941751307855 
0.015141941751307855 
0.015141941751307855 
0.015141941751307855 
0.015141941751307855 
0.015141941751307855 
0.015141941751307855 
0.015141941751307855 
0.015141941751307855 
0.015141941751307855 
0.015141941751307855 
0.015141941751307855 
0.015141941751307855 
0.015141941751307855 
0.015141941751307855 
0.015141941751307855 
0.015141941751307855 
0.015141941751307855 
0.015141941751307855 
0.015141941751307855 
0.015141941751307855 
0.015141941751307855 
0.015141941751307855 
0.015141941751307855 
0.015141941751307855 
0.015141941751307855 
0.015141941751307855 
0.015141941751307855 
0.015141941751307855 
0.015141941751307855 
0.015141941751307855 
0.015141941751307855 
0.015141941751307855 
0.015141941751307855 
0.015141941751307855 
0.015141941751307855 
0.015141941751307855 
0.015141941751307855 
0.015141941751307855 
0.015141941751307855 
0.015141941751307855 
0.015141941751307855 
0.015141941751307855 
0.015141941751307855 
0.015141941751307855 
0.015141941751307855 
0.015141941751307855 
0.015141941751307855 
0.015141941751307855 
0.015141941751307855 
0.015141941751307855 
0.015141941751307855 
0.015141941751307855 
0.015141941751307855 
0.015141941751307855 
