0.01640641386775306 
0.016340410765950775 
0.016315913213792232 
0.01628155471691816 
0.016251865615983907 
0.01621043170307318 
0.016192869541869347 
0.016141192521000425 
0.016123721654754525 
0.01609443332335749 
0.016057253065203902 
0.016022371859372133 
0.016019915605270833 
0.01596977144482663 
0.015914674486146425 
0.01588442054341297 
0.015846705146496543 
0.015821358222352467 
0.015778336540966543 
0.01575284913912401 
0.01571721298449569 
0.015663787026131325 
0.015645740123113382 
0.015609906598054968 
0.015553250978493211 
0.01551211139722765 
0.0155017294519031 
0.015499449796686335 
0.015478744651941254 
0.01547091412942364 
0.015458102859018634 
0.015458057316493558 
0.015432159148997916 
0.015403544527153484 
0.015400861794068538 
0.015398169241828717 
0.015400508563031285 
0.01538499580760424 
0.015387390162077519 
0.015381807436059002 
0.015363644880040671 
0.01534545978457472 
0.015345026034516852 
0.015360989551457942 
0.015358436899632724 
0.015374430200823703 
0.015364182243126382 
0.015364394683813612 
0.015364257222527876 
0.015369046814945941 
0.015371504025306047 
0.015342360183491976 
0.015326826155470024 
0.01531626638577431 
0.015308118630321624 
0.01530771099805585 
0.01529739533384687 
0.015289617392204422 
0.015289617392204422 
0.015289617392204422 
0.015307986934930405 
0.015302891752868147 
0.015305695149192017 
0.015318694461343629 
0.015340037027334712 
0.015321605659982244 
0.015332370462521443 
0.01533009380271367 
0.01535360231346377 
0.015351197477721406 
0.01535133922496666 
0.015364569632762252 
0.01535941196791075 
0.01537253446898071 
0.01538289959663002 
0.015395915822061384 
0.015401111128746522 
0.015401181772838082 
0.01541422719438117 
0.015429822552446935 
0.01542983292197294 
0.015414270790407181 
0.015409079920618234 
0.015398699165838652 
0.015398692931544547 
0.015432370653920932 
0.015468652688582803 
0.015478901769828503 
0.015489263894711072 
0.01550976930840688 
0.015520246905252506 
0.015535739956629038 
0.015538265540271861 
0.015569181866752024 
0.015587087476497974 
0.015622911892473824 
0.015633149906528754 
0.01565356904990041 
0.01566885267018616 
0.015686537412698827 
0.01569931004853398 
0.01570422159802898 
0.015699191826332972 
0.01569661160887916 
0.015716917763989223 
0.015734822019965778 
0.01576266170416659 
0.01575263787433711 
0.01578030722134395 
0.015777734184603313 
0.015777571929799592 
0.01579766261191826 
0.015815422852393166 
0.015813025516959112 
0.01582553632582479 
0.01584343397120713 
0.015853446817648206 
0.015863536049695856 
0.01586592575300918 
0.015878740504208764 
0.01589111701549013 
0.015898880463730773 
0.015909093751688058 
0.015924019593055016 
0.01593900172532772 
0.015948950561087083 
0.015971369884890903 
0.015986389711251256 
0.015988537894379207 
0.016008429779338137 
0.016021381213865427 
0.01603126894540791 
0.016048675957847737 
0.016063721113116974 
0.016066162703022774 
0.01608372295210285 
0.016091135944985364 
0.016100980839687997 
0.016115780589223718 
0.016118409847128222 
0.016138343905122362 
0.016135910262516956 
0.016145910194225656 
0.016155899974931758 
0.016168465109589098 
0.01618824462380032 
0.016195690784897073 
0.016215437089391084 
0.01622780034385437 
0.016232660410419483 
0.01624244119583014 
0.016264627139900872 
0.016282002825205505 
0.016291693098017777 
0.01630157980074324 
0.01630143846413561 
0.01632595773607172 
0.016338240296923046 
0.016343206539721634 
0.016357884948855702 
0.016365112159713417 
0.016379843222692946 
0.016382448657023162 
0.016387331204317557 
0.016401907693923898 
0.01641399597904179 
0.016428803973509452 
0.016448210115389456 
0.01645773058474345 
0.01646251499619666 
0.016481691175361832 
0.016496417065532745 
0.016503730002638797 
0.01650134539969393 
0.016523259242655488 
0.016530483840468794 
0.01653762691561277 
0.01654983069399805 
0.016544996101540792 
0.016559420279707863 
0.016573907203794765 
0.01657398250270586 
0.016576200288365244 
0.016595227747759293 
0.016592954649489042 
0.016595409003697378 
0.016607321758790608 
0.016609864538881705 
0.016621944049959984 
0.016629119038602133 
0.01663873793290825 
0.016655600379451952 
0.016655682994101445 
0.01666056421613626 
0.016672525423582354 
0.016684477096990485 
0.016705915120100424 
0.016710703156959012 
0.01672270982825451 
0.01672975361444394 
0.016719999521531092 
0.016729466698015213 
0.016738924696646437 
0.016746144153207326 
0.016755797086381773 
0.016770394867146095 
0.0167728232566852 
0.01678946526843544 
0.01680123757346464 
0.01681075798410054 
0.016817940896554487 
0.01682511979154978 
0.016832205321941626 
0.016841615124446943 
0.01685353327940465 
0.016867672749967616 
0.016869894605479902 
0.016869894605479902 
0.01688158807695532 
0.016888640442617044 
0.0168909533182707 
0.016893376690289008 
0.016905371927289855 
0.016910103488743052 
0.016910103488743052 
0.016922078359350542 
0.016924392337688225 
0.01693846510165546 
0.016940774008291356 
0.01695252240818457 
0.016954827513130294 
0.016959433952818116 
0.016966451131571386 
0.016975878887409628 
0.016985184603059218 
0.016987479624711845 
0.016994357181135154 
0.016999063974231052 
0.017006306594907667 
0.017020290949334563 
0.017027277410085265 
0.017038955836552894 
0.01705062532577618 
0.0170625409596578 
0.01706710332774721 
0.01706951012771017 
0.017071915651150578 
0.01707647551457853 
0.01708356449924898 
0.017088246721065334 
0.01709280035570532 
0.01709962151627924 
0.01710416276816845 
0.017127392796336516 
0.017132063039809305 
0.017132203127443943 
0.017139274663765677 
0.01714394167045607 
0.017146342350483967 
0.017151139903808142 
0.017153406192357248 
0.017155803682719153 
0.01716059486148426 
0.01716286176603424 
0.01716752236055046 
0.017179356914622853 
0.017179356914622853 
0.017183888267793178 
0.017188667894866082 
0.017205010897991316 
0.017214185313281602 
0.01721657062251365 
0.017218954672104807 
0.01723025246477834 
0.017239664033849383 
0.017241920542677373 
0.0172464298914297 
0.0172488144520138 
0.017253451828547237 
0.01726034020522191 
0.017262722844325572 
0.017264974485935388 
0.017267224907320806 
0.017271988883738897 
0.01727674784211427 
0.017281377722855314 
0.017288256823636095 
0.017292883623039854 
0.017288256823636095 
0.01729300945469007 
0.017297757080037862 
0.01730225927444159 
0.017306756599663613 
0.01731837220988162 
0.017327608490498626 
0.017334594774611838 
0.017341577321570264 
0.017343822416065035 
0.017346066297578826 
0.017343822416065035 
0.017350801249510064 
0.01735777635528238 
0.017360140091600643 
0.01736250258459304 
0.017364747737873994 
0.017373716240344207 
0.017373716240344207 
0.017380683991143734 
0.017382923114367156 
0.017389887176172247 
0.017394361845149708 
0.017398960428715277 
0.017398960428715277 
0.01740119536123884 
0.01740342908739539 
0.01741498205568987 
0.01741498205568987 
0.017424416891247754 
0.017424416891247754 
0.017426651313433687 
0.017429007544894806 
0.017433474008355307 
0.017433474008355307 
0.017435705434538634 
0.01743806227767294 
0.017440293116802827 
0.017442649340051526 
0.01744487959259106 
0.017449336491683575 
0.017451693327582857 
0.01745875642764971 
0.017463458992994483 
0.017468156628562728 
0.017472849338330595 
0.017481773365422625 
0.017484120338181156 
0.017490923360417538 
0.01748622818105723 
0.01748845379100165 
0.017490418405515632 
0.017492771535694392 
0.017494991740495333 
0.01749942856209882 
0.017501645179810957 
0.017501645179810957 
0.017501645179810957 
0.01750621558190119 
0.017508430426511682 
0.017508430426511682 
0.01751299905784272 
0.01751299905784272 
0.01751299905784272 
0.017515212131173293 
0.017519634699388 
0.01752199029790851 
0.01752199029790851 
0.01752199029790851 
0.01752669780648939 
0.0175336129762237 
0.0175336129762237 
0.0175336129762237 
0.017540385856645233 
0.01754950529217277 
0.017558758498253797 
0.017560967627098457 
0.017565522593990766 
0.01756331403807379 
0.017570212975373974 
0.017570212975373974 
0.017570212975373974 
0.017570212975373974 
0.017574628986126564 
0.017574628986126564 
0.017576973573399945 
0.017576973573399945 
0.017576973573399945 
0.01757931693781075 
0.01757931693781075 
0.017583730662177464 
0.017585935744224703 
0.017597234328155093 
0.017597234328155093 
0.017597234328155093 
0.0176042608478743 
0.0176042608478743 
0.0176042608478743 
0.017611143744799766 
0.017613347211702834 
0.017615685737432985 
0.017615685737432985 
0.01761788863626967 
0.01761788863626967 
0.017617750594216053 
0.01762229088399122 
0.017626967975236125 
0.017633705906586965 
0.017635904740046653 
0.017635904740046653 
0.017635904740046653 
0.017635904740046653 
0.017635904740046653 
0.01763810239226431 
0.01763810239226431 
0.01763810239226431 
0.017642777105659983 
0.017642777105659983 
0.017642777105659983 
0.017642777105659983 
0.017642777105659983 
0.017651979605698614 
0.017654177975765396 
0.017654177975765396 
0.01766104141889713 
0.017668031695692647 
0.017668031695692647 
0.017668031695692647 
0.017668031695692647 
0.017670230785136905 
0.017670230785136905 
0.01767242869556983 
0.01767242869556983 
0.017677085280102034 
0.017679283243389705 
0.017679283243389705 
0.017679283243389705 
0.017679283243389705 
0.0176838077347612 
0.0176838077347612 
0.017688199003855647 
0.01769052673042835 
0.01769052673042835 
0.01769052673042835 
0.017692853246438236 
0.017695048346924626 
0.017695048346924626 
0.017697374268517915 
0.017699568808307167 
0.01770395436053765 
0.01770395436053765 
0.017706145373852553 
0.017706145373852553 
0.017710798513901057 
0.017713123270614927 
0.017717639120379443 
0.017719830247493906 
0.017726533784132758 
0.017733094935740913 
0.017733094935740913 
0.017733094935740913 
0.017733094935740913 
0.017733094935740913 
0.017733094935740913 
0.017733094935740913 
0.017733094935740913 
0.017733094935740913 
0.017733094935740913 
0.01773295237686043 
0.017735135296918378 
0.017737463178256353 
0.017739789852193853 
0.017739789852193853 
0.017739789852193853 
0.017739789852193853 
0.017739789852193853 
0.017744439579766954 
0.017746623791583573 
0.017746623791583573 
0.017746623791583573 
0.017746623791583573 
0.017746623791583573 
0.01774894746175108 
0.017751131118889298 
0.01775577607428073 
0.01775577607428073 
0.01775795979272394 
0.017760281078856834 
0.017760281078856834 
0.017764784941000554 
0.017766967552173895 
0.017766967552173895 
0.01776914899481683 
0.01776914899481683 
0.01777132926935968 
0.01777132926935968 
0.01777132926935968 
0.01777132926935968 
0.01777132926935968 
0.017773650609821272 
0.017773650609821272 
0.017773650609821272 
0.01777597074705064 
0.01777815108496944 
0.01777815108496944 
0.017780330255650484 
0.017780330255650484 
0.017780330255650484 
0.017782508259522895 
0.01778482904050528 
0.017789182780555156 
0.017796141604291646 
0.017796141604291646 
0.017796141604291646 
0.017796141604291646 
0.017796141604291646 
0.01780281281146325 
0.01780281281146325 
0.017807162154593867 
0.017807162154593867 
0.017807162154593867 
0.01780948062128708 
0.01781165416237358 
0.01781165416237358 
0.01781165416237358 
0.017813826540078355 
0.01781599775482698 
0.01781599775482698 
0.017818167807044583 
0.017820487535418327 
0.017820487535418327 
0.017820487535418327 
0.017820487535418327 
0.017822806064141525 
0.017822806064141525 
0.017822806064141525 
0.017822806064141525 
0.017822806064141525 
0.017822806064141525 
0.01782497618511733 
0.01782497618511733 
0.01782497618511733 
0.01782497618511733 
0.017827294130069206 
0.01782961087629228 
0.01782961087629228 
0.017833950095253712 
0.017836117963278893 
0.017836117963278893 
0.017833950095253712 
0.017833950095253712 
0.017833950095253712 
0.017836117963278893 
0.017836117963278893 
0.017836117963278893 
0.01783843535739612 
0.01783843535739612 
0.01783843535739612 
0.01783843535739612 
0.01783843535739612 
0.017840602680402926 
0.017845086270455515 
0.017845086270455515 
0.017845086270455515 
0.01784740250008387 
0.01784740250008387 
0.01784740250008387 
0.01784740250008387 
0.01784740250008387 
0.01784740250008387 
0.01784740250008387 
0.01784740250008387 
0.01784971753277905 
0.01784971753277905 
0.017854198833887783 
0.017854198833887783 
0.017858824149422605 
0.017858824149422605 
0.0178611350143265 
0.0178611350143265 
0.0178611350143265 
0.017865753160726253 
0.017865753160726253 
0.017865753160726253 
0.017865753160726253 
0.017865753160726253 
0.017867922542925914 
0.017867922542925914 
0.01787023044059589 
0.01787023044059589 
0.01787023044059589 
0.01787023044059589 
0.01787023044059589 
0.017874706598990656 
0.017874706598990656 
0.017874706598990656 
0.017877012725844327 
0.017877012725844327 
0.017881487186473054 
0.017881487186473054 
0.017881487186473054 
0.017881487186473054 
0.017881487186473054 
0.017881487186473054 
0.017881487186473054 
0.017883791544300663 
0.017883791544300663 
0.017883791544300663 
0.017883791544300663 
0.017883791544300663 
0.017883791544300663 
0.017883791544300663 
0.017883791544300663 
0.017883791544300663 
0.017883791544300663 
0.01788609471069635 
0.01788609471069635 
0.01788609471069635 
0.01788609471069635 
0.01788609471069635 
0.01788609471069635 
0.01788609471069635 
0.01788609471069635 
0.01788609471069635 
0.01788609471069635 
0.01788609471069635 
0.01788609471069635 
0.01788609471069635 
0.01788609471069635 
0.01788609471069635 
0.01788609471069635 
0.017888396686120307 
0.017888396686120307 
0.017888396686120307 
0.017888396686120307 
0.017890566899905657 
0.017890566899905657 
0.017890566899905657 
0.017890566899905657 
0.017890566899905657 
0.017890566899905657 
0.017890566899905657 
0.017890566899905657 
0.017890566899905657 
0.017890566899905657 
0.017890566899905657 
0.0178951685099638 
0.0178951685099638 
0.0178951685099638 
0.0178951685099638 
0.0178951685099638 
0.017897467530351884 
0.017897467530351884 
0.017897467530351884 
0.017897467530351884 
0.017897467530351884 
0.017897467530351884 
0.017897467530351884 
0.017897467530351884 
0.017897467530351884 
0.017897467530351884 
0.017899765361590637 
0.017899765361590637 
0.017899765361590637 
0.017899765361590637 
0.017901936878449775 
0.017901936878449775 
0.017901936878449775 
0.017901936878449775 
0.017901936878449775 
0.017904107238284738 
0.017904107238284738 
0.017904107238284738 
0.017904107238284738 
0.017904107238284738 
0.017908701795495953 
0.017908701795495953 
0.017908701795495953 
0.017908701795495953 
0.01791099729216662 
0.01791099729216662 
0.01791099729216662 
0.01791329160148966 
0.01791329160148966 
0.01791329160148966 
0.017915463265012154 
0.017915463265012154 
0.017915463265012154 
0.017915463265012154 
0.017915463265012154 
0.017915463265012154 
0.017917757002482205 
0.017922340918529588 
0.017922340918529588 
0.017924513270937095 
0.017924513270937095 
0.017924513270937095 
0.017924513270937095 
0.017924513270937095 
0.017924513270937095 
0.017924513270937095 
0.017924513270937095 
0.017924513270937095 
0.017924513270937095 
0.017924513270937095 
0.017924513270937095 
0.017924513270937095 
0.017924513270937095 
0.017924513270937095 
0.017924513270937095 
0.017924513270937095 
0.017924513270937095 
0.017924513270937095 
0.017924513270937095 
0.017924513270937095 
0.017924513270937095 
0.017924513270937095 
0.017924513270937095 
0.017924513270937095 
0.017924513270937095 
0.017924513270937095 
0.017924513270937095 
0.017924513270937095 
0.017924513270937095 
0.017924513270937095 
0.017924513270937095 
0.017924513270937095 
0.017924513270937095 
0.017924513270937095 
0.017924513270937095 
0.017924513270937095 
0.017924513270937095 
0.017924513270937095 
0.017924513270937095 
0.017924513270937095 
0.017924513270937095 
0.017924513270937095 
0.017924513270937095 
0.017924513270937095 
0.017924513270937095 
0.017924513270937095 
0.017924513270937095 
0.017924513270937095 
0.017924513270937095 
0.017924513270937095 
0.017924513270937095 
0.017924513270937095 
0.017924513270937095 
0.017924513270937095 
0.017924513270937095 
0.017924513270937095 
0.017924513270937095 
0.017924513270937095 
0.017924513270937095 
0.017924513270937095 
0.017924513270937095 
0.017924513270937095 
0.017924513270937095 
0.017924513270937095 
0.017924513270937095 
0.017924513270937095 
0.017924513270937095 
0.017924513270937095 
0.017924513270937095 
0.017926684467575147 
0.017926684467575147 
0.017926684467575147 
0.01792897587705444 
0.01792897587705444 
0.01792897587705444 
0.01792897587705444 
0.01792897587705444 
0.01792897587705444 
0.01792897587705444 
0.017933555141131385 
0.017933555141131385 
0.017933555141131385 
0.017933555141131385 
0.017933555141131385 
0.017933555141131385 
0.017933555141131385 
0.017933555141131385 
0.017933555141131385 
0.017933555141131385 
0.017933555141131385 
0.017933555141131385 
0.017933555141131385 
0.017935842996636652 
0.017935842996636652 
0.017935842996636652 
0.017935842996636652 
0.017935842996636652 
0.017935842996636652 
0.017935842996636652 
0.017938129668390736 
0.017940415156846287 
0.017940415156846287 
0.017942699462455473 
0.017942699462455473 
0.017942699462455473 
0.017942699462455473 
0.017942699462455473 
0.017942699462455473 
0.017942699462455473 
0.017944873808416705 
0.017944873808416705 
0.017944873808416705 
0.017944873808416705 
0.017944873808416705 
0.017944873808416705 
0.017944873808416705 
0.017944873808416705 
0.017944873808416705 
0.017944873808416705 
0.017944873808416705 
0.01794715754653087 
0.01794715754653087 
0.01794715754653087 
0.01794715754653087 
0.01794715754653087 
0.01794715754653087 
0.01794715754653087 
0.017944982585670014 
0.017944982585670014 
0.017944982585670014 
0.017944982585670014 
0.017944982585670014 
0.017944982585670014 
0.017944982585670014 
0.017944982585670014 
0.017944982585670014 
0.017944982585670014 
0.01794715754653087 
0.01794715754653087 
0.01794715754653087 
0.017951504003843242 
0.017951504003843242 
0.017951504003843242 
0.017951504003843242 
0.017953787789767372 
0.017953787789767372 
0.017953787789767372 
0.017953787789767372 
0.017953787789767372 
0.017953787789767372 
0.017953787789767372 
0.017953787789767372 
0.017953787789767372 
0.017953787789767372 
0.017953787789767372 
0.017953787789767372 
0.017953787789767372 
0.017953787789767372 
0.017953787789767372 
0.017953787789767372 
0.017953787789767372 
0.017953787789767372 
0.017953787789767372 
0.017953787789767372 
0.017953787789767372 
0.017953787789767372 
0.017953787789767372 
0.017953787789767372 
0.017953787789767372 
0.017953787789767372 
0.017953787789767372 
0.017953787789767372 
0.017953787789767372 
0.01795595990193785 
0.01795595990193785 
0.01795595990193785 
0.01795595990193785 
0.01795595990193785 
0.01795595990193785 
0.01795595990193785 
0.01795595990193785 
0.01795595990193785 
0.01795824312119646 
0.01795824312119646 
0.01795824312119646 
0.01795824312119646 
0.01795824312119646 
0.01796041469454422 
0.01796041469454422 
0.01796041469454422 
0.01796041469454422 
0.01796041469454422 
0.01796041469454422 
0.01796041469454422 
0.01796041469454422 
0.01796041469454422 
0.01796041469454422 
0.01796041469454422 
0.01796041469454422 
0.01796041469454422 
0.01796041469454422 
0.01796041469454422 
0.01796041469454422 
0.01796041469454422 
0.01796041469454422 
0.01796041469454422 
0.01796041469454422 
0.01796041469454422 
0.01796041469454422 
0.01796041469454422 
0.01796041469454422 
0.01796041469454422 
0.01796041469454422 
0.01796041469454422 
0.01796041469454422 
0.01796041469454422 
0.01796041469454422 
0.01796041469454422 
0.017962697347558912 
0.017962697347558912 
0.017962697347558912 
0.017962697347558912 
0.017962697347558912 
0.017962697347558912 
0.017962697347558912 
0.017967259112062695 
0.017967259112062695 
0.017971816157528433 
0.017971816157528433 
0.017971816157528433 
0.017971816157528433 
0.017971816157528433 
0.017971816157528433 
0.017971816157528433 
0.017971816157528433 
0.017971816157528433 
0.017971816157528433 
0.017971816157528433 
0.017971816157528433 
0.017971816157528433 
0.017971816157528433 
0.017971816157528433 
0.017971816157528433 
0.017971816157528433 
0.017971816157528433 
0.017971816157528433 
0.017971816157528433 
0.017971816157528433 
0.017971816157528433 
0.017971816157528433 
0.017971816157528433 
0.017971816157528433 
0.017971816157528433 
0.017974092911743837 
0.017974092911743837 
0.017974092911743837 
0.017974092911743837 
0.017974092911743837 
0.017974092911743837 
0.017974092911743837 
0.017974092911743837 
0.017974092911743837 
0.017974092911743837 
0.017974092911743837 
0.017974092911743837 
0.017974092911743837 
0.017974092911743837 
0.017974092911743837 
0.017974092911743837 
0.017974092911743837 
0.017974092911743837 
0.017974092911743837 
0.017974092911743837 
0.017974092911743837 
0.017974092911743837 
0.017974092911743837 
0.017974092911743837 
0.017974092911743837 
0.017978642885379308 
0.017978642885379308 
0.017978642885379308 
0.017978642885379308 
0.017978642885379308 
0.017978642885379308 
0.017978642885379308 
0.017978642885379308 
0.017978642885379308 
0.017978642885379308 
0.017978642885379308 
0.017978642885379308 
0.017978642885379308 
0.017978642885379308 
0.017978642885379308 
0.017978642885379308 
0.017978642885379308 
0.017978642885379308 
0.017978642885379308 
0.017978642885379308 
0.017978642885379308 
0.017978642885379308 
0.017978642885379308 
0.017978642885379308 
0.017978642885379308 
0.01798081822387402 
0.01798081822387402 
0.01798081822387402 
0.01798081822387402 
0.01798081822387402 
0.01798081822387402 
0.01798081822387402 
0.01798081822387402 
0.01798081822387402 
0.01798081822387402 
0.01798081822387402 
0.01798081822387402 
0.01798081822387402 
0.01798081822387402 
0.01798081822387402 
0.01798081822387402 
0.017985364716902458 
0.0179854590155492 
0.017989997220677942 
0.017994530724639638 
0.017994694329162696 
0.017996955742569352 
0.01801275281571365 
0.018017255728883907 
0.018017255728883907 
0.01801736939733434 
0.018021860503288776 
0.018021860503288776 
0.018021860503288776 
0.018026346939965403 
0.01803534307963117 
0.01803534307963117 
0.01804650658714866 
0.018050963852381953 
0.018050963852381953 
0.018050963852381953 
0.018050963852381953 
0.018050963852381953 
0.018055370392212947 
0.018059825469810057 
0.018073162866526712 
0.018082031301820047 
0.01808867048735202 
0.01808867048735202 
0.01808867048735202 
0.018093090836006985 
0.018093090836006985 
0.018093090836006985 
0.018093090836006985 
0.018093090836006985 
0.018093090836006985 
0.01809971270490225 
0.018104121519698216 
0.018108525726850323 
0.018104089703710594 
0.018104089703710594 
0.018104089703710594 
0.01810186995865344 
0.018106265876762107 
0.018106265876762107 
0.018115043913830293 
0.018115043913830293 
0.018115043913830293 
0.018115043913830293 
0.018121615380533824 
0.018123803574305257 
0.018123803574305257 
0.018121576531858367 
0.018121576531858367 
0.018121576531858367 
0.018121576531858367 
0.018121576531858367 
0.0181259482510571 
0.0181259482510571 
0.0181259482510571 
0.0181259482510571 
0.0181259482510571 
0.0181259482510571 
0.0181259482510571 
0.0181259482510571 
0.0181259482510571 
0.0181259482510571 
0.0181259482510571 
0.0181259482510571 
0.0181259482510571 
0.0181259482510571 
0.018130315386115047 
0.018130315386115047 
0.018130315386115047 
0.018130315386115047 
0.018130315386115047 
0.018130315386115047 
0.018130315386115047 
0.01813467794034402 
0.018139138237523854 
0.018139138237523854 
0.018139138237523854 
0.01813467794034402 
0.01813467794034402 
0.01813467794034402 
0.018139035917049174 
0.018139035917049174 
0.018139035917049174 
0.018141213189861366 
0.018141213189861366 
0.018141213189861366 
0.018143389319529028 
0.018143389319529028 
0.018143389319529028 
