0.11277276944473899 
0.11373618165017745 
0.11453260424786563 
0.11502982867198802 
0.1149294570562586 
0.11518038852622954 
0.11549152899088458 
0.1158044458446233 
0.1159439901498383 
0.11628491615050546 
0.11659007437754806 
0.11674639317221476 
0.1176479142506809 
0.11809666163172448 
0.11885976982195384 
0.11928632072832099 
0.12034320349560783 
0.12085227056696056 
0.12120239700250504 
0.12118655007374768 
0.12215006573545936 
0.12297643057232285 
0.12327107023778024 
0.12393532643405977 
0.12505516235993197 
0.1258224253100268 
0.12626831587902726 
0.1263885501789921 
0.12710794930585434 
0.12784715893172346 
0.12842675273988394 
0.12922142733328223 
0.12947714189233653 
0.12987997784161248 
0.1301119471150619 
0.1311816387734325 
0.1318701677883262 
0.13346743394291813 
0.1344720055438135 
0.13554850837809532 
0.13612275243077354 
0.13729934269428626 
0.1379918032409136 
0.1386968064761026 
0.13960651045352346 
0.14110528480687953 
0.1421362543074859 
0.14248660491029017 
0.14319700210793787 
0.14460831833216758 
0.1453614470743629 
0.14656770465796093 
0.14695053566955046 
0.1481877162987125 
0.14905522435186738 
0.14996044263686742 
0.15087474402705744 
0.15122762543356005 
0.1513070749301549 
0.15209498552059975 
0.15249656690742416 
0.15364360347846634 
0.15443814012162838 
0.15513549680746835 
0.15596986247331834 
0.15709795532702764 
0.15799126960213156 
0.1585068379713294 
0.1587342830283779 
0.15956963705482252 
0.15980821725162395 
0.16128232214468494 
0.16142837494338236 
0.16254005120670628 
0.16435823588468104 
0.1652664738488163 
0.16538540699634335 
0.16590295803217606 
0.16659250326245661 
0.1669046374963137 
0.1679739954696894 
0.16984777797102593 
0.170056366599232 
0.1715524874780073 
0.1725902136691643 
0.17314279716349112 
0.17358427810189203 
0.17331274236759633 
0.17348416450641477 
0.17446809356772142 
0.1750500337797941 
0.17542395435832941 
0.17702785386447575 
0.17883571549596444 
0.17946495841942 
0.18000913773284605 
0.18098670706969164 
0.18189678187960034 
0.183009746826513 
0.18387897878968737 
0.18448255362434643 
0.1857258810013771 
0.18598816147902023 
0.18613827646570427 
0.18713385660482915 
0.1879693291433457 
0.18876913782744242 
0.18934758488442527 
0.1904156324379097 
0.19078590813797616 
0.19178216558643674 
0.19189135023400908 
0.19286071279144723 
0.1939926226109421 
0.19468888097725331 
0.1959245520804062 
0.19715080215696054 
0.1975583955703837 
0.19832378366285283 
0.19883426064419865 
0.19980827466226583 
0.20045152231444077 
0.20162549786205164 
0.2023630078506769 
0.20378702754786307 
0.20421156308571095 
0.20523246499471448 
0.20546331809691343 
0.20599528162165215 
0.20660769290084005 
0.20714310729412105 
0.20733581616395078 
0.20893934986697413 
0.20963389130470092 
0.2100617162385687 
0.21131993775687605 
0.21182114135676078 
0.2123792254038769 
0.21275014445403403 
0.21363686717957125 
0.21482152080520323 
0.21481072715440955 
0.2155552257638925 
0.2163464136379693 
0.21714640110945801 
0.21857609013039178 
0.219653437526593 
0.22050378590588324 
0.2211423132108991 
0.2214829505317067 
0.22256983058379884 
0.22374438545973366 
0.22484331071522057 
0.2259487528381485 
0.22671958497457687 
0.2274912268612191 
0.2286951624289668 
0.22960777071450167 
0.23084150136486337 
0.2319454433989842 
0.23285712855000465 
0.23386561041907752 
0.23446256348653333 
0.2347472394003965 
0.2355338814758839 
0.23612329011437078 
0.23808972665757128 
0.23906272254687078 
0.23940165948109512 
0.23973927285334995 
0.24170310870017483 
0.24273407172429978 
0.24356570549226353 
0.244264331116013 
0.2458056932553616 
0.24664664357740052 
0.24676605525065243 
0.24738501824989348 
0.24719649520530934 
0.24828217417505002 
0.24905556502763593 
0.24991010877402417 
0.25051174832938355 
0.2511658002789922 
0.2512924457332074 
0.2520328341707573 
0.25248217603882395 
0.2528028232075751 
0.2536700523203259 
0.2543250223239231 
0.25536415027077025 
0.2567236756530975 
0.25705221338488693 
0.2577728051926281 
0.2585408432266223 
0.2591645581890861 
0.2604524366930898 
0.26092456605131664 
0.26174177031478085 
0.2622378690314605 
0.2623491569683768 
0.2625835915990437 
0.2631932898667501 
0.26359761158279393 
0.264641686428332 
0.2655481917476674 
0.2658573165034152 
0.2670015742855722 
0.2685767373139265 
0.26932653260798334 
0.2698519363481975 
0.2702123813194681 
0.2715764506170083 
0.27246800742613175 
0.2732264773958069 
0.2735798539781102 
0.27395383252381755 
0.27395383252381755 
0.274552903728976 
0.27561310441409553 
0.2758619008980591 
0.27647208371036447 
0.27798992355384183 
0.2783022735481747 
0.2783022735481747 
0.27903506428830677 
0.27918691673994867 
0.2800958906272227 
0.28045202779341827 
0.2815720605556114 
0.2813356241123881 
0.28140361958221743 
0.28181804982281217 
0.28267160017948934 
0.28332667722946187 
0.2837328044347156 
0.2840972246859487 
0.28450069006466455 
0.28490928676389576 
0.2857998184201575 
0.2864832408844707 
0.28742636941427196 
0.2883742841032632 
0.28838809569489066 
0.28879990221014484 
0.28930148531063726 
0.2891612639999114 
0.28985308852767766 
0.2900720737457152 
0.29083412283805427 
0.29152754196311753 
0.29251887703729607 
0.2931077994876704 
0.2950719914227729 
0.2956303103865598 
0.2961888691680227 
0.2970414275357971 
0.2975018575483485 
0.2977603947342251 
0.2981602709860485 
0.298600052740694 
0.2989045197780817 
0.29896061870845875 
0.2988490007747356 
0.29947515821287624 
0.30014805634928254 
0.30014805634928254 
0.30073206257354174 
0.3014144179184562 
0.30256988488186454 
0.3034643874666547 
0.3036911694803399 
0.3038403190432767 
0.3052708729335751 
0.30617818139366754 
0.30641689819525014 
0.3066562084472418 
0.3071056537530766 
0.3074705251295157 
0.30833167184188837 
0.3086400488450022 
0.3086031649686446 
0.3088486719276334 
0.30966596822128695 
0.31018569100791027 
0.31093287896150706 
0.31169330223510594 
0.3122268627703865 
0.31226170850541374 
0.3128761895935316 
0.31306166375811434 
0.3137408223675962 
0.31434928150421143 
0.31515877153707755 
0.3160626311507285 
0.31648105204883303 
0.316901319843586 
0.3174199826789716 
0.3178268706624601 
0.31788584200857434 
0.31864402601602776 
0.318970002210454 
0.3191942512591424 
0.3193586197345514 
0.31967650427538047 
0.31984232662082357 
0.31984232662082357 
0.32085063337884956 
0.32122942345468486 
0.32215567070444684 
0.3226069349383618 
0.323048351203723 
0.323048351203723 
0.32322584981740776 
0.32316900511571117 
0.32413324744688643 
0.32413324744688643 
0.3255265437290939 
0.3255265437290939 
0.3258429605859359 
0.32623330145806373 
0.3265871535352824 
0.3265871535352824 
0.32688127558239916 
0.32721553880792936 
0.32747681665289136 
0.3279972747662988 
0.32847076443580947 
0.32888262673715524 
0.32894402048343446 
0.32971580064774725 
0.3300068016270641 
0.33048510729422215 
0.33115853204161 
0.3320361060537784 
0.3323918311705562 
0.3332610937712853 
0.3329584874887667 
0.33328854060267094 
0.33391604980650763 
0.33437018142137914 
0.33468676038441875 
0.33487832540698825 
0.33513182882013176 
0.33513182882013176 
0.33513182882013176 
0.33592843785278526 
0.3362191963634036 
0.3362191963634036 
0.33677845108945675 
0.33677845108945675 
0.33677845108945675 
0.3370027569666533 
0.3373007427293171 
0.33765738953098573 
0.33765738953098573 
0.33765738953098573 
0.3381394012322676 
0.33891735084541 
0.33891735084541 
0.33891735084541 
0.33931767466749707 
0.3399584307179024 
0.3405800538009979 
0.34075491276353836 
0.3414463461641108 
0.3414463461641108 
0.34198448901326195 
0.34198448901326195 
0.34198448901326195 
0.34198448901326195 
0.34254077804721533 
0.34254077804721533 
0.3430467501362466 
0.3430467501362466 
0.3430467501362466 
0.3433225997954709 
0.3433225997954709 
0.34390459575765786 
0.34412389098569457 
0.345405675027459 
0.345405675027459 
0.345405675027459 
0.34601200057155057 
0.34601200057155057 
0.34601200057155057 
0.3470844217941534 
0.34736399751413227 
0.3476461605353216 
0.3476461605353216 
0.34793623499051285 
0.34793623499051285 
0.3479885047770299 
0.3486561378581213 
0.3489054288439671 
0.34936893266510416 
0.3495833138607198 
0.3495833138607198 
0.3495833138607198 
0.3495833138607198 
0.3495833138607198 
0.34979133941726914 
0.34979133941726914 
0.34979133941726914 
0.3500060616527323 
0.3500060616527323 
0.3500060616527323 
0.3500060616527323 
0.3500060616527323 
0.3508110922371708 
0.35114834483485813 
0.35114834483485813 
0.3518862041561463 
0.3529683744922916 
0.3529683744922916 
0.3529683744922916 
0.3529683744922916 
0.3533646010725481 
0.3533646010725481 
0.353633101433028 
0.353633101433028 
0.3540101496597226 
0.35435712120517465 
0.35435712120517465 
0.35435712120517465 
0.35435712120517465 
0.3549180815544925 
0.3549180815544925 
0.3552448106126378 
0.3553846571519532 
0.3553846571519532 
0.3553846571519532 
0.3557196663072951 
0.3561548101326632 
0.3561548101326632 
0.3564758810314156 
0.3566652272173933 
0.357002729796704 
0.357002729796704 
0.3569594549429028 
0.3569594549429028 
0.3577649673128366 
0.35754529058275664 
0.3582516156014872 
0.358569519806444 
0.35917648511290295 
0.36002090240988116 
0.36002090240988116 
0.36002090240988116 
0.36002090240988116 
0.36002090240988116 
0.36002090240988116 
0.36002090240988116 
0.36002090240988116 
0.36002090240988116 
0.36002090240988116 
0.3603434459404246 
0.360693043017257 
0.3609546511165494 
0.36113631592517076 
0.36113631592517076 
0.36113631592517076 
0.36113631592517076 
0.36113631592517076 
0.3613272538440593 
0.361504132475938 
0.361504132475938 
0.361504132475938 
0.361504132475938 
0.361504132475938 
0.36203465310331934 
0.362173771762438 
0.362423325597066 
0.362423325597066 
0.362758492874786 
0.36266287959917265 
0.36266287959917265 
0.36271706885660393 
0.36298005908075986 
0.36298005908075986 
0.3631910834392557 
0.3631910834392557 
0.36337894376162466 
0.36337894376162466 
0.36337894376162466 
0.36337894376162466 
0.36337894376162466 
0.36379648155702 
0.36379648155702 
0.36379648155702 
0.36401314289361936 
0.3643842971463525 
0.3643842971463525 
0.36469639198915543 
0.36469639198915543 
0.36469639198915543 
0.3649738544763624 
0.3653243746847255 
0.36555066959952226 
0.36612453021736274 
0.36612453021736274 
0.36612453021736274 
0.36612453021736274 
0.36612453021736274 
0.36709800625923295 
0.36709800625923295 
0.3672741440329177 
0.3672741440329177 
0.3672741440329177 
0.36760549590769753 
0.36792059689798007 
0.36792059689798007 
0.36792059689798007 
0.3681452782076442 
0.3686145975360135 
0.3686145975360135 
0.3690612579672003 
0.3693018562035794 
0.3693018562035794 
0.3693018562035794 
0.3693018562035794 
0.36960477620444987 
0.36960477620444987 
0.36960477620444987 
0.36960477620444987 
0.36960477620444987 
0.36960477620444987 
0.36994011835130114 
0.36994011835130114 
0.36994011835130114 
0.36994011835130114 
0.3702261625083446 
0.3705643216256418 
0.3705643216256418 
0.3713910732559149 
0.371720359779583 
0.371720359779583 
0.3718983704645502 
0.3718983704645502 
0.3718983704645502 
0.37201608976279577 
0.37201608976279577 
0.37201608976279577 
0.372263398716857 
0.372263398716857 
0.372263398716857 
0.372263398716857 
0.372263398716857 
0.37256865720778176 
0.3731740489778604 
0.3731740489778604 
0.3731740489778604 
0.37352597691113687 
0.37352597691113687 
0.37352597691113687 
0.37352597691113687 
0.37352597691113687 
0.37352597691113687 
0.37352597691113687 
0.37352597691113687 
0.37386313475581934 
0.37386313475581934 
0.3747578901287887 
0.3747578901287887 
0.37482966013351066 
0.37482966013351066 
0.37515350435578143 
0.37515350435578143 
0.37515350435578143 
0.37525402497566895 
0.37525402497566895 
0.37525402497566895 
0.37525402497566895 
0.37525402497566895 
0.3753913139117364 
0.3753913139117364 
0.37570687438350453 
0.37570687438350453 
0.37570687438350453 
0.37570687438350453 
0.37570687438350453 
0.3763312111113226 
0.3763312111113226 
0.3763312111113226 
0.3765267359180694 
0.3765267359180694 
0.3770795270977348 
0.3770795270977348 
0.3770795270977348 
0.3770795270977348 
0.3770795270977348 
0.3770795270977348 
0.3770795270977348 
0.37735750071936813 
0.37735750071936813 
0.37735750071936813 
0.37735750071936813 
0.37735750071936813 
0.37735750071936813 
0.37735750071936813 
0.37735750071936813 
0.37735750071936813 
0.37735750071936813 
0.37783565919736317 
0.37783565919736317 
0.37783565919736317 
0.37783565919736317 
0.37783565919736317 
0.37783565919736317 
0.37783565919736317 
0.37783565919736317 
0.37783565919736317 
0.37783565919736317 
0.37783565919736317 
0.37783565919736317 
0.37783565919736317 
0.37783565919736317 
0.37783565919736317 
0.37783565919736317 
0.3781161433966264 
0.3781161433966264 
0.3781161433966264 
0.3781161433966264 
0.3784203775721849 
0.3784203775721849 
0.3784203775721849 
0.3784203775721849 
0.3784203775721849 
0.3784203775721849 
0.3784203775721849 
0.3784203775721849 
0.3784203775721849 
0.3784203775721849 
0.3784203775721849 
0.37876564634798915 
0.37876564634798915 
0.37876564634798915 
0.37876564634798915 
0.37876564634798915 
0.3790268177788974 
0.3790268177788974 
0.3790268177788974 
0.3790268177788974 
0.3790268177788974 
0.3790268177788974 
0.3790268177788974 
0.3790268177788974 
0.3790268177788974 
0.3790268177788974 
0.3792411798873772 
0.3792411798873772 
0.3792411798873772 
0.3792411798873772 
0.3795039921003709 
0.3795039921003709 
0.3795039921003709 
0.3795039921003709 
0.3795039921003709 
0.3799527804231396 
0.3799527804231396 
0.3799527804231396 
0.3799527804231396 
0.3799527804231396 
0.38018141672743583 
0.38018141672743583 
0.38018141672743583 
0.38018141672743583 
0.38036101572492953 
0.38036101572492953 
0.38036101572492953 
0.3808463947448392 
0.3808463947448392 
0.3808463947448392 
0.38131862462867006 
0.38131862462867006 
0.38131862462867006 
0.38131862462867006 
0.38131862462867006 
0.38131862462867006 
0.3815597818592391 
0.38177361457803943 
0.38177361457803943 
0.3820358709099283 
0.3820358709099283 
0.3820358709099283 
0.3820358709099283 
0.3820358709099283 
0.3820358709099283 
0.3820358709099283 
0.3820358709099283 
0.3820358709099283 
0.3820358709099283 
0.3820358709099283 
0.3820358709099283 
0.3820358709099283 
0.3820358709099283 
0.3820358709099283 
0.3820358709099283 
0.3820358709099283 
0.3820358709099283 
0.3820358709099283 
0.3820358709099283 
0.3820358709099283 
0.3820358709099283 
0.3820358709099283 
0.3820358709099283 
0.3820358709099283 
0.3820358709099283 
0.3820358709099283 
0.3820358709099283 
0.3820358709099283 
0.3820358709099283 
0.3820358709099283 
0.3820358709099283 
0.3820358709099283 
0.3820358709099283 
0.3820358709099283 
0.3820358709099283 
0.3820358709099283 
0.3820358709099283 
0.3820358709099283 
0.3820358709099283 
0.3820358709099283 
0.3820358709099283 
0.3820358709099283 
0.3820358709099283 
0.3820358709099283 
0.3820358709099283 
0.3820358709099283 
0.3820358709099283 
0.3820358709099283 
0.3820358709099283 
0.3820358709099283 
0.3820358709099283 
0.3820358709099283 
0.3820358709099283 
0.3820358709099283 
0.3820358709099283 
0.3820358709099283 
0.3820358709099283 
0.3820358709099283 
0.3820358709099283 
0.3820358709099283 
0.3820358709099283 
0.3820358709099283 
0.3820358709099283 
0.3820358709099283 
0.3820358709099283 
0.3820358709099283 
0.3820358709099283 
0.3820358709099283 
0.3820358709099283 
0.382340526168765 
0.382340526168765 
0.382340526168765 
0.38213960264784147 
0.38213960264784147 
0.38213960264784147 
0.38213960264784147 
0.38213960264784147 
0.38213960264784147 
0.38213960264784147 
0.3824886658001664 
0.3824886658001664 
0.3824886658001664 
0.3824886658001664 
0.3824886658001664 
0.3824886658001664 
0.3824886658001664 
0.3824886658001664 
0.3824886658001664 
0.3824886658001664 
0.3824886658001664 
0.3824886658001664 
0.3824886658001664 
0.38281589811498595 
0.38281589811498595 
0.38281589811498595 
0.38281589811498595 
0.38281589811498595 
0.38281589811498595 
0.38281589811498595 
0.38294955304882244 
0.3828902336160552 
0.3828902336160552 
0.3832479310777859 
0.3832479310777859 
0.3832479310777859 
0.3832479310777859 
0.3832479310777859 
0.3832479310777859 
0.3832479310777859 
0.3837652422071875 
0.3837652422071875 
0.3837652422071875 
0.3837652422071875 
0.3837652422071875 
0.3837652422071875 
0.3837652422071875 
0.3837652422071875 
0.3837652422071875 
0.3837652422071875 
0.3837652422071875 
0.3840399133778678 
0.3840399133778678 
0.3840399133778678 
0.3840399133778678 
0.3840399133778678 
0.3840399133778678 
0.3840399133778678 
0.38424645107243616 
0.38424645107243616 
0.38424645107243616 
0.38424645107243616 
0.38424645107243616 
0.38424645107243616 
0.38424645107243616 
0.38424645107243616 
0.38424645107243616 
0.38424645107243616 
0.38453730669672126 
0.38453730669672126 
0.38453730669672126 
0.38477986669033387 
0.38477986669033387 
0.38477986669033387 
0.38477986669033387 
0.3849970129420241 
0.3849970129420241 
0.3849970129420241 
0.3849970129420241 
0.3849970129420241 
0.3849970129420241 
0.3849970129420241 
0.3849970129420241 
0.3849970129420241 
0.3849970129420241 
0.3849970129420241 
0.3849970129420241 
0.3849970129420241 
0.3849970129420241 
0.3849970129420241 
0.3849970129420241 
0.3849970129420241 
0.3849970129420241 
0.3849970129420241 
0.3849970129420241 
0.3849970129420241 
0.3849970129420241 
0.3849970129420241 
0.3849970129420241 
0.3849970129420241 
0.3849970129420241 
0.3849970129420241 
0.3849970129420241 
0.3849970129420241 
0.3853611741315165 
0.3853611741315165 
0.3853611741315165 
0.3853611741315165 
0.3853611741315165 
0.3853611741315165 
0.3853611741315165 
0.3853611741315165 
0.3853611741315165 
0.3855498409459728 
0.3855498409459728 
0.3855498409459728 
0.3855498409459728 
0.3855498409459728 
0.3858179671042804 
0.3858179671042804 
0.3858179671042804 
0.3858179671042804 
0.3858179671042804 
0.3858179671042804 
0.3858179671042804 
0.3858179671042804 
0.3858179671042804 
0.3858179671042804 
0.3858179671042804 
0.3858179671042804 
0.3858179671042804 
0.3858179671042804 
0.3858179671042804 
0.3858179671042804 
0.3858179671042804 
0.3858179671042804 
0.3858179671042804 
0.3858179671042804 
0.3858179671042804 
0.3858179671042804 
0.3858179671042804 
0.3858179671042804 
0.3858179671042804 
0.3858179671042804 
0.3858179671042804 
0.3858179671042804 
0.3858179671042804 
0.3858179671042804 
0.3858179671042804 
0.3861600760402029 
0.3861600760402029 
0.3861600760402029 
0.3861600760402029 
0.3861600760402029 
0.3861600760402029 
0.3861600760402029 
0.3862711138375891 
0.3862711138375891 
0.38661640113881457 
0.38661640113881457 
0.38661640113881457 
0.38661640113881457 
0.38661640113881457 
0.38661640113881457 
0.38661640113881457 
0.38661640113881457 
0.38661640113881457 
0.38661640113881457 
0.38661640113881457 
0.38661640113881457 
0.38661640113881457 
0.38661640113881457 
0.38661640113881457 
0.38661640113881457 
0.38661640113881457 
0.38661640113881457 
0.38661640113881457 
0.38661640113881457 
0.38661640113881457 
0.38661640113881457 
0.38661640113881457 
0.38661640113881457 
0.38661640113881457 
0.38661640113881457 
0.3867896321872148 
0.3867896321872148 
0.3867896321872148 
0.3867896321872148 
0.3867896321872148 
0.3867896321872148 
0.3867896321872148 
0.3867896321872148 
0.3867896321872148 
0.3867896321872148 
0.3867896321872148 
0.3867896321872148 
0.3867896321872148 
0.3867896321872148 
0.3867896321872148 
0.3867896321872148 
0.3867896321872148 
0.3867896321872148 
0.3867896321872148 
0.3867896321872148 
0.3867896321872148 
0.3867896321872148 
0.3867896321872148 
0.3867896321872148 
0.3867896321872148 
0.38703788240149983 
0.38703788240149983 
0.38703788240149983 
0.38703788240149983 
0.38703788240149983 
0.38703788240149983 
0.38703788240149983 
0.38703788240149983 
0.38703788240149983 
0.38703788240149983 
0.38703788240149983 
0.38703788240149983 
0.38703788240149983 
0.38703788240149983 
0.38703788240149983 
0.38703788240149983 
0.38703788240149983 
0.38703788240149983 
0.38703788240149983 
0.38703788240149983 
0.38703788240149983 
0.38703788240149983 
0.38703788240149983 
0.38703788240149983 
0.38703788240149983 
0.3874988759141313 
0.3874988759141313 
0.3874988759141313 
0.3874988759141313 
0.3874988759141313 
0.3874988759141313 
0.3874988759141313 
0.3874988759141313 
0.3874988759141313 
0.3874988759141313 
0.3874988759141313 
0.3874988759141313 
0.3874988759141313 
0.3874988759141313 
0.3874988759141313 
0.3874988759141313 
0.38775509099222616 
0.38775509099222616 
0.38814686459438136 
0.38834733759200957 
0.38843601869330174 
0.38824724573569447 
0.3892048903341558 
0.38961581183277466 
0.38961581183277466 
0.3898391091312909 
0.39003156198739836 
0.39003156198739836 
0.39003156198739836 
0.39025054177756147 
0.3906874635465691 
0.3906874635465691 
0.39109202567529333 
0.39144130273153305 
0.39144130273153305 
0.39144130273153305 
0.39144130273153305 
0.39144130273153305 
0.3917525023653556 
0.39188280820177696 
0.39310823961322944 
0.3932695176924127 
0.3933309307167351 
0.3933309307167351 
0.3933309307167351 
0.3935991185615637 
0.3935991185615637 
0.3935991185615637 
0.3935991185615637 
0.3935991185615637 
0.3935991185615637 
0.39358723836772097 
0.3937826906244336 
0.39378519886473135 
0.39360831930022866 
0.39360831930022866 
0.39360831930022866 
0.39381297968637186 
0.393948161509954 
0.393948161509954 
0.39441904122631427 
0.39441904122631427 
0.39441904122631427 
0.39441904122631427 
0.3948935135925005 
0.39516668568610747 
0.39516668568610747 
0.39516668568610747 
0.39516668568610747 
0.39516668568610747 
0.39516668568610747 
0.39516668568610747 
0.39544166041705026 
0.39544166041705026 
0.39544166041705026 
0.39544166041705026 
0.39544166041705026 
0.39544166041705026 
0.39544166041705026 
0.39544166041705026 
0.39544166041705026 
0.39544166041705026 
0.39544166041705026 
0.39544166041705026 
0.39544166041705026 
0.39544166041705026 
0.39585659723810224 
0.39585659723810224 
0.39585659723810224 
0.39585659723810224 
0.39585659723810224 
0.39585659723810224 
0.39585659723810224 
0.3959701295976206 
0.3961955680464886 
0.3961955680464886 
0.3961955680464886 
0.39611258411631173 
0.39611258411631173 
0.39611258411631173 
0.3963352897440174 
0.3963352897440174 
0.3963352897440174 
0.3962207510377607 
0.3962207510377607 
0.3962207510377607 
0.39661398891091093 
0.39661398891091093 
0.39661398891091093 
