0.016315330704585795 
0.016238090528137846 
0.016195752529598616 
0.01616455183418334 
0.01615008804929558 
0.01615234670256926 
0.016124116595956504 
0.016105831987202647 
0.016067559366624417 
0.016085951137561 
0.01606144999680913 
0.016039144116816208 
0.016030762427283362 
0.015979178451973056 
0.015973760483993744 
0.01602577923222456 
0.016004911246239387 
0.015983079052548043 
0.015958496169752336 
0.015948467010970052 
0.01593477906969532 
0.01592015879317791 
0.015886267780696635 
0.0158577355256039 
0.015867822030764023 
0.015872441526116894 
0.015845049700142944 
0.01583582975407351 
0.01583669460461999 
0.01581184366226785 
0.015810111195054894 
0.01576035735635458 
0.01574923490205159 
0.01571114254279427 
0.015718727683880777 
0.01571314659767419 
0.01567697113603262 
0.015666761758576658 
0.01566115398047028 
0.015668279292889824 
0.015655922329904422 
0.015666189836715246 
0.015692278865735213 
0.01570813801823755 
0.015725004801271127 
0.01574616854984094 
0.0157384604075494 
0.015730294847840585 
0.015753807920626684 
0.01573792565746833 
0.015727755847545443 
0.01572515131882679 
0.01576447449171713 
0.0157675332249531 
0.015751223952442554 
0.01576006294403674 
0.01575298117817704 
0.01577192645176866 
0.01576776255528983 
0.015777937000761535 
0.015798205467710564 
0.01578084104222585 
0.01578659887372831 
0.015805366177346226 
0.015811173770470047 
0.01580832995607063 
0.015841502958999817 
0.015828391706045185 
0.01586877386567721 
0.01586877386567721 
0.015927636359485357 
0.015940698102655356 
0.01596351640460209 
0.015983549543202222 
0.015995061237769614 
0.016006548659845445 
0.016016263734092293 
0.01602892385657877 
0.01603313369245077 
0.016035758042574726 
0.016065663260506863 
0.016083977617492508 
0.01612211599015464 
0.01614355400771466 
0.016145139702089913 
0.016161764260129524 
0.01615761566568533 
0.01616910634512619 
0.016150244580191347 
0.01616751508426697 
0.01616910634512619 
0.01616751508426697 
0.016205448960149176 
0.016205448960149176 
0.01621781933553337 
0.016230144792946242 
0.016230144792946242 
0.0162498492300698 
0.0162498492300698 
0.016261337706351225 
0.01627770204912229 
0.016303803727964833 
0.016303803727964833 
0.01631595832306518 
0.016332095517722148 
0.016333835312014138 
0.016333835312014138 
0.016337864731965433 
0.01635569429892843 
0.01638148418184384 
0.01639921949362225 
0.01643640057920225 
0.01645981482277368 
0.01646376676219631 
0.01648530205971368 
0.016487134378053696 
0.016491072008817376 
0.016481366933601107 
0.016514596695045264 
0.016535972907573356 
0.016576515436001624 
0.016592028929579408 
0.01661507941600039 
0.01662282767762453 
0.016622875804144118 
0.016638267217471896 
0.016657488886383805 
0.01666128446429026 
0.016670884799553982 
0.016695712503514187 
0.016697508317111268 
0.016718660233403876 
0.016745532657995686 
0.01677795887466649 
0.016797020688205395 
0.016795046888889595 
0.016802582658627215 
0.016829343896896276 
0.016842612623936944 
0.01685980023606448 
0.01686551795824842 
0.01685980023606448 
0.01687122994923607 
0.01688448092184062 
0.016890186499858434 
0.016899514785933944 
0.01690501274770297 
0.016914474747978428 
0.016929361003889074 
0.016931029974576267 
0.016923212933719175 
0.016911674547483463 
0.01692481444506852 
0.016942111320611727 
0.01697041944089774 
0.016983521425193306 
0.01698926531666393 
0.01700602058095897 
0.017015426412523432 
0.017015426412523432 
0.017045180433189904 
0.017056097560696582 
0.017063353011644574 
0.017072727257236905 
0.017089325791265143 
0.017095075314253517 
0.017105893253496 
0.017117390455323497 
0.017120992494595633 
0.017122429734123604 
0.017124590038888523 
0.017135355730185473 
0.017136746949173286 
0.01714387867432571 
0.01715099250772386 
0.017148760888180813 
0.017159377144873294 
0.01717926936746729 
0.017209456005347755 
0.0172071873355293 
0.017225774177087077 
0.01723277992663981 
0.017239767979877224 
0.01724555641317496 
0.017258319732812926 
0.017256012980987234 
0.017262961970646872 
0.01727335242505056 
0.01727444355109594 
0.017284760455383814 
0.017305645783963108 
0.01732884023816943 
0.01732305007785869 
0.017318320472840314 
0.01732517059079073 
0.01731935333665781 
0.017309079236054122 
0.017318320472840314 
0.01732069282678958 
0.017333360205107378 
0.017344950158475522 
0.017333360205107378 
0.01733098219951772 
0.017337819932159867 
0.017334403249030527 
0.017340211763412813 
0.017355236212739947 
0.01736888988968495 
0.017369875532081396 
0.017375690604980284 
0.017375690604980284 
0.0173698755320814 
0.017382473932096087 
0.017385859081448924 
0.017395059528498312 
0.017407632349058847 
0.017413445839350696 
0.017407632349058847 
0.017408549623676293 
0.017402719787435527 
0.01740854962367629 
0.017420192421440123 
0.01742937474495284 
0.01745016034310287 
0.017447724894667498 
0.017456892736108565 
0.017466055765398208 
0.017469413727999004 
0.0174752139901061 
0.017483432157331124 
0.0174752139901061 
0.01748436741778209 
0.01749775939942026 
0.01751269984896675 
0.017518493085879275 
0.017530062863549578 
0.01753674998396225 
0.01753429736259768 
0.0175492067057175 
0.017545871309228276 
0.01755164995093054 
0.0175492067057175 
0.01755498789518238 
0.01755832155987582 
0.017569872395666396 
0.01757320687865479 
0.017576537087833886 
0.01757408273566504 
0.017585637776321904 
0.017588961993250198 
0.01759228194407991 
0.017601374491783305 
0.017617901804698535 
0.01762119451115616 
0.01762119451115616 
0.017626981136882172 
0.017626981136882172 
0.017633558914751157 
0.017633558914751157 
0.017643393777842176 
0.017640861656959956 
0.01765319053315859 
0.01764738348877816 
0.01765063806212115 
0.017656447660840503 
0.01766619370436088 
0.017675248230222963 
0.017675248230222963 
0.017678486813073116 
0.01768172118318802 
0.017675901787461933 
0.01767007685325675 
0.017677111076191153 
0.017671264810420334 
0.017671264810420334 
0.017674467912783116 
0.017677666814373442 
0.01768351820198684 
0.017689908535659535 
0.017686715466699858 
0.017695759492036504 
0.01769895092936302 
0.01769895092936302 
0.017689908535659535 
0.01768086151747137 
0.01768405202435234 
0.017690420458541963 
0.017690420458541963 
0.017684553259836675 
0.017684553259836675 
0.017684553259836675 
0.01768772862749765 
0.01768185329652975 
0.017684553259836675 
0.017690899807528162 
0.01770310707192384 
0.01770310707192384 
0.01770897896548528 
0.01771801162659061 
0.01773922207989967 
0.017739656817424624 
0.01774823934929885 
0.01775454150351397 
0.017760827007771908 
0.017754954238183775 
0.017758088185387527 
0.017760827007771908 
0.017776099009625256 
0.017779225629931127 
0.017781968394978098 
0.01778783224566726 
0.017796824885355254 
0.01779369056716453 
0.017781968394978098 
0.017781968394978098 
0.017779225629931127 
0.017785097581964514 
0.017776099009625256 
0.017784696342642455 
0.01778783224566726 
0.01779369056716453 
0.01779369056716453 
0.01779369056716453 
0.01779369056716453 
0.017805812983405167 
0.01781479654669118 
0.01781479654669118 
0.017821046433921885 
0.01782416516979126 
0.017827279770060264 
0.01782416516979126 
0.017833139488043038 
0.017842109292345455 
0.017845220760752723 
0.017851074589503007 
0.017854184495518132 
0.017860035386303128 
0.017865880778735764 
0.017871720678211148 
0.017874834153076776 
0.017874834153076776 
0.01788067112834415 
0.01788067112834415 
0.01788067112834415 
0.01788067112834415 
0.017883783044982404 
0.01788067112834415 
0.01788067112834415 
0.017889617100430067 
0.017895445677601884 
0.017892727461178187 
0.017892727461178187 
0.017892727461178187 
0.01789814917805749 
0.01790396425376235 
0.01789814917805749 
0.017901268781848955 
0.017898558601183504 
0.017901667408372887 
0.017901667408372887 
0.017901667408372887 
0.017895445677601887 
0.017892328635479512 
0.017892328635479512 
0.017892328635479512 
0.01789814917805749 
0.017904384267547434 
0.017898558601183504 
0.017904772101314217 
0.017919533922510375 
0.01791680507233363 
0.017922635520480797 
0.01792573301151169 
0.01792573301151169 
0.01794357556341545 
0.01794357556341545 
0.017949752087424494 
0.017949752087424494 
0.017949752087424494 
0.017952834205216737 
0.0179617442360145 
0.017967570787393604 
0.017964487635332104 
0.017964487635332104 
0.017964487635332104 
0.017967570787393604 
0.0179617442360145 
0.017964820733867622 
0.017976795710025743 
0.017988759156762315 
0.01798569387040711 
0.01798569387040711 
0.01799734024793664 
0.01799734024793664 
0.018015111878642333 
0.018015111878642333 
0.018017847152198847 
0.018017847152198847 
0.018014769052086124 
0.01801748306506766 
0.018023273842451597 
0.018029444361931955 
0.018029444361931955 
0.018046799605470218 
0.018049886426235486 
0.01805604785106641 
0.01805604785106641 
0.01805604785106641 
0.01805296917407217 
0.018044104189457563 
0.018046799605470218 
0.018046799605470218 
0.018049886426235482 
0.018044104189457563 
0.018044104189457563 
0.01804718437873343 
0.018044104189457563 
0.01804718437873343 
0.01806182980763577 
0.018067606371625432 
0.018070291198539108 
0.018087564789103037 
0.018087564789103037 
0.018087564789103037 
0.018087564789103037 
0.018087564789103037 
0.018096408483453282 
0.018096408483453282 
0.018102152800150595 
0.01811098937109732 
0.01811098937109732 
0.01811098937109732 
0.0181114257859507 
0.01811450866018728 
0.0181114257859507 
0.0181114257859507 
0.018120257834810187 
0.018120257834810187 
0.018120257834810187 
0.018129085580911135 
0.018131740126088286 
0.018128649591185774 
0.018131740126088286 
0.018134826605181537 
0.018134826605181537 
0.018137909030536015 
0.018137909030536015 
0.018140987404218108 
0.01814672818995204 
0.01814672818995204 
0.018140987404218108 
0.01814672818995204 
0.018152877898559225 
0.018158618449650842 
0.01816435366315025 
0.01814672818995204 
0.01814672818995204 
0.01814672818995204 
0.01814672818995204 
0.01815246363444918 
0.01815246363444918 
0.01814980506782373 
0.01814980506782373 
0.01815594668421341 
0.01815594668421341 
0.01815901142683709 
0.01815901142683709 
0.01816207212847697 
0.018156318569577917 
0.018147504070808194 
0.018150559660792834 
0.018156318569577917 
0.018147504070808194 
0.018147504070808194 
0.018147504070808194 
0.018144795397027763 
0.018150559660792834 
0.018156318569577917 
0.018156318569577917 
0.018153260423406033 
0.018153260423406033 
0.018144444439001154 
0.018156318569577917 
0.018156318569577917 
0.01815361121099601 
0.018147844389899314 
0.01814207220799212 
0.018142370297180025 
0.018142370297180025 
0.018148152963869357 
0.018153930263168905 
0.018156967147626834 
0.018162741643265205 
0.01815724384371152 
0.018166053616567358 
0.01816 
0.01815724384371152 
0.018154217581597947 
0.018154217581597947 
0.01815724384371152 
0.01815724384371152 
0.018163028822308244 
0.018166053616567358 
0.018166053616567358 
0.018166053616567358 
0.018171835790585386 
0.018166053616567358 
0.018169074384789118 
0.018169074384789118 
0.01816328428451198 
0.01816328428451198 
0.01816328428451198 
0.018166298467216704 
0.018175103851147588 
0.018183904971155122 
0.018183904971155122 
0.018183904971155122 
0.01818969202597999 
0.018178112553287815 
0.018181117237397706 
0.01818691221730616 
0.01818691221730616 
0.018189915447851868 
0.0181929146647809 
0.018189915447851868 
0.018189915447851868 
0.018189915447851868 
0.018189915447851868 
0.018195707625701177 
0.018204498784641122 
0.018204498784641122 
0.018198486090881295 
0.018195473722879548 
0.018207021063315107 
0.018207021063315107 
0.018207021063315107 
0.018210038550206312 
0.018210038550206312 
0.018210038550206312 
0.018213052023205775 
0.018213052023205775 
0.018210282809445876 
0.01821606148430555 
0.018227846828410645 
0.018224842825111002 
0.0182222703305598 
0.018207690682785667 
0.018207850614501427 
0.01821082579127042 
0.018219609655533237 
0.01821676414734516 
0.018207978910356856 
0.018210943523057778 
0.018213796968232623 
0.01821676414734516 
0.018210943523057778 
0.018210943523057778 
0.01821686076139355 
0.018219813390921432 
0.018219813390921432 
0.018222762029944856 
0.018222762029944856 
0.01821397968594453 
0.018216925756010534 
0.01821695913153455 
0.018205249352865237 
0.018199386363281594 
0.018199384604980464 
0.01819352676091142 
0.018190592733608214 
0.018190592733608214 
0.01819645855654336 
0.018202318973141854 
0.01819645855654336 
0.01819645855654336 
0.018199386363281594 
0.0181935179665726 
0.0181935179665726 
0.01818764415750429 
0.01818764415750429 
0.01819352676091142 
0.01819645855654336 
0.018199386363281594 
0.018211106940545924 
0.01821695913153455 
0.01821695913153455 
0.01821695913153455 
0.01821695913153455 
0.01821695913153455 
0.018211106940545924 
0.0182140359064102 
0.018219890669265826 
0.018219890669265826 
0.018216960888139386 
0.018219881887652292 
0.01822279890686389 
0.018222747981575117 
0.018222747981575117 
0.018228549037155973 
0.01823144360713106 
0.01823144360713106 
0.018237220840906655 
0.018245991998244438 
0.018243106752962885 
0.01823708573210095 
0.01823708573210095 
0.01823708573210095 
0.018242982212346753 
0.018251594560476078 
0.01824282609685243 
0.01824282609685243 
0.018248550627378603 
0.01824263840566928 
0.01824263840566928 
0.01824263840566928 
0.018236720757855564 
0.018236720757855564 
0.018239571924801305 
0.018239571924801305 
0.018251187796962696 
0.018251187796962696 
0.018251187796962696 
0.018254029692098127 
0.018254029692098127 
0.01825970164049785 
0.018265629362274927 
0.01827438688438001 
0.018274386884380007 
0.018274386884380007 
0.018280306343166134 
0.01827129070427155 
0.01828004551416653 
0.01828879613315212 
0.01828879613315212 
0.018288503930064922 
0.018294436312715406 
0.018288503930064922 
0.018285375139712064 
0.018285375139712064 
0.018279429312754815 
0.018279429312754815 
0.018285375139712064 
0.018282231811242302 
0.018285030380067735 
0.018287825021035167 
0.018287825021035167 
0.01828465411212364 
0.01828146864997449 
0.01827826862697887 
0.0182722854618682 
0.0182722854618682 
0.0182722854618682 
0.018275054035487827 
0.01828103979537269 
0.018275054035487827 
0.0182722854618682 
0.018275054035487827 
0.018275054035487827 
0.01826352693211254 
0.0182695129655938 
0.0182695129655938 
0.018266296833239076 
0.018269062811211746 
0.01827458300481847 
0.01827733722400503 
0.018280087527142753 
0.018280087527142753 
0.018274080441981203 
0.018274080441981203 
0.018288838126026486 
0.018286089139014937 
0.018286089139014937 
0.018280087527142753 
0.018282833915998907 
0.018285576392337213 
0.0182883149579178 
0.0182883149579178 
0.018285576392337213 
0.018291583201024454 
0.018297584540042437 
0.01830083014510544 
0.01830358041477131 
0.018300328303066042 
0.01830580410689462 
0.018308536151205538 
0.01832653857115413 
0.01832 
0.01832544198648426 
0.0183314531884409 
0.0183341709384417 
0.01832815713594796 
0.018339594761062745 
0.018339594761062745 
0.018333575755972976 
0.01833897881562657 
0.01834167451461289 
0.01834770132741429 
0.01834770132741429 
0.01834770132741429 
0.01834770132741429 
0.018347054259471737 
0.01835308627996937 
0.01835308627996937 
0.01835308627996937 
0.0183557729338756 
0.018367825783145917 
0.018367825783145917 
0.018367825783145917 
0.018367825783145917 
0.01838254998633215 
0.01837985680031267 
0.01837985680031267 
0.01837985680031267 
0.018373844018060023 
0.018370513765270692 
0.018373197870811712 
0.018375878101467694 
0.018375878101467694 
0.018372520349696175 
0.01836914804774571 
0.01836914804774571 
0.01837181145124236 
0.01837181145124236 
0.01837181145124236 
0.018365761187601238 
0.018359705444260264 
0.01836235976120716 
0.018356295922652806 
0.018356295922652806 
0.018356295922652806 
