0.0364 
0.0348 
0.038 
0.0396 
0.0392 
0.0368 
0.0404 
0.0388 
0.0372 
0.0388 
0.0384 
0.0408 
0.0392 
0.0408 
0.0412 
0.044 
0.0448 
0.0464 
0.046 
0.046 
0.0448 
0.0444 
0.0432 
0.0416 
0.0416 
0.042 
0.044 
0.0432 
0.0424 
0.042 
0.0436 
0.0472 
0.048 
0.05 
0.048 
0.0484 
0.0488 
0.0488 
0.0492 
0.0516 
0.0532 
0.0568 
0.0564 
0.056 
0.0584 
0.0612 
0.0596 
0.0616 
0.0628 
0.0632 
0.0632 
0.0648 
0.0656 
0.0668 
0.0644 
0.0652 
0.0664 
0.0672 
0.0696 
0.0724 
0.0724 
0.0708 
0.0732 
0.074 
0.0736 
0.0724 
0.0736 
0.0752 
0.0752 
0.0752 
0.076 
0.0744 
0.0756 
0.0756 
0.0748 
0.074 
0.0768 
0.078 
0.0784 
0.0796 
0.0796 
0.0804 
0.0812 
0.0804 
0.0796 
0.0812 
0.0808 
0.08 
0.082 
0.0808 
0.08 
0.0808 
0.0816 
0.0816 
0.0828 
0.084 
0.084 
0.084 
0.084 
0.0832 
0.0848 
0.0864 
0.0864 
0.0876 
0.0892 
0.0884 
0.0884 
0.0888 
0.0896 
0.0912 
0.092 
0.0928 
0.0932 
0.0936 
0.0948 
0.094 
0.0944 
0.0944 
0.0968 
0.098 
0.0972 
0.0988 
0.0972 
0.098 
0.1 
0.0996 
0.0996 
0.102 
0.102 
0.1036 
0.1048 
0.104 
0.1028 
0.1032 
0.1032 
0.104 
0.1048 
0.1036 
0.104 
0.1028 
0.1024 
0.1028 
0.102 
0.1024 
0.102 
0.104 
0.1056 
0.1056 
0.1072 
0.1084 
0.1096 
0.1104 
0.1108 
0.1096 
0.1096 
0.11 
0.1096 
0.1104 
0.1104 
0.1104 
0.1116 
0.1128 
0.1136 
0.1136 
0.1144 
0.114 
0.1152 
0.1144 
0.1148 
0.116 
0.1152 
0.1164 
0.1176 
0.1184 
0.1192 
0.12 
0.1212 
0.1224 
0.1216 
0.1224 
0.1224 
0.1232 
0.124 
0.1236 
0.124 
0.1248 
0.1256 
0.1268 
0.128 
0.1292 
0.1284 
0.1268 
0.1272 
0.1288 
0.1296 
0.13 
0.1288 
0.1288 
0.128 
0.1284 
0.1276 
0.1284 
0.1292 
0.13 
0.1296 
0.1292 
0.1288 
0.1304 
0.1316 
0.1312 
0.1312 
0.1316 
0.132 
0.1324 
0.1324 
0.1328 
0.1324 
0.1328 
0.134 
0.1344 
0.134 
0.1332 
0.1332 
0.1324 
0.1332 
0.1332 
0.1332 
0.1336 
0.1332 
0.132 
0.1332 
0.1332 
0.1348 
0.1344 
0.134 
0.1332 
0.134 
0.1348 
0.1344 
0.134 
0.1336 
0.1344 
0.134 
0.1344 
0.1336 
0.134 
0.1344 
0.1352 
0.1344 
0.1348 
0.1352 
0.1352 
0.1372 
0.1376 
0.1376 
0.1372 
0.1372 
0.138 
0.138 
0.1392 
0.14 
0.1404 
0.1408 
0.1412 
0.1408 
0.142 
0.142 
0.142 
0.1424 
0.1428 
0.1432 
0.1436 
0.1456 
0.146 
0.146 
0.1464 
0.1468 
0.1464 
0.1472 
0.1468 
0.1468 
0.1472 
0.1472 
0.1472 
0.1472 
0.1476 
0.1484 
0.1484 
0.1488 
0.1488 
0.1488 
0.1492 
0.1496 
0.1488 
0.1496 
0.15 
0.15 
0.1496 
0.1496 
0.15 
0.1512 
0.15 
0.1508 
0.1516 
0.152 
0.1524 
0.1516 
0.1524 
0.1528 
0.152 
0.1516 
0.1516 
0.1512 
0.152 
0.152 
0.1528 
0.1524 
0.1524 
0.1512 
0.1516 
0.1512 
0.1512 
0.1512 
0.1512 
0.1516 
0.1516 
0.1516 
0.1524 
0.1528 
0.1532 
0.1528 
0.1528 
0.1528 
0.1532 
0.1528 
0.1532 
0.1528 
0.1524 
0.152 
0.1524 
0.1524 
0.152 
0.152 
0.152 
0.152 
0.1524 
0.152 
0.152 
0.152 
0.1516 
0.1524 
0.1524 
0.1524 
0.1508 
0.1504 
0.1508 
0.1512 
0.152 
0.1524 
0.1524 
0.1524 
0.1516 
0.1512 
0.1512 
0.1512 
0.1508 
0.1516 
0.152 
0.1528 
0.1524 
0.1532 
0.1528 
0.1532 
0.1532 
0.1532 
0.1532 
0.154 
0.154 
0.154 
0.1544 
0.1544 
0.154 
0.1536 
0.1536 
0.1536 
0.154 
0.1544 
0.1548 
0.1552 
0.1556 
0.1552 
0.1552 
0.1544 
0.1544 
0.1544 
0.1544 
0.1536 
0.1536 
0.1532 
0.1524 
0.152 
0.1528 
0.1528 
0.1516 
0.152 
0.1528 
0.1528 
0.1528 
0.1524 
0.1524 
0.1516 
0.1516 
0.152 
0.1524 
0.1524 
0.1528 
0.1524 
0.1528 
0.1524 
0.152 
0.1512 
0.15 
0.15 
0.15 
0.15 
0.15 
0.15 
0.15 
0.1496 
0.1496 
0.1496 
0.1496 
0.1508 
0.1512 
0.1508 
0.1508 
0.1508 
0.1508 
0.1508 
0.1508 
0.15 
0.1496 
0.15 
0.1504 
0.1504 
0.1508 
0.1508 
0.1512 
0.1508 
0.1508 
0.1512 
0.1508 
0.1516 
0.1512 
0.1508 
0.1508 
0.1508 
0.1508 
0.1508 
0.1504 
0.1504 
0.1512 
0.1512 
0.152 
0.152 
0.1524 
0.1524 
0.1528 
0.1532 
0.1532 
0.1536 
0.1532 
0.1532 
0.1532 
0.1532 
0.154 
0.1536 
0.1532 
0.1532 
0.1528 
0.1528 
0.1528 
0.1532 
0.1532 
0.154 
0.1544 
0.1548 
0.156 
0.156 
0.1556 
0.1552 
0.1556 
0.1552 
0.1568 
0.1568 
0.156 
0.1568 
0.1564 
0.1564 
0.1568 
0.1568 
0.1564 
0.1568 
0.1568 
0.1568 
0.1564 
0.1568 
0.1572 
0.1572 
0.1576 
0.1576 
0.1576 
0.158 
0.158 
0.158 
0.158 
0.158 
0.1576 
0.1584 
0.1588 
0.1584 
0.1584 
0.1588 
0.1592 
0.1588 
0.1588 
0.1588 
0.1588 
0.1584 
0.1584 
0.1584 
0.1576 
0.1572 
0.1564 
0.1564 
0.1564 
0.1568 
0.1568 
0.1568 
0.1572 
0.1572 
0.158 
0.1576 
0.158 
0.1576 
0.1596 
0.16 
0.1612 
0.1616 
0.1616 
0.1624 
0.1624 
0.1628 
0.162 
0.1624 
0.1628 
0.1628 
0.1636 
0.164 
0.164 
0.1644 
0.1644 
0.1644 
0.1648 
0.166 
0.1668 
0.1672 
0.166 
0.1664 
0.1672 
0.1672 
0.1668 
0.1664 
0.1668 
0.1668 
0.1672 
0.1676 
0.1676 
0.168 
0.168 
0.1664 
0.1668 
0.1672 
0.1664 
0.166 
0.166 
0.166 
0.166 
0.166 
0.1664 
0.1668 
0.1664 
0.1664 
0.1672 
0.1676 
0.168 
0.1692 
0.1692 
0.17 
0.1704 
0.1704 
0.1712 
0.1712 
0.1708 
0.1724 
0.1724 
0.1724 
0.172 
0.1732 
0.1732 
0.1732 
0.174 
0.1744 
0.1744 
0.1744 
0.1748 
0.1748 
0.1752 
0.1752 
0.1756 
0.1756 
0.1756 
0.176 
0.176 
0.1768 
0.1764 
0.1764 
0.1764 
0.1764 
0.176 
0.1772 
0.1772 
0.1772 
0.1772 
0.1784 
0.178 
0.1784 
0.1792 
0.1792 
0.1796 
0.1796 
0.1792 
0.18 
0.1804 
0.1808 
0.1808 
0.1816 
0.1824 
0.1832 
0.1836 
0.1836 
0.1836 
0.184 
0.1836 
0.184 
0.1836 
0.184 
0.184 
0.1836 
0.1832 
0.1832 
0.184 
0.1844 
0.1852 
0.1856 
0.186 
0.186 
0.1864 
0.1864 
0.186 
0.1856 
0.1856 
0.186 
0.1864 
0.1868 
0.1872 
0.1872 
0.1868 
0.1864 
0.186 
0.1852 
0.1856 
0.1864 
0.1872 
0.1876 
0.1864 
0.188 
0.1888 
0.1884 
0.1888 
0.1892 
0.1896 
0.1896 
0.19 
0.1908 
0.1912 
0.1908 
0.1908 
0.1908 
0.1908 
0.192 
0.1916 
0.1916 
0.1916 
0.192 
0.1912 
0.1912 
0.1912 
0.1912 
0.1908 
0.1904 
0.1904 
0.1904 
0.1908 
0.1916 
0.192 
0.1924 
0.1924 
0.1932 
0.194 
0.194 
0.1944 
0.1944 
0.1944 
0.1948 
0.1952 
0.1956 
0.196 
0.196 
0.196 
