0.3330266892127595 
0.33345314019018324 
0.33418394524229333 
0.33460397408054793 
0.3358979496814251 
0.33678218506583363 
0.3381314361695309 
0.3390260207905047 
0.34095567241005104 
0.34114729488924245 
0.34218828051748207 
0.3412984589556689 
0.3419323305128791 
0.3432162013905456 
0.3438609954249416 
0.3439759368561454 
0.34567716959002787 
0.34668807465931434 
0.34770104409069574 
0.3476507973752143 
0.3477871579341307 
0.34834985693726556 
0.34917301644717536 
0.34944431192030373 
0.3497233992612405 
0.35025670347930593 
0.35062833259987686 
0.35164614253669235 
0.352482563688985 
0.353437349614436 
0.3557813561876589 
0.3571460265316469 
0.35692423515974864 
0.35832249568059216 
0.3590754736767893 
0.3596529311664807 
0.36086060264149483 
0.36148034480397456 
0.3619842905574099 
0.3632575985074159 
0.36490623063163014 
0.3648612693112845 
0.3654448442942326 
0.36759760919581813 
0.3685991450849581 
0.3688705191180597 
0.36968402554020535 
0.3701825916452742 
0.3708058211101529 
0.37112390752305247 
0.37138875171162333 
0.3720187899775125 
0.37225601097982153 
0.37301816877658583 
0.37388222302960566 
0.3738335583871079 
0.37395252342828283 
0.37482755473184454 
0.3755445582473688 
0.376164935029877 
0.3768756576546238 
0.3781477833792362 
0.37860613094141565 
0.37924584798450994 
0.3792539059206495 
0.37954777605488055 
0.3796307090085401 
0.3795750654918473 
0.37963403375502786 
0.3802320648421693 
0.37978618229947864 
0.3796532524436596 
0.3813599893746738 
0.3815799910316359 
0.3818136987950802 
0.3815093098034221 
0.38181856794017016 
0.38164458847415783 
0.38147300909395915 
0.3817690371020454 
0.38209913343063 
0.3824902156102483 
0.3830019889153891 
0.38480284642426116 
0.3850189560937747 
0.3848355387244125 
0.3848561553630716 
0.3853176428372588 
0.38601687636775806 
0.3862785352401843 
0.3860140368417799 
0.38631702472509843 
0.3879493066424275 
0.38791333716325405 
0.3884126788555785 
0.3885377871302112 
0.389297389131721 
0.39004336620655766 
0.3906468689765443 
0.39046848188885785 
0.3910589331574402 
0.3917791725650912 
0.3921007098362313 
0.3927512888782424 
0.3931864467434756 
0.39301362360316083 
0.39336862797301925 
0.39439662832506506 
0.3950782379690599 
0.39562296063314284 
0.3960437494982846 
0.39643069812821 
0.39638138373134385 
0.3966221451875269 
0.39728679781505655 
0.39771611381139854 
0.39839516642582223 
0.3983791413147214 
0.3985630467011818 
0.3987075856928981 
0.3998135452874816 
0.40060314521802803 
0.4012216191722678 
0.4014803414986643 
0.4019752713691001 
0.4025900178324145 
0.403903187105988 
0.4050024672167509 
0.4064768982391718 
0.4079777275759308 
0.4082506406324749 
0.4086687749824706 
0.40930603924313425 
0.41044841295503104 
0.4112229826974768 
0.4115105423848295 
0.4119431449334691 
0.4121871159392516 
0.4127131093719745 
0.41287701222353396 
0.41314398797868745 
0.4134310197449913 
0.4142631527306693 
0.4152294089678425 
0.4159682990755963 
0.4168373573946044 
0.417076503299815 
0.4176481063923181 
0.418787081614129 
0.41940368866506034 
0.4199951029373986 
0.42080494453517214 
0.42132306440142486 
0.4219804251342216 
0.42318638812405607 
0.42364068668516003 
0.4237622492199498 
0.4246936701088928 
0.42498200999876046 
0.4252576086027242 
0.42645585454365037 
0.4271249139750102 
0.4281115440656554 
0.4284571232441712 
0.428992708903288 
0.4290389770297621 
0.43030212204942764 
0.43034944005858095 
0.4304306552910122 
0.4312911738633362 
0.4312602645590237 
0.43237151242827515 
0.43274890153336426 
0.4332167194824712 
0.43318256313260717 
0.4334185915817145 
0.43425497208589403 
0.4349965080500556 
0.4359860354803185 
0.435851962004083 
0.43667526441335386 
0.43712058071436877 
0.43780614969963555 
0.4379268337862256 
0.43843569111996256 
0.4385741844442484 
0.4390535552860417 
0.44030868983560834 
0.440530799681835 
0.44068112537898624 
0.4416869168915841 
0.4423097651809603 
0.44238369742899797 
0.4429592776065108 
0.44370706901455687 
0.44365162383427587 
0.4434143722080985 
0.44357356219618715 
0.44351964812200967 
0.4443361492877326 
0.4444061524951442 
0.44424969567643746 
0.44489701462341635 
0.44631072778823766 
0.446398290064267 
0.4465753388022741 
0.4471080415439688 
0.4475076779267489 
0.4482289026358309 
0.44857863537559717 
0.4486709792563187 
0.448874868289075 
0.4497996990529921 
0.45001391402079527 
0.45064350915881124 
0.45202420984040054 
0.4524400192518487 
0.45267087507618353 
0.4532654499877671 
0.45377629854214085 
0.4543552666805974 
0.45503615047395907 
0.4553985838425277 
0.4564148386170219 
0.4570694629554606 
0.45765233900697583 
0.457690347166666 
0.45801193078337427 
0.45828994556324815 
0.45830952066119873 
0.45845639429188106 
0.4591016886870173 
0.4601423546520101 
0.46105361915198456 
0.46103779954952023 
0.4617194944563888 
0.4619085672910387 
0.4622130157098203 
0.46299841183552537 
0.4628376968872997 
0.4630842932815007 
0.46321895793199463 
0.4637680480317555 
0.4639202346286549 
0.46430256851516033 
0.46474771789734143 
0.4653679961735918 
0.4665993700009215 
0.4669687502472537 
0.46734317795283614 
0.4679559159183672 
0.46904896148229736 
0.47014692298359306 
0.4708191257162047 
0.4707875610945719 
0.4712920436802281 
0.47170037933843006 
0.4726278566138937 
0.4726278566138937 
0.4742412196714693 
0.4746957795779061 
0.4756558044856508 
0.47582216060331284 
0.4760651046082285 
0.4764816025792729 
0.4771002118477258 
0.47761963792102596 
0.47761963792102596 
0.4778330407906852 
0.47825122125373154 
0.47822575088540387 
0.47859065691288605 
0.4798568820373148 
0.4797115714362694 
0.4797115714362694 
0.47991269040956247 
0.48031349364073384 
0.4804273576296669 
0.481459653535083 
0.4813598208627897 
0.4819241229007295 
0.4822199604901396 
0.4822199604901396 
0.48206317292402273 
0.4817872103180865 
0.48237930066882057 
0.4827532851008119 
0.4827532851008119 
0.4824304538848286 
0.4824967347493216 
0.4824967347493216 
0.4825916402901503 
0.48261550452441115 
0.4825048231377088 
0.483156595149325 
0.4836963556201033 
0.4836963556201033 
0.4840242317177276 
0.4843507654587396 
0.48588537137507953 
0.486477886540456 
0.48684915701251186 
0.48756280515503386 
0.48785101301672895 
0.48788163151700276 
0.48803249120130676 
0.4881182241191703 
0.4892839455258915 
0.48999579241360863 
0.4901570682631364 
0.49062578121352773 
0.49196429198320146 
0.49182348612578236 
0.4915548744539341 
0.4919052394966363 
0.4922118404035736 
0.49260279241218985 
0.492587052937864 
0.4930457068575867 
0.4931209398876323 
0.4933383191406446 
0.4933383191406446 
0.4936095865372972 
0.4936095865372972 
0.49433023111104674 
0.49488841429343894 
0.49488841429343894 
0.49507504405380587 
0.49548082560625606 
0.49570990198903636 
0.4954899663640365 
0.49604188839333185 
0.49663604797913474 
0.49747879866000977 
0.49790452284961445 
0.4984660879534048 
0.4985954527061067 
0.4990174698806795 
0.49944653110977305 
0.5000012856770483 
0.5000012856770483 
0.5003755481198103 
0.5004972020013707 
0.5004972020013707 
0.5006860977454025 
0.5009279161536644 
0.50087287438257 
0.50087287438257 
0.5014230393808059 
0.5017679149351146 
0.5022090881073846 
0.5020224967006066 
0.5020224967006066 
0.5023860593890483 
0.5030233347930767 
0.5030877129849333 
0.5031763750318907 
0.5037493764622578 
0.5041288940853609 
0.5041288940853609 
0.5041288940853609 
0.5038649229904332 
0.5042862219074745 
0.5043417411474937 
0.5040759684496463 
0.5044169208759736 
0.5051177671765371 
0.505141749653387 
0.5058586048991347 
0.5069181948607886 
0.5071820768107671 
0.5084033835821452 
0.5087193399893022 
0.5087193399893022 
0.5099822113472723 
0.5099822113472723 
0.5107838021862844 
0.5107838021862844 
0.5107838021862844 
0.5113853131120257 
0.5118633207902431 
0.5122430475119346 
0.5120342748383924 
0.5120342748383924 
0.5120342748383924 
0.5124775408665765 
0.51244760093919 
0.5125789213771709 
0.5135813251511356 
0.5144961600523015 
0.5143457978033121 
0.5143457978033121 
0.5147639925135046 
0.5147639925135046 
0.5161156877354867 
0.5161156877354867 
0.5161650328182067 
0.5161650328182067 
0.5160607056960536 
0.5163241093764582 
0.5165865112199316 
0.5171807536910862 
0.5174349926580121 
0.518630363979476 
0.5187769747754882 
0.5195107342253916 
0.5195107342253916 
0.5195107342253916 
0.5193496857652712 
0.5192145192009988 
0.5192681220826997 
0.5192681220826997 
0.5195165113028515 
0.519886299564441 
0.519886299564441 
0.5203467251624587 
0.5203649092195687 
0.5206635574427366 
0.5216118955861108 
0.5220751695017517 
0.5222517351994889 
0.5231608724122507 
0.5231608724122507 
0.5231608724122507 
0.5233281957894771 
0.5233281957894771 
0.5239005901619963 
0.5239005901619963 
0.5241164317671506 
0.5251745725919176 
0.5251745725919176 
0.5251629672571546 
0.5256714180573886 
0.5258160576273483 
0.5255865830834113 
0.5255865830834113 
0.5261365440147914 
0.5261365440147914 
0.5261365440147914 
0.5263867221669537 
0.5266044584278872 
0.52645502273971 
0.5269209618858687 
0.5274393645607489 
0.5274393645607489 
0.5282750404310921 
0.5282750404310921 
0.5282876448051766 
0.5284605648611084 
0.5286547315374108 
0.5283361924634767 
0.5288165095088375 
0.5295260345184528 
0.5297480144391171 
0.530020392861483 
0.5297551797042037 
0.5297551797042037 
0.5297551797042037 
0.5298564872696255 
0.5302000705553582 
0.5302000705553582 
0.5303420257254547 
0.5303420257254547 
0.5312811711055595 
0.5316484289026646 
0.5319051676122076 
0.5319051676122076 
0.5322306287375713 
0.5322799560240414 
0.5322322421380073 
0.5323179431670336 
0.532772194872757 
0.5324514650592344 
0.5324514650592344 
0.5325583159300127 
0.532698260925698 
0.533120496193947 
0.533276422427492 
0.533276422427492 
0.5332597362715427 
0.5332597362715427 
0.5336565527588204 
0.5344574609667577 
0.5344574609667577 
0.5347425985544736 
0.5348000126615305 
0.5348915471264808 
0.535817589961084 
0.535817589961084 
0.5362900546288303 
0.536729967639624 
0.537359119252564 
0.5377526762218907 
0.5382245178609959 
0.5390634632464697 
0.5387673518668996 
0.5397946008555321 
0.5396788062553954 
0.5396788062553954 
0.5401382220340493 
0.5401382220340493 
0.5406551024758507 
0.5409053750368578 
0.5410714849589748 
0.5410714849589748 
0.54147769916353 
0.54135459598275 
0.5416286629637165 
0.5416286629637165 
0.5416750188484795 
0.5416750188484795 
0.5416750188484795 
0.5420846063046669 
0.5430978107162716 
0.5439304808426396 
0.5439304808426396 
0.5439304808426396 
0.5439698166873684 
0.5438479322173991 
0.5443006483959824 
0.5446985127373831 
0.5446985127373831 
0.5450810555961622 
0.5452549225696496 
0.5453779557632596 
0.5453779557632596 
0.5454493834689091 
0.5454493834689091 
0.5456809221382127 
0.5463597346402492 
0.5463597346402492 
0.5462428444327427 
0.5462680060373123 
0.5465830436509066 
0.5465830436509066 
0.5465830436509066 
0.5470586360525678 
0.5470586360525678 
0.5470586360525678 
0.547577035175727 
0.547577035175727 
0.547712782757594 
0.547824807576941 
0.5484557500950106 
0.5482465382980358 
0.5489121592475765 
0.5484642302853957 
0.5493802914528643 
0.5497264303641264 
0.5505328983108219 
0.5507846626214331 
0.5505356771248836 
0.5507726130432097 
0.550597893325922 
0.5510979674263929 
0.5510785537940577 
0.5510785537940577 
0.5521315146158327 
0.5521987147255313 
0.5521987147255313 
0.552716598459202 
0.552716598459202 
0.5524761309393923 
0.5528629456502655 
0.5532815494299466 
0.5530036864567516 
0.552664636243692 
0.5529440507057527 
0.5528456266060047 
0.5528190902132104 
0.5528190902132104 
0.5533268372538012 
0.5534135489065786 
0.5533805339039496 
0.5536645640284609 
0.5537343299330624 
0.5538481978732358 
0.5538481978732358 
0.554074415466936 
0.554074415466936 
0.5546633349023848 
0.5548485893504423 
0.5558574141792129 
0.5566163748849668 
0.5571684565545859 
0.5571684565545859 
0.5571684565545859 
0.5571684565545859 
0.5571684565545859 
0.5570645455501315 
0.5579248670759381 
0.5581936775022269 
0.5581936775022269 
0.5582945544358294 
0.5590840539895837 
0.5591680301522115 
0.559800736421439 
0.559800736421439 
0.5607813420754847 
0.5612319159212278 
0.5612319159212278 
0.561960302933831 
0.5627238519216943 
0.5626798367906265 
0.5632295867025656 
0.5632295867025656 
0.5632295867025656 
0.5633217088227582 
0.5640410057679422 
0.5640254937066695 
0.5640254937066695 
0.5647416418070598 
0.5646686035755649 
0.5646686035755649 
0.5646686035755649 
0.5647224979058582 
0.5647224979058582 
0.5650640666954299 
0.5650640666954299 
0.5663385080232864 
0.5663385080232864 
0.5666436669902039 
0.5669194639494026 
0.5669194639494026 
0.5678189538392737 
0.5680165758211165 
0.5688439704147562 
0.5690400156587211 
0.5690400156587211 
0.5693166657363322 
0.5695563507496884 
0.5699984035631238 
0.5706207378394744 
0.5706207378394744 
0.5716782932836602 
0.5719361911866578 
0.5718489920636982 
0.5719764768839432 
0.5719764768839432 
0.5722526226220515 
0.5722526226220515 
0.5727012860254939 
0.573366848275409 
0.573549285448321 
0.5739962052449694 
0.5739962052449694 
0.5745273429515133 
0.5749892937043659 
0.5753601050114616 
0.5754595105123934 
0.575715866689718 
0.575715866689718 
0.5761716779601492 
0.5766213780627768 
0.5764589708929871 
0.5763945118590545 
0.57672621614182 
0.57672621614182 
0.5760190127072746 
0.5763922935801225 
0.5763922935801225 
0.5768370392346858 
0.5771840037517453 
0.5780906163069005 
0.5784270426174885 
0.5788781924455627 
0.5788781924455627 
0.5788671171291487 
0.5791142163787597 
0.5801731493014427 
0.580209716755153 
0.580209716755153 
0.5800175015701501 
0.5800659163589365 
0.580519239181935 
0.5808879850818899 
0.5808879850818899 
0.5808513081654257 
0.5813668534867156 
0.5814639103558563 
0.5813135617431903 
0.5819033375122012 
0.5823141157669578 
0.5833064783749703 
0.5835956910300871 
0.5846790177061533 
0.5853013176862146 
0.5860842556082607 
0.5863612281346253 
0.586939079005495 
0.586944849142744 
0.5877302758545788 
0.5877302758545788 
0.5876616322759352 
0.5884246418398579 
0.5889116992079374 
0.5891644895222012 
0.5891644895222012 
0.5891644895222012 
0.5891644895222012 
0.5898957131578336 
0.5903131036655566 
0.5903131036655566 
0.5903131036655566 
0.5907752636972063 
0.5915666385047955 
0.5915666385047955 
0.5915666385047955 
0.5915666385047955 
0.5929178798410988 
0.5926702723141571 
0.5926702723141571 
0.5926702723141571 
0.5926016838655687 
0.5935987745895486 
0.5937650095371616 
0.5940413970474239 
0.5940413970474239 
0.5946620585721953 
0.595373307937478 
0.595373307937478 
0.5958720508896456 
0.5958720508896456 
0.5958720508896456 
0.5958730726010121 
0.5958188370038732 
0.5961830056024232 
0.5960947794631078 
0.5960947794631078 
0.5960947794631078 
