0.33240676537897246 
0.3328113376104493 
0.33297914255597183 
0.3341432260380265 
0.3348086342487985 
0.3352390159108807 
0.3352180138860318 
0.33523361546928715 
0.33562250866016957 
0.3364767430588615 
0.3371528909764171 
0.3375636848568149 
0.3376969289907702 
0.33760211632371206 
0.338211262057549 
0.3390836150278333 
0.3391914691496299 
0.3390539632676923 
0.3400244270926636 
0.34074433995667824 
0.34152102862059963 
0.34224428681744173 
0.342864583196083 
0.3429927426963292 
0.34265209858360945 
0.3433864455363584 
0.3445794473429276 
0.3445194088657443 
0.34432819774537743 
0.34417956814282374 
0.3444263286950003 
0.34469199991479804 
0.34478487102574984 
0.3456197671209478 
0.34608604718021163 
0.3464230142310907 
0.3470216067238168 
0.34790086564902983 
0.3483011319240071 
0.348858857255822 
0.3493010408620315 
0.35017090882723034 
0.35003097677866685 
0.35090268192019175 
0.3511473655271588 
0.3525224914418417 
0.35289271575301784 
0.3541227688675749 
0.3543483506926279 
0.3541802638680805 
0.35398076078762686 
0.3546989084529005 
0.35596629491670373 
0.35643504283326405 
0.35694067138144353 
0.3568730409443034 
0.3580535602566252 
0.35809108046545396 
0.35809388793231034 
0.3580966617449268 
0.3583417208018918 
0.3585378216604399 
0.35908106122066763 
0.3597662669917046 
0.35969103698386296 
0.36010217252254956 
0.3612580444803412 
0.36117435807720405 
0.361620067675851 
0.3622916382406613 
0.36230709018396823 
0.36222157804622573 
0.36288191525421515 
0.36307176617884185 
0.36311766972495746 
0.36255824006797716 
0.36267495139394035 
0.36275710227901375 
0.3632926890931029 
0.3635010633763981 
0.3636907154566939 
0.36402020079597086 
0.3643759178824153 
0.3649447334848032 
0.3650830343192276 
0.36548074367448496 
0.3662935924538135 
0.3668612180321496 
0.3664321109759164 
0.3669591640575487 
0.3676788835919585 
0.3678754697784704 
0.36768507560109104 
0.3673201149277207 
0.3681828217620199 
0.36799404479709746 
0.36819042979250494 
0.36841717330252793 
0.3681284845178301 
0.36785030238401795 
0.3682984662506133 
0.36887348751828436 
0.3685736017372267 
0.36927892172214993 
0.3689598610570184 
0.3690861789571359 
0.3690861789571359 
0.37011378360585195 
0.37022991237630115 
0.3704520222145327 
0.3703010962405449 
0.3707271329240417 
0.3710788083592352 
0.3708706863473958 
0.3707098655339662 
0.3706860034723272 
0.37093107378422796 
0.3707262222432797 
0.3711603366157388 
0.371468349098792 
0.3719429834644214 
0.3722768280828329 
0.3729546629700165 
0.3727376573556694 
0.3731420135667162 
0.37369534423181283 
0.3734348676268066 
0.3738659457879204 
0.3738469138036419 
0.37464350253816253 
0.3743238208503206 
0.37411723121095364 
0.37397256978411736 
0.3745347766098255 
0.3749457765694453 
0.3749457765694453 
0.37499951973911605 
0.37461961951479156 
0.37486267533481343 
0.3746370610082222 
0.37533713770020377 
0.3755306892796426 
0.3753117590594278 
0.3754081999697848 
0.37606776651969864 
0.3759394990564552 
0.37593675335273863 
0.3757085156311727 
0.3751287959737727 
0.37584121258265696 
0.37565044723611857 
0.3752339526254086 
0.37497126898178457 
0.375599931061377 
0.37611078275671833 
0.376409739562161 
0.3763746506552699 
0.37660733886593334 
0.37672167578239873 
0.3765694076216232 
0.37629664804965945 
0.37682464696545664 
0.37687020764519563 
0.37704315564943114 
0.37751117798096884 
0.3774953290144049 
0.3775436036922834 
0.37768183108100284 
0.37780994236405074 
0.3782586786255717 
0.3780278179614072 
0.37845504022596743 
0.37864316123804387 
0.3784204591513286 
0.37860884964228353 
0.3790021076734028 
0.37883640452297473 
0.3793022426296023 
0.3793208915309405 
0.37944486823733553 
0.3794489587898795 
0.3793705685602224 
0.37965909254663116 
0.3798838349200702 
0.3799647213336883 
0.38044653241901216 
0.3804612936552869 
0.38034713055717756 
0.38017364394417125 
0.3798783074012616 
0.3805125900879158 
0.3801048838985156 
0.38027928431977664 
0.38016245211865796 
0.38029608802908693 
0.3795779424274394 
0.3795779424274394 
0.3798050141696108 
0.37984998703543416 
0.37991534993875864 
0.3796800392238932 
0.3796512518172112 
0.3796512518172112 
0.3794605369462879 
0.37880222259625196 
0.37863072431341316 
0.37863072431341316 
0.3787456516540726 
0.37893128173786295 
0.37881925250363846 
0.37890174333533355 
0.3791839937451587 
0.3788077949438783 
0.37913308292345593 
0.37913308292345593 
0.37925257748734675 
0.37922679866659087 
0.37970777295831915 
0.3798527060050062 
0.3792590778443502 
0.3795338585777856 
0.3795708351788247 
0.37939561346099143 
0.37895881188138003 
0.37895881188138003 
0.3788538555914185 
0.37906078725942005 
0.3795053452993033 
0.3800798077961136 
0.3802502555551232 
0.38020859663397816 
0.38047089515697263 
0.3804683513644543 
0.3801813266983141 
0.3802601304603451 
0.38050445910130776 
0.3803945669202429 
0.3805226736500793 
0.3805226736500793 
0.3803050195158741 
0.3803050195158741 
0.3803050195158741 
0.3803173076687372 
0.38028088970864293 
0.380571979389066 
0.380571979389066 
0.38084220736279095 
0.380833834501399 
0.380833834501399 
0.380833834501399 
0.3809881956879776 
0.38104270104954047 
0.3812612612115517 
0.38126029847933735 
0.38145191376380005 
0.3813875381195665 
0.3815941799204425 
0.3822388419059321 
0.3822388419059321 
0.3823174329770368 
0.382331391099057 
0.38228011283819713 
0.3823585250204142 
0.38238724825080567 
0.38244695531595674 
0.3824425149939235 
0.38262316074010144 
0.3824118994973267 
0.3824118994973267 
0.3823431920395043 
0.3824671584230118 
0.3824671584230118 
0.3825464927990135 
0.38289111806276954 
0.38297776786237 
0.38268929713482064 
0.3828440341900436 
0.3829034611317712 
0.3829034611317712 
0.3831517349802121 
0.3832108790843979 
0.3836985652735684 
0.3836985652735684 
0.3837140218297557 
0.3837140218297557 
0.38369431032094337 
0.38369431032094337 
0.38369431032094337 
0.3834804022477092 
0.38371365207482167 
0.3836605439094414 
0.38389720657757487 
0.3842298641505306 
0.38427431848523497 
0.38427431848523497 
0.3840275500536725 
0.3840275500536725 
0.3837805714058835 
0.3837412471049686 
0.38353496898318756 
0.3835601561308355 
0.3834382299624546 
0.38350889430705926 
0.38350889430705926 
0.383547896472804 
0.3829656234524423 
0.3829656234524423 
0.3829656234524423 
0.3829656234524423 
0.3829656234524423 
0.3829656234524423 
0.3831027951503267 
0.38302948675334514 
0.38302948675334514 
0.38302948675334514 
0.38302948675334514 
0.3832431061167614 
0.38339911745521615 
0.38339911745521615 
0.38339911745521615 
0.38339911745521615 
0.38339911745521615 
0.38355180271023726 
0.38343062641562026 
0.3832711201934357 
0.3832711201934357 
0.38342964698760723 
0.38342964698760723 
0.38340031843419936 
0.3834692979537052 
0.3834692979537052 
0.383614158793069 
0.3836398654394517 
0.3836398654394517 
0.3836398654394517 
0.3838327662863286 
0.3838327662863286 
0.38403088406540986 
0.38403088406540986 
0.38403088406540986 
0.38391738935214703 
0.38390663850252454 
0.3836556726060349 
0.383548659595224 
0.383548659595224 
0.3832402623701536 
0.3832402623701536 
0.3832402623701536 
0.3832402623701536 
0.3832402623701536 
0.3832402623701536 
0.3832402623701536 
0.3832402623701536 
0.38311657129641685 
0.38293352139393744 
0.3831041264246387 
0.38332001059689985 
0.38332001059689985 
0.38332001059689985 
0.3835118496372031 
0.3837281573090144 
0.3835775993422583 
0.383884415965655 
0.38396275701916627 
0.38396275701916627 
0.3842062726839297 
0.3842062726839297 
0.3838352985941256 
0.3838352985941256 
0.38393450893812103 
0.3837999977535518 
0.3837999977535518 
0.3837999977535518 
0.38353860864011535 
0.3833731232287847 
0.3833731232287847 
0.3833731232287847 
0.38339037551026217 
0.38339037551026217 
0.3834120142766108 
0.3834120142766108 
0.3833237959269558 
0.38355662989958994 
0.38355662989958994 
0.38355662989958994 
0.38355662989958994 
0.38355662989958994 
0.3836485750571262 
0.3836485750571262 
0.3837514422973251 
0.3837514422973251 
0.38397921699605636 
0.3841691603379682 
0.38395011009858343 
0.38395011009858343 
0.38395011009858343 
0.38384472204864917 
0.3836341044531583 
0.3836341044531583 
0.3836341044531583 
0.3836341044531583 
0.3836341044531583 
0.3838276347413049 
0.38368694396339836 
0.38363192002104207 
0.38363192002104207 
0.38363192002104207 
0.3835069202180493 
0.38384079392192194 
0.38384079392192194 
0.3838843012547886 
0.3840002734387982 
0.3840002734387982 
0.38386186269716616 
0.38386183207602914 
0.38386183207602914 
0.38386183207602914 
0.38386183207602914 
0.3836967139267517 
0.3836967139267517 
0.3839999857780577 
0.3839999857780577 
0.3839999857780577 
0.3839999857780577 
0.38414734147791335 
0.38414734147791335 
0.3839739216070295 
0.3839739216070295 
0.3839739216070295 
0.3839739216070295 
0.3839739216070295 
0.3837265970896638 
0.3837265970896638 
0.38344520052540276 
0.3834008126529971 
0.3834008126529971 
0.3830959089017776 
0.3830959089017776 
0.3830959089017776 
0.3831158206442103 
0.3831158206442103 
0.38284852703273015 
0.38307783030511927 
0.3831771005313165 
0.38338841168888455 
0.38344445914407826 
0.38344445914407826 
0.3836230346695725 
0.3836230346695725 
0.38380009311369695 
0.38380009311369695 
0.38373980451211226 
0.38373980451211226 
0.38373980451211226 
0.3835765083142976 
0.3835765083142976 
0.3835765083142976 
0.3835765083142976 
0.3835765083142976 
0.3835765083142976 
0.38357043102737276 
0.38357043102737276 
0.38357043102737276 
0.3833432014856359 
0.3832674824148486 
0.38307916814021414 
0.38315232076868033 
0.3831517607057078 
0.3831517607057078 
0.3831517607057078 
0.3831517607057078 
0.3831517607057078 
0.3831517607057078 
0.3831517607057078 
0.38302198373207114 
0.3827068809116426 
0.3827068809116426 
0.38273344681490246 
0.38273344681490246 
0.38260105511012427 
0.38260105511012427 
0.38296840647052255 
0.38296840647052255 
0.3828987078078684 
0.3828987078078684 
0.3828987078078684 
0.3828987078078684 
0.3828987078078684 
0.38269849208937784 
0.38269849208937784 
0.38269849208937784 
0.38269849208937784 
0.38269849208937784 
0.38269849208937784 
0.38269849208937784 
0.38253292885312495 
0.38253292885312495 
0.38253292885312495 
0.38253292885312495 
0.38253292885312495 
0.38255172867589315 
0.3825032455667984 
0.3825032455667984 
0.3825032455667984 
0.38211974310897445 
0.38211974310897445 
0.38211974310897445 
0.3821530760451312 
0.3821429830818294 
0.3821429830818294 
0.38236399322348036 
0.38236399322348036 
0.38236399322348036 
0.38236399322348036 
0.38236399322348036 
0.3822171700645593 
0.3822171700645593 
0.3822171700645593 
0.3822171700645593 
0.38217127118911787 
0.38217127118911787 
0.38217127118911787 
0.38217127118911787 
0.3826431828676034 
0.3828260999814682 
0.3828260999814682 
0.3828260999814682 
0.3828260999814682 
0.3828260999814682 
0.3828260999814682 
0.38323230636546096 
0.38323230636546096 
0.3833765340147792 
0.3833765340147792 
0.3833765340147792 
0.3833765340147792 
0.3833465022912481 
0.38338043066917527 
0.38338043066917527 
0.38338043066917527 
0.38338043066917527 
0.38338043066917527 
0.38338043066917527 
0.38338043066917527 
0.38338043066917527 
0.38338043066917527 
0.3834069943127637 
0.3834069943127637 
0.3834069943127637 
0.3834069943127637 
0.3834069943127637 
0.3834069943127637 
0.3834069943127637 
0.3833954044130074 
0.3833954044130074 
0.3833954044130074 
0.3836814944242457 
0.3836814944242457 
0.3836814944242457 
0.3836814944242457 
0.3836814944242457 
0.3836814944242457 
0.3836814944242457 
0.3836814944242457 
0.3836814944242457 
0.3836814944242457 
0.3837660003027245 
0.3837660003027245 
0.3837660003027245 
0.3837660003027245 
0.3837660003027245 
0.3837660003027245 
0.3837660003027245 
0.3837660003027245 
0.38371686272713534 
0.38371686272713534 
0.38371686272713534 
0.38371686272713534 
0.38371686272713534 
0.38371686272713534 
0.38371686272713534 
0.38371686272713534 
0.38371686272713534 
0.38371686272713534 
0.3837685256242609 
0.3837685256242609 
0.3837685256242609 
0.3837685256242609 
0.3837685256242609 
0.3837685256242609 
0.3837685256242609 
0.3837685256242609 
0.38354832438398356 
0.38354832438398356 
0.38354832438398356 
0.38354832438398356 
0.38354832438398356 
0.38354832438398356 
0.38354832438398356 
0.38354832438398356 
0.3835782229770215 
0.38356391085289454 
0.38356391085289454 
0.38356391085289454 
0.38356391085289454 
0.38356391085289454 
0.3837139677292794 
0.3837139677292794 
0.3837139677292794 
0.3837139677292794 
0.3837139677292794 
0.3837139677292794 
0.3837139677292794 
0.3837139677292794 
0.3837139677292794 
0.3837139677292794 
0.3837139677292794 
0.3837139677292794 
0.3837139677292794 
0.38404739217637374 
0.38404739217637374 
0.38404739217637374 
0.38404739217637374 
0.38399496713871945 
0.3842038743363952 
0.3842038743363952 
0.3842038743363952 
0.3844922275463659 
0.3844922275463659 
0.38473713668273535 
0.38473713668273535 
0.38473713668273535 
0.38473713668273535 
0.3846222014698393 
0.3846222014698393 
0.3846222014698393 
0.3846222014698393 
0.3846222014698393 
0.3846222014698393 
0.3846222014698393 
0.3846222014698393 
0.3846222014698393 
0.3846222014698393 
0.3846222014698393 
0.3846222014698393 
0.3846222014698393 
0.3846222014698393 
0.3846222014698393 
0.3846222014698393 
0.3846222014698393 
0.3846222014698393 
0.3846222014698393 
0.3847594566545561 
0.3847594566545561 
0.3847594566545561 
0.3847594566545561 
0.3847594566545561 
0.3847594566545561 
0.3847594566545561 
0.3847594566545561 
0.3847594566545561 
0.3847594566545561 
0.3845679404754709 
0.3845679404754709 
0.3845679404754709 
0.3845679404754709 
0.3844733864169065 
0.3844733864169065 
0.3844733864169065 
0.3844733864169065 
0.3844733864169065 
0.38461856243153164 
0.38461856243153164 
0.38461856243153164 
0.38461856243153164 
0.38461856243153164 
0.38461856243153164 
0.38461856243153164 
0.38461856243153164 
0.38461856243153164 
0.38461856243153164 
0.38461856243153164 
0.38461856243153164 
0.38461856243153164 
0.38461856243153164 
0.3843964312307119 
0.3843964312307119 
0.3843964312307119 
0.3843964312307119 
0.3843964312307119 
0.3843964312307119 
0.3843964312307119 
0.3843964312307119 
0.3843964312307119 
0.3843964312307119 
0.3843964312307119 
0.3843964312307119 
0.3843964312307119 
0.3843964312307119 
0.3843964312307119 
0.3843964312307119 
0.3842165451298493 
0.3842165451298493 
0.3842165451298493 
0.3842165451298493 
0.3842165451298493 
0.3842165451298493 
0.3842165451298493 
0.3842165451298493 
0.3842165451298493 
0.3842165451298493 
0.3842165451298493 
0.3842165451298493 
0.3842165451298493 
0.3842165451298493 
0.3842165451298493 
0.3842165451298493 
0.3842165451298493 
0.3840279869789034 
0.3840279869789034 
0.3840279869789034 
0.3840279869789034 
0.3840279869789034 
0.3840279869789034 
0.3840279869789034 
0.3840279869789034 
0.3840279869789034 
0.3840279869789034 
0.3842331817109522 
0.3842331817109522 
0.3842331817109522 
0.3842387959900004 
0.3842387959900004 
0.3842387959900004 
0.3842387959900004 
0.3842387959900004 
0.3842387959900004 
0.3842387959900004 
0.3842387959900004 
0.3842387959900004 
0.38437947601899025 
0.38437947601899025 
0.38437947601899025 
0.38437947601899025 
0.38437947601899025 
0.38437947601899025 
0.38437947601899025 
0.38437947601899025 
0.38437947601899025 
0.38437947601899025 
0.38437947601899025 
0.38437947601899025 
0.38437947601899025 
0.38437947601899025 
0.38437947601899025 
0.38437947601899025 
0.3842770950613611 
0.3842770950613611 
0.3843035450954584 
0.3843035450954584 
0.3843035450954584 
0.3843035450954584 
0.3843035450954584 
0.3843035450954584 
0.3843035450954584 
0.38436467319282713 
0.38436467319282713 
0.38436467319282713 
0.38436467319282713 
0.38436467319282713 
0.38436283703476637 
0.38436283703476637 
0.38436283703476637 
0.38436283703476637 
0.38436283703476637 
0.38436283703476637 
0.38436283703476637 
0.3845839697525295 
0.3845839697525295 
0.3845839697525295 
0.3845839697525295 
0.3845839697525295 
0.3845839697525295 
0.3845839697525295 
0.3845839697525295 
0.3845839697525295 
0.3845839697525295 
0.3845839697525295 
0.3845839697525295 
0.3845839697525295 
0.3845839697525295 
0.3845839697525295 
0.3845839697525295 
0.3845839697525295 
0.3845839697525295 
0.3845839697525295 
0.3845839697525295 
0.3845839697525295 
0.3845839697525295 
0.3845839697525295 
0.3845839697525295 
0.3845839697525295 
0.3845839697525295 
0.3845839697525295 
0.3845839697525295 
0.3845839697525295 
0.3845839697525295 
0.3845839697525295 
0.3845839697525295 
0.3843819303094224 
0.3843819303094224 
0.3843819303094224 
0.38460112560346915 
0.38460112560346915 
0.38460112560346915 
0.38460112560346915 
0.38460112560346915 
0.38460112560346915 
0.38460112560346915 
0.38460112560346915 
0.38460112560346915 
0.38460112560346915 
0.38460112560346915 
0.38460112560346915 
0.38460112560346915 
0.38460112560346915 
0.38460112560346915 
0.38460112560346915 
0.38460112560346915 
0.38460112560346915 
0.38460112560346915 
0.38460112560346915 
0.38460112560346915 
0.38460112560346915 
0.38424445924521017 
0.38424445924521017 
0.38424445924521017 
0.38424445924521017 
0.38424445924521017 
0.38424445924521017 
0.38424445924521017 
0.3843175675896175 
0.3843175675896175 
0.3843175675896175 
0.3843175675896175 
0.3843175675896175 
0.3843175675896175 
0.3843175675896175 
0.3843175675896175 
0.3844792120369184 
0.3844792120369184 
0.3844132777042733 
0.3844132777042733 
0.3844132777042733 
0.3844132777042733 
0.3844132777042733 
0.3844132777042733 
0.3844132777042733 
0.3844132777042733 
0.3844132777042733 
0.3844132777042733 
0.3844132777042733 
0.3844132777042733 
0.3844132777042733 
0.3844132777042733 
0.3844132777042733 
0.3844132777042733 
0.3844132777042733 
0.3844132777042733 
0.3844132777042733 
0.3844132777042733 
0.3844132777042733 
0.3844132777042733 
0.3844132777042733 
0.3844132777042733 
0.3844132777042733 
0.3844132777042733 
0.3844132777042733 
0.3844132777042733 
0.3844132777042733 
0.3844132777042733 
0.3844132777042733 
0.3844132777042733 
0.3844132777042733 
0.3844132777042733 
0.3844132777042733 
0.3844132777042733 
0.3844132777042733 
0.3844132777042733 
0.3844132777042733 
0.3844132777042733 
0.3844132777042733 
0.3844132777042733 
0.3844132777042733 
0.3844132777042733 
0.3844132777042733 
0.3844132777042733 
0.3844080856450811 
0.3844080856450811 
0.3844080856450811 
0.3844080856450811 
0.3845559795359031 
0.3845559795359031 
0.3845559795359031 
0.3845559795359031 
0.3845559795359031 
0.3845559795359031 
0.3845559795359031 
0.3845559795359031 
0.3845559795359031 
0.3845559795359031 
0.3845559795359031 
0.3845559795359031 
0.3845559795359031 
0.3845559795359031 
0.3845559795359031 
0.3845559795359031 
0.3845559795359031 
0.3845559795359031 
0.3845559795359031 
0.3845559795359031 
0.3845559795359031 
0.3845559795359031 
0.3845559795359031 
0.3845559795359031 
0.3845559795359031 
0.3845559795359031 
0.3845559795359031 
0.3845559795359031 
0.3845559795359031 
0.3845559795359031 
0.38457820512285806 
0.38457820512285806 
0.38457820512285806 
0.38457820512285806 
0.38457820512285806 
0.38457820512285806 
0.38457820512285806 
0.38457820512285806 
0.38457820512285806 
0.38457820512285806 
0.38457820512285806 
0.38457820512285806 
0.38457820512285806 
0.38457820512285806 
0.38457820512285806 
0.38457820512285806 
0.38457820512285806 
0.38457820512285806 
0.38457820512285806 
0.38457820512285806 
0.38457820512285806 
0.38457820512285806 
0.38457820512285806 
0.38457820512285806 
0.38457820512285806 
0.38457820512285806 
0.38457820512285806 
0.38457820512285806 
0.38457820512285806 
0.38457820512285806 
0.38457820512285806 
0.38457820512285806 
0.38457820512285806 
0.38457820512285806 
0.38457820512285806 
0.38457820512285806 
0.38457820512285806 
0.38457820512285806 
0.38457820512285806 
0.38457820512285806 
0.38457820512285806 
0.38457820512285806 
0.38457820512285806 
0.38476144577448995 
0.38476144577448995 
0.38476144577448995 
0.38476144577448995 
0.38476144577448995 
0.38476144577448995 
0.38476144577448995 
0.38476144577448995 
0.38476144577448995 
0.38476144577448995 
0.38476144577448995 
0.38476144577448995 
0.38476144577448995 
0.38476144577448995 
0.38476144577448995 
0.38476144577448995 
0.38476144577448995 
0.38476144577448995 
0.38476144577448995 
0.38476144577448995 
0.38476144577448995 
0.38476144577448995 
0.38476144577448995 
0.38476144577448995 
0.38476144577448995 
0.38476144577448995 
0.38476144577448995 
0.38476144577448995 
0.38476144577448995 
0.38476144577448995 
0.38476144577448995 
0.38476144577448995 
0.38476144577448995 
0.38476144577448995 
0.38476144577448995 
0.38476144577448995 
0.38476144577448995 
0.38476144577448995 
0.38476144577448995 
0.38476144577448995 
0.38476144577448995 
0.38476144577448995 
0.38476144577448995 
0.38476144577448995 
0.38476144577448995 
0.38476144577448995 
0.38476144577448995 
0.38476144577448995 
0.38476144577448995 
0.38476144577448995 
0.38476144577448995 
0.38476144577448995 
0.38476144577448995 
0.38476144577448995 
0.38476144577448995 
0.38476144577448995 
0.38476144577448995 
0.38476144577448995 
0.38476144577448995 
0.38476144577448995 
0.38476144577448995 
0.38476144577448995 
0.38476144577448995 
0.38476144577448995 
0.38476144577448995 
0.38476144577448995 
0.38476144577448995 
0.38476144577448995 
0.38476144577448995 
0.38476144577448995 
0.38476144577448995 
0.38476144577448995 
0.38476144577448995 
0.38476144577448995 
0.38476144577448995 
0.38476144577448995 
0.38476144577448995 
0.38476144577448995 
0.38476144577448995 
0.38476144577448995 
0.38476144577448995 
0.38476144577448995 
0.38476144577448995 
0.38476144577448995 
0.38476144577448995 
0.38476144577448995 
0.38476144577448995 
0.38476144577448995 
0.38476144577448995 
0.38476144577448995 
0.38476144577448995 
0.38476144577448995 
0.38476144577448995 
0.38476144577448995 
0.38476144577448995 
0.38476144577448995 
0.38476144577448995 
0.38476144577448995 
0.38476144577448995 
0.38476144577448995 
0.38476144577448995 
0.38476144577448995 
0.38476144577448995 
0.38476144577448995 
0.38476144577448995 
0.38476144577448995 
0.38476144577448995 
0.38476144577448995 
0.38476144577448995 
0.38476144577448995 
0.38476144577448995 
0.38476144577448995 
0.38476144577448995 
0.38476144577448995 
0.38476144577448995 
0.38476144577448995 
0.38476144577448995 
0.38476144577448995 
0.38476144577448995 
0.38482916260597005 
0.38482916260597005 
0.38482916260597005 
0.38482916260597005 
0.38482916260597005 
0.38482916260597005 
0.38482916260597005 
0.38482916260597005 
0.38482916260597005 
0.38482916260597005 
0.38482916260597005 
0.38482916260597005 
0.38482916260597005 
0.38482916260597005 
0.38482916260597005 
0.38482916260597005 
0.38482916260597005 
0.38482916260597005 
0.38482916260597005 
0.38482916260597005 
0.38482916260597005 
0.38482916260597005 
0.38482916260597005 
0.38482916260597005 
0.38482916260597005 
0.38482916260597005 
0.38482916260597005 
0.38482916260597005 
0.38482916260597005 
0.38482916260597005 
0.38482916260597005 
0.38482916260597005 
0.38482916260597005 
0.38482916260597005 
0.38482916260597005 
0.38482916260597005 
0.38482916260597005 
0.38482916260597005 
0.38482916260597005 
0.38482916260597005 
0.38482916260597005 
0.38482916260597005 
0.38482916260597005 
0.38482916260597005 
0.38482916260597005 
0.38482916260597005 
0.38482916260597005 
0.38482916260597005 
0.38482916260597005 
0.38482916260597005 
0.38482916260597005 
0.38482916260597005 
0.38482916260597005 
0.38482916260597005 
0.38482916260597005 
0.38482916260597005 
0.38482916260597005 
0.38482916260597005 
0.38482916260597005 
0.38482916260597005 
0.38482916260597005 
0.38482916260597005 
0.38482916260597005 
0.38482916260597005 
0.38482916260597005 
0.38482916260597005 
0.38482916260597005 
0.38482916260597005 
0.38482916260597005 
0.38482916260597005 
0.38482916260597005 
0.38482916260597005 
0.38482916260597005 
0.38482916260597005 
0.38482916260597005 
0.38482916260597005 
0.38482916260597005 
0.38482916260597005 
0.38482916260597005 
0.38482916260597005 
0.38482916260597005 
0.38482916260597005 
0.38482916260597005 
0.38482916260597005 
0.38482916260597005 
0.38482916260597005 
0.38482916260597005 
0.38482916260597005 
0.38482916260597005 
0.38482916260597005 
0.38482916260597005 
0.38482916260597005 
0.38482916260597005 
0.38482916260597005 
0.38482916260597005 
0.38482916260597005 
0.38482916260597005 
0.38482916260597005 
0.38482916260597005 
0.38482916260597005 
0.38482916260597005 
0.38482916260597005 
0.38482916260597005 
0.38482916260597005 
0.38482916260597005 
0.38482916260597005 
0.38482916260597005 
0.38482916260597005 
0.38482916260597005 
0.38482916260597005 
0.38482916260597005 
0.38482916260597005 
0.38482916260597005 
0.38482916260597005 
0.38482916260597005 
0.38482916260597005 
0.38482916260597005 
0.38482916260597005 
0.38482916260597005 
0.38482916260597005 
0.38482916260597005 
0.38482916260597005 
0.38482916260597005 
0.38482916260597005 
0.38482916260597005 
0.3847474144856693 
0.3847474144856693 
0.3847474144856693 
0.3847474144856693 
0.3847474144856693 
0.3847474144856693 
0.3847474144856693 
0.3847474144856693 
0.3847474144856693 
0.3847474144856693 
0.3847474144856693 
0.3847474144856693 
0.3847474144856693 
0.3847474144856693 
0.3847474144856693 
0.3847474144856693 
0.3847474144856693 
0.3847474144856693 
0.3847474144856693 
0.3847474144856693 
0.3847474144856693 
0.3847474144856693 
0.3847474144856693 
0.3847474144856693 
0.3847474144856693 
0.3847474144856693 
0.3847474144856693 
0.3847474144856693 
0.3847474144856693 
0.3847474144856693 
0.3847474144856693 
0.3847474144856693 
0.3847474144856693 
0.3847474144856693 
0.3847474144856693 
0.38484075599103057 
0.38484075599103057 
0.38484075599103057 
0.38484075599103057 
0.38484075599103057 
0.38484075599103057 
0.38484075599103057 
0.38484075599103057 
0.38484075599103057 
0.38484075599103057 
0.38484075599103057 
0.38484075599103057 
0.38484075599103057 
0.38484075599103057 
0.38484075599103057 
0.38484075599103057 
0.38484075599103057 
0.38484075599103057 
0.38484075599103057 
0.38484075599103057 
0.38484075599103057 
0.38484075599103057 
0.38484075599103057 
0.38484075599103057 
0.38484075599103057 
0.38484075599103057 
0.38484075599103057 
0.38484075599103057 
0.38484075599103057 
0.38484075599103057 
0.38484075599103057 
0.38484075599103057 
0.38484075599103057 
0.38484075599103057 
0.38484075599103057 
0.38484075599103057 
0.38484075599103057 
0.38484075599103057 
0.38484075599103057 
0.38484075599103057 
0.38484075599103057 
0.38484075599103057 
0.38484075599103057 
0.38484075599103057 
0.38484075599103057 
0.38484075599103057 
0.38484075599103057 
0.38484075599103057 
0.38484075599103057 
0.38484075599103057 
0.38484075599103057 
0.38484075599103057 
0.38484075599103057 
0.38484075599103057 
0.38484075599103057 
0.38484075599103057 
0.38484075599103057 
0.38484075599103057 
0.38484075599103057 
0.38484075599103057 
0.38484075599103057 
0.38484075599103057 
0.38484075599103057 
0.38484075599103057 
0.38484075599103057 
0.38484075599103057 
0.38484075599103057 
0.38484075599103057 
0.38484075599103057 
0.38484075599103057 
0.38484075599103057 
0.38484075599103057 
0.38484075599103057 
0.38484075599103057 
0.38484075599103057 
0.38484075599103057 
0.38484075599103057 
0.38484075599103057 
0.38484075599103057 
0.38484075599103057 
0.38484075599103057 
0.38484075599103057 
0.38484075599103057 
0.38484075599103057 
0.38484075599103057 
0.38484075599103057 
0.38484075599103057 
0.38484075599103057 
0.38484075599103057 
0.38484075599103057 
0.38484075599103057 
0.38484075599103057 
0.38484075599103057 
0.38484075599103057 
0.38472373689284284 
0.38472373689284284 
0.38472373689284284 
0.38472373689284284 
0.38472373689284284 
0.38472373689284284 
0.38472373689284284 
0.38472373689284284 
0.38472373689284284 
0.38472373689284284 
0.38472373689284284 
0.38472373689284284 
0.38472373689284284 
0.38472373689284284 
0.38472373689284284 
0.38472373689284284 
0.38472373689284284 
0.38472373689284284 
0.38472373689284284 
0.38472373689284284 
0.38472373689284284 
0.38472373689284284 
0.38472373689284284 
0.38472373689284284 
0.38472373689284284 
0.38472373689284284 
0.38472373689284284 
0.38472373689284284 
0.38472373689284284 
0.38472373689284284 
0.38472373689284284 
0.38472373689284284 
0.38472373689284284 
0.38472373689284284 
0.38472373689284284 
0.38472373689284284 
0.38472373689284284 
0.38472373689284284 
0.38472373689284284 
0.38472373689284284 
0.38472373689284284 
0.38472373689284284 
0.38472373689284284 
0.38472373689284284 
0.38472373689284284 
0.38472373689284284 
0.38472373689284284 
0.38472373689284284 
0.38472373689284284 
0.38472373689284284 
0.38472373689284284 
0.38472373689284284 
0.38472373689284284 
0.38472373689284284 
0.38472373689284284 
0.38472373689284284 
0.38472373689284284 
0.38472373689284284 
0.38472373689284284 
0.38472373689284284 
0.38472373689284284 
0.38472373689284284 
0.38472373689284284 
0.38472373689284284 
0.38472373689284284 
0.38472373689284284 
0.38472373689284284 
0.38472373689284284 
0.38472373689284284 
0.38472373689284284 
0.38472373689284284 
0.38472373689284284 
0.38472373689284284 
0.38472373689284284 
0.38472373689284284 
0.38472373689284284 
0.38472373689284284 
0.38472373689284284 
0.38472373689284284 
0.38472373689284284 
0.38472373689284284 
0.38472373689284284 
0.38472373689284284 
0.38472373689284284 
0.38472373689284284 
0.38472373689284284 
0.38472373689284284 
0.38472373689284284 
0.38472373689284284 
0.38472373689284284 
0.38472373689284284 
0.38472373689284284 
0.38472373689284284 
0.38472373689284284 
0.38472373689284284 
0.38472373689284284 
0.38472373689284284 
0.38472373689284284 
0.38472373689284284 
0.38472373689284284 
0.38472373689284284 
0.38472373689284284 
0.38472373689284284 
0.38472373689284284 
0.38472373689284284 
0.38472373689284284 
0.38472373689284284 
0.38472373689284284 
0.38472373689284284 
0.38472373689284284 
0.38472373689284284 
0.38472373689284284 
0.38472373689284284 
0.38472373689284284 
0.38472373689284284 
0.38472373689284284 
0.38472373689284284 
0.38472373689284284 
0.38472373689284284 
0.38472373689284284 
0.38472373689284284 
0.38472373689284284 
0.38472373689284284 
0.38472373689284284 
0.38472373689284284 
0.38472373689284284 
0.38472373689284284 
0.38472373689284284 
0.38472373689284284 
0.38472373689284284 
0.38472373689284284 
0.38472373689284284 
0.38472373689284284 
0.38472373689284284 
0.38472373689284284 
0.38472373689284284 
0.38472373689284284 
0.38472373689284284 
0.38472373689284284 
0.38472373689284284 
0.38472373689284284 
0.38472373689284284 
0.38472373689284284 
0.38472373689284284 
0.38472373689284284 
0.38472373689284284 
0.38472373689284284 
0.38472373689284284 
0.38472373689284284 
0.38472373689284284 
0.38472373689284284 
0.38472373689284284 
0.38472373689284284 
0.38472373689284284 
0.38472373689284284 
0.38472373689284284 
0.38472373689284284 
0.38472373689284284 
0.38472373689284284 
0.38472373689284284 
0.38472373689284284 
0.38472373689284284 
0.38472373689284284 
0.38472373689284284 
0.38472373689284284 
0.38472373689284284 
0.38472373689284284 
0.38472373689284284 
0.38472373689284284 
0.38472373689284284 
0.38472373689284284 
0.38472373689284284 
0.38472373689284284 
0.38472373689284284 
0.38472373689284284 
0.38472373689284284 
0.38472373689284284 
0.38472373689284284 
0.38472373689284284 
0.38472373689284284 
0.38472373689284284 
0.38472373689284284 
0.38472373689284284 
0.38472373689284284 
0.38472373689284284 
0.38472373689284284 
0.38472373689284284 
0.38472373689284284 
0.38472373689284284 
0.38472373689284284 
0.38472373689284284 
0.38472373689284284 
0.38472373689284284 
0.38472373689284284 
0.38472373689284284 
0.38472373689284284 
0.38472373689284284 
0.38472373689284284 
0.38472373689284284 
0.38472373689284284 
0.38472373689284284 
0.38472373689284284 
0.38472373689284284 
0.38472373689284284 
0.38472373689284284 
0.38472373689284284 
0.38472373689284284 
0.38472373689284284 
0.38472373689284284 
0.38472373689284284 
0.38472373689284284 
0.38472373689284284 
0.38472373689284284 
0.38472373689284284 
0.38472373689284284 
0.38472373689284284 
0.38472373689284284 
0.38472373689284284 
0.38472373689284284 
0.38472373689284284 
0.38472373689284284 
0.38472373689284284 
0.38472373689284284 
0.38472373689284284 
0.38472373689284284 
0.38472373689284284 
0.38472373689284284 
0.38472373689284284 
0.38472373689284284 
0.38472373689284284 
0.38472373689284284 
0.38472373689284284 
0.38472373689284284 
0.38472373689284284 
0.38472373689284284 
0.38472373689284284 
0.38472373689284284 
0.38472373689284284 
0.38472373689284284 
0.38472373689284284 
0.38472373689284284 
0.38472373689284284 
0.38472373689284284 
0.38472373689284284 
0.38472373689284284 
0.38472373689284284 
0.38472373689284284 
0.38472373689284284 
0.38472373689284284 
0.38472373689284284 
0.38472373689284284 
0.38472373689284284 
0.38472373689284284 
0.38472373689284284 
0.38472373689284284 
0.38472373689284284 
0.38472373689284284 
0.38472373689284284 
0.38472373689284284 
0.38472373689284284 
0.38472373689284284 
0.38472373689284284 
0.38472373689284284 
0.38472373689284284 
0.38472373689284284 
0.38472373689284284 
0.38472373689284284 
0.38472373689284284 
0.38472373689284284 
0.38472373689284284 
0.38472373689284284 
0.38472373689284284 
0.38472373689284284 
0.38472373689284284 
0.38472373689284284 
0.38472373689284284 
0.38472373689284284 
0.38472373689284284 
0.38472373689284284 
0.38472373689284284 
0.38472373689284284 
0.38472373689284284 
0.38472373689284284 
0.38472373689284284 
0.38472373689284284 
0.38472373689284284 
0.38472373689284284 
0.38472373689284284 
0.38472373689284284 
0.38472373689284284 
0.38472373689284284 
0.38472373689284284 
0.38472373689284284 
0.38472373689284284 
0.38472373689284284 
0.38472373689284284 
0.38472373689284284 
0.38472373689284284 
0.38472373689284284 
0.38472373689284284 
0.38472373689284284 
0.38472373689284284 
0.38472373689284284 
0.38472373689284284 
0.38472373689284284 
0.38472373689284284 
0.38472373689284284 
0.38472373689284284 
0.38472373689284284 
0.38472373689284284 
0.38472373689284284 
0.38472373689284284 
0.38472373689284284 
0.38472373689284284 
0.38472373689284284 
0.38472373689284284 
0.38472373689284284 
0.38472373689284284 
0.38472373689284284 
0.38472373689284284 
0.38472373689284284 
0.38472373689284284 
0.38472373689284284 
0.38472373689284284 
0.38472373689284284 
0.38472373689284284 
0.38472373689284284 
0.38472373689284284 
0.38472373689284284 
0.38472373689284284 
0.38472373689284284 
0.38472373689284284 
0.38472373689284284 
0.38472373689284284 
0.38472373689284284 
0.38472373689284284 
0.38472373689284284 
0.38472373689284284 
0.38472373689284284 
0.38472373689284284 
0.38472373689284284 
0.38472373689284284 
0.38472373689284284 
0.38472373689284284 
0.38472373689284284 
0.38472373689284284 
0.38472373689284284 
0.38472373689284284 
0.38472373689284284 
0.38472373689284284 
0.38472373689284284 
0.38472373689284284 
0.38472373689284284 
0.38472373689284284 
0.38472373689284284 
0.38472373689284284 
0.38472373689284284 
0.38472373689284284 
0.38472373689284284 
0.38472373689284284 
0.38472373689284284 
0.38472373689284284 
0.38472373689284284 
0.38472373689284284 
0.38472373689284284 
0.38472373689284284 
0.38472373689284284 
0.38472373689284284 
0.38472373689284284 
0.38472373689284284 
0.38472373689284284 
0.38472373689284284 
0.38472373689284284 
0.38472373689284284 
0.38472373689284284 
0.38472373689284284 
0.38472373689284284 
0.38472373689284284 
0.38472373689284284 
0.38472373689284284 
0.38472373689284284 
0.38472373689284284 
0.38472373689284284 
0.38472373689284284 
0.38472373689284284 
0.38472373689284284 
0.38472373689284284 
0.38472373689284284 
0.38472373689284284 
0.38472373689284284 
0.38472373689284284 
0.38472373689284284 
0.38472373689284284 
0.38472373689284284 
0.38472373689284284 
0.38472373689284284 
0.38472373689284284 
0.38472373689284284 
0.38472373689284284 
0.38472373689284284 
0.38472373689284284 
0.38472373689284284 
0.38472373689284284 
0.38472373689284284 
0.38472373689284284 
0.38472373689284284 
0.38472373689284284 
0.38472373689284284 
0.38472373689284284 
0.38472373689284284 
0.38472373689284284 
0.38472373689284284 
0.38472373689284284 
0.38472373689284284 
0.38472373689284284 
0.38472373689284284 
0.38472373689284284 
0.38472373689284284 
0.38472373689284284 
0.38472373689284284 
0.38472373689284284 
0.38472373689284284 
0.38472373689284284 
0.38472373689284284 
0.38472373689284284 
0.38472373689284284 
0.38472373689284284 
0.38472373689284284 
0.38472373689284284 
0.38472373689284284 
0.38472373689284284 
0.38472373689284284 
0.38472373689284284 
0.38472373689284284 
0.38472373689284284 
0.38472373689284284 
0.38472373689284284 
0.38472373689284284 
0.38472373689284284 
0.38472373689284284 
0.38472373689284284 
0.38472373689284284 
0.38472373689284284 
0.38472373689284284 
0.38472373689284284 
0.38472373689284284 
0.38472373689284284 
0.38472373689284284 
0.38472373689284284 
0.38472373689284284 
0.38472373689284284 
0.38472373689284284 
0.38472373689284284 
0.38472373689284284 
0.38472373689284284 
0.38472373689284284 
0.38472373689284284 
0.38472373689284284 
0.38472373689284284 
0.38472373689284284 
0.38472373689284284 
0.38472373689284284 
0.38472373689284284 
0.38472373689284284 
0.38472373689284284 
0.38472373689284284 
0.38472373689284284 
0.38472373689284284 
0.38472373689284284 
0.38472373689284284 
0.38472373689284284 
0.38472373689284284 
0.38472373689284284 
0.38472373689284284 
0.38472373689284284 
0.38472373689284284 
0.38472373689284284 
0.38472373689284284 
0.38472373689284284 
0.38472373689284284 
0.38472373689284284 
0.38472373689284284 
0.38472373689284284 
0.38472373689284284 
0.38472373689284284 
0.38472373689284284 
0.38472373689284284 
0.38472373689284284 
0.38472373689284284 
0.38472373689284284 
0.38472373689284284 
0.38472373689284284 
0.38472373689284284 
0.38472373689284284 
0.38472373689284284 
0.38472373689284284 
0.38472373689284284 
0.38472373689284284 
0.38472373689284284 
0.38472373689284284 
0.38472373689284284 
0.38472373689284284 
0.38472373689284284 
0.38472373689284284 
0.38472373689284284 
0.38472373689284284 
0.38472373689284284 
0.38472373689284284 
0.38472373689284284 
0.38472373689284284 
0.38472373689284284 
0.38472373689284284 
0.38472373689284284 
0.38472373689284284 
0.38472373689284284 
0.38472373689284284 
0.38472373689284284 
0.38472373689284284 
0.38472373689284284 
0.38472373689284284 
0.38472373689284284 
0.38472373689284284 
0.38472373689284284 
0.38472373689284284 
0.38472373689284284 
0.38472373689284284 
0.38472373689284284 
0.38472373689284284 
0.38472373689284284 
0.38472373689284284 
0.38472373689284284 
0.38472373689284284 
0.38472373689284284 
0.38472373689284284 
0.38472373689284284 
0.38472373689284284 
0.38472373689284284 
0.38472373689284284 
0.38472373689284284 
0.38472373689284284 
0.38472373689284284 
0.38472373689284284 
0.38472373689284284 
0.38472373689284284 
0.38472373689284284 
0.38472373689284284 
0.38472373689284284 
0.38472373689284284 
0.38472373689284284 
0.38472373689284284 
0.38472373689284284 
0.38472373689284284 
0.38472373689284284 
0.38472373689284284 
0.38472373689284284 
0.38472373689284284 
0.38472373689284284 
0.38472373689284284 
0.38472373689284284 
0.38472373689284284 
0.38472373689284284 
0.38472373689284284 
0.38472373689284284 
0.38472373689284284 
0.38472373689284284 
0.38472373689284284 
0.38472373689284284 
0.38472373689284284 
0.38472373689284284 
0.38472373689284284 
0.38472373689284284 
0.38472373689284284 
0.38472373689284284 
0.38472373689284284 
0.38472373689284284 
0.38472373689284284 
0.38472373689284284 
0.38472373689284284 
0.38472373689284284 
0.38472373689284284 
0.38472373689284284 
0.38472373689284284 
0.38472373689284284 
0.38472373689284284 
0.38472373689284284 
0.38472373689284284 
0.38472373689284284 
0.38472373689284284 
0.38472373689284284 
0.38472373689284284 
0.38472373689284284 
0.38472373689284284 
0.38472373689284284 
0.38472373689284284 
0.38472373689284284 
0.38472373689284284 
0.38472373689284284 
0.38472373689284284 
0.38472373689284284 
0.38472373689284284 
0.38472373689284284 
0.38472373689284284 
0.38472373689284284 
0.38472373689284284 
0.38472373689284284 
0.38472373689284284 
0.38472373689284284 
0.38472373689284284 
0.38472373689284284 
0.38472373689284284 
0.38472373689284284 
0.38472373689284284 
0.38472373689284284 
0.38472373689284284 
0.38472373689284284 
0.38472373689284284 
0.38472373689284284 
0.38472373689284284 
0.38472373689284284 
0.38472373689284284 
0.38472373689284284 
0.38472373689284284 
0.38472373689284284 
0.38472373689284284 
0.38472373689284284 
0.38472373689284284 
0.38472373689284284 
0.38472373689284284 
0.38472373689284284 
0.38472373689284284 
0.38472373689284284 
0.38472373689284284 
0.38472373689284284 
0.38472373689284284 
0.38472373689284284 
0.38472373689284284 
0.38472373689284284 
0.38472373689284284 
0.38472373689284284 
0.38472373689284284 
0.38472373689284284 
0.38472373689284284 
0.38472373689284284 
0.38472373689284284 
0.38472373689284284 
0.38472373689284284 
0.38472373689284284 
0.38472373689284284 
0.38472373689284284 
0.38472373689284284 
0.38472373689284284 
0.38472373689284284 
0.38472373689284284 
0.38472373689284284 
0.38472373689284284 
0.38472373689284284 
0.38472373689284284 
0.38472373689284284 
0.38472373689284284 
0.38472373689284284 
0.38472373689284284 
0.38472373689284284 
0.38472373689284284 
0.38472373689284284 
0.38472373689284284 
0.38472373689284284 
0.38472373689284284 
0.38472373689284284 
0.38472373689284284 
0.38472373689284284 
0.38472373689284284 
0.38472373689284284 
0.38472373689284284 
0.38472373689284284 
0.38472373689284284 
0.38472373689284284 
0.38472373689284284 
0.38472373689284284 
0.38472373689284284 
0.38472373689284284 
0.38472373689284284 
0.38472373689284284 
0.38472373689284284 
0.38472373689284284 
0.38472373689284284 
0.38472373689284284 
0.38472373689284284 
0.38472373689284284 
0.38472373689284284 
0.38472373689284284 
0.38472373689284284 
0.38472373689284284 
0.38472373689284284 
0.38472373689284284 
0.38472373689284284 
0.38472373689284284 
0.38472373689284284 
0.38472373689284284 
0.38472373689284284 
0.38472373689284284 
0.38472373689284284 
0.38472373689284284 
0.38472373689284284 
0.38472373689284284 
0.38472373689284284 
0.38472373689284284 
0.38472373689284284 
0.38472373689284284 
0.38472373689284284 
0.38472373689284284 
0.38472373689284284 
0.38472373689284284 
0.38472373689284284 
0.38472373689284284 
0.38472373689284284 
0.38472373689284284 
0.38472373689284284 
0.38472373689284284 
0.38472373689284284 
0.38472373689284284 
0.38472373689284284 
0.38472373689284284 
0.38472373689284284 
0.38472373689284284 
0.38472373689284284 
0.38472373689284284 
0.38472373689284284 
0.38472373689284284 
0.38472373689284284 
0.38472373689284284 
0.38472373689284284 
0.38472373689284284 
0.38472373689284284 
0.38472373689284284 
0.38472373689284284 
0.38472373689284284 
0.38472373689284284 
0.38472373689284284 
0.38472373689284284 
0.38472373689284284 
0.38472373689284284 
0.38472373689284284 
0.38472373689284284 
0.38472373689284284 
0.38472373689284284 
0.38472373689284284 
0.38472373689284284 
0.38472373689284284 
0.38472373689284284 
0.38472373689284284 
0.38472373689284284 
0.38472373689284284 
0.38472373689284284 
0.38472373689284284 
0.38472373689284284 
0.38472373689284284 
0.38472373689284284 
0.38472373689284284 
0.38472373689284284 
0.38472373689284284 
0.38472373689284284 
0.38472373689284284 
0.38472373689284284 
0.38472373689284284 
0.38472373689284284 
0.38472373689284284 
0.38472373689284284 
0.38472373689284284 
0.38472373689284284 
0.38472373689284284 
0.38472373689284284 
0.38472373689284284 
0.38472373689284284 
0.38472373689284284 
0.38472373689284284 
0.38472373689284284 
0.38472373689284284 
0.38472373689284284 
0.38472373689284284 
0.38472373689284284 
0.38472373689284284 
0.38472373689284284 
0.38472373689284284 
0.38472373689284284 
0.38472373689284284 
0.38472373689284284 
0.38472373689284284 
0.38472373689284284 
0.38472373689284284 
0.38472373689284284 
0.38472373689284284 
0.38472373689284284 
0.38472373689284284 
0.38472373689284284 
0.38472373689284284 
0.38472373689284284 
0.38472373689284284 
0.38472373689284284 
0.38472373689284284 
0.38472373689284284 
0.38472373689284284 
0.38472373689284284 
0.38472373689284284 
0.38472373689284284 
0.38472373689284284 
0.38472373689284284 
0.38472373689284284 
0.38472373689284284 
0.38472373689284284 
0.38472373689284284 
0.38472373689284284 
0.38472373689284284 
0.38472373689284284 
0.38472373689284284 
0.38472373689284284 
0.38472373689284284 
0.38472373689284284 
0.38472373689284284 
0.38472373689284284 
0.38472373689284284 
0.38472373689284284 
0.38472373689284284 
0.38472373689284284 
0.38472373689284284 
0.38472373689284284 
0.38472373689284284 
0.38472373689284284 
0.38472373689284284 
0.38472373689284284 
0.38472373689284284 
0.38472373689284284 
0.38472373689284284 
0.38472373689284284 
0.38472373689284284 
0.38472373689284284 
0.38472373689284284 
0.38472373689284284 
0.38472373689284284 
0.38472373689284284 
0.38472373689284284 
0.38472373689284284 
0.38472373689284284 
0.38472373689284284 
0.38472373689284284 
0.38472373689284284 
0.38472373689284284 
0.38472373689284284 
0.38472373689284284 
0.38472373689284284 
0.38472373689284284 
0.38472373689284284 
0.38472373689284284 
0.38472373689284284 
0.38472373689284284 
0.38472373689284284 
0.38472373689284284 
0.38472373689284284 
0.38472373689284284 
0.38472373689284284 
0.38472373689284284 
0.38472373689284284 
0.38472373689284284 
0.38472373689284284 
0.38472373689284284 
0.38472373689284284 
0.38472373689284284 
0.38472373689284284 
0.38472373689284284 
0.38472373689284284 
0.38472373689284284 
0.38472373689284284 
0.38472373689284284 
0.38472373689284284 
0.38472373689284284 
0.38472373689284284 
0.38472373689284284 
0.38472373689284284 
0.38472373689284284 
0.38472373689284284 
0.38472373689284284 
0.38472373689284284 
0.38472373689284284 
0.38472373689284284 
0.38472373689284284 
0.38472373689284284 
0.38472373689284284 
0.38472373689284284 
0.38472373689284284 
0.38472373689284284 
0.38472373689284284 
0.38472373689284284 
0.38472373689284284 
0.38472373689284284 
0.38472373689284284 
0.38472373689284284 
0.38472373689284284 
0.38472373689284284 
0.38472373689284284 
0.38472373689284284 
0.38472373689284284 
0.38472373689284284 
0.38472373689284284 
0.38472373689284284 
0.38472373689284284 
0.38472373689284284 
0.38472373689284284 
0.38472373689284284 
0.38472373689284284 
0.38472373689284284 
0.38472373689284284 
0.38472373689284284 
0.38472373689284284 
0.38472373689284284 
0.38472373689284284 
0.38472373689284284 
0.38472373689284284 
0.38472373689284284 
0.38472373689284284 
0.38472373689284284 
0.38472373689284284 
0.38472373689284284 
0.38472373689284284 
0.38472373689284284 
0.38472373689284284 
0.38472373689284284 
0.38472373689284284 
0.38472373689284284 
0.38472373689284284 
0.38472373689284284 
0.38472373689284284 
0.38472373689284284 
0.38472373689284284 
0.38472373689284284 
0.38472373689284284 
0.38472373689284284 
0.38472373689284284 
0.38472373689284284 
0.38472373689284284 
0.38472373689284284 
0.38472373689284284 
0.38472373689284284 
0.38472373689284284 
0.38472373689284284 
0.38472373689284284 
0.38472373689284284 
0.38472373689284284 
0.38472373689284284 
0.38472373689284284 
0.38472373689284284 
0.38472373689284284 
0.38472373689284284 
0.38472373689284284 
0.38472373689284284 
0.38472373689284284 
0.38472373689284284 
0.38472373689284284 
0.38472373689284284 
0.38472373689284284 
0.38472373689284284 
0.38472373689284284 
0.38472373689284284 
0.38472373689284284 
0.38472373689284284 
0.38472373689284284 
0.38472373689284284 
0.38472373689284284 
0.38472373689284284 
0.38472373689284284 
0.38472373689284284 
0.38472373689284284 
0.38472373689284284 
0.38472373689284284 
0.38472373689284284 
0.38472373689284284 
0.38472373689284284 
0.38472373689284284 
0.38472373689284284 
0.38472373689284284 
0.38472373689284284 
0.38472373689284284 
0.38472373689284284 
0.38472373689284284 
0.38472373689284284 
0.38472373689284284 
0.38472373689284284 
0.38472373689284284 
0.38472373689284284 
0.38472373689284284 
0.38472373689284284 
0.38472373689284284 
0.38472373689284284 
0.38472373689284284 
0.38472373689284284 
0.38472373689284284 
0.38472373689284284 
0.38472373689284284 
0.38472373689284284 
0.38472373689284284 
0.38472373689284284 
0.38472373689284284 
0.38472373689284284 
0.38472373689284284 
0.38472373689284284 
0.38472373689284284 
0.38472373689284284 
0.38472373689284284 
0.38472373689284284 
0.38472373689284284 
0.38472373689284284 
0.38472373689284284 
0.38472373689284284 
0.38472373689284284 
0.38472373689284284 
0.38472373689284284 
0.38472373689284284 
0.38472373689284284 
0.38472373689284284 
0.38472373689284284 
0.38472373689284284 
0.38472373689284284 
0.38472373689284284 
0.38472373689284284 
0.38472373689284284 
0.38472373689284284 
0.38472373689284284 
0.38472373689284284 
0.38472373689284284 
0.38472373689284284 
0.38472373689284284 
0.38472373689284284 
0.38472373689284284 
0.38472373689284284 
0.38472373689284284 
0.38472373689284284 
0.38472373689284284 
0.38472373689284284 
0.38472373689284284 
0.38472373689284284 
0.38472373689284284 
0.38472373689284284 
0.38472373689284284 
0.38472373689284284 
0.38472373689284284 
0.38472373689284284 
0.38472373689284284 
0.38472373689284284 
0.38472373689284284 
0.38472373689284284 
0.38472373689284284 
0.38472373689284284 
0.38472373689284284 
0.38472373689284284 
0.38472373689284284 
0.38472373689284284 
0.38472373689284284 
0.38472373689284284 
0.38472373689284284 
0.38472373689284284 
0.38472373689284284 
0.38472373689284284 
0.38472373689284284 
0.38472373689284284 
0.38472373689284284 
0.38472373689284284 
0.38472373689284284 
0.38472373689284284 
0.38472373689284284 
0.38472373689284284 
0.38472373689284284 
0.38472373689284284 
0.38472373689284284 
0.38472373689284284 
0.38472373689284284 
0.38472373689284284 
0.38472373689284284 
0.38472373689284284 
0.38472373689284284 
0.38472373689284284 
0.38472373689284284 
0.38472373689284284 
0.38472373689284284 
0.38472373689284284 
0.38472373689284284 
0.38472373689284284 
0.38472373689284284 
0.38472373689284284 
0.38472373689284284 
0.38472373689284284 
0.38472373689284284 
0.38472373689284284 
0.38472373689284284 
0.38472373689284284 
0.38472373689284284 
0.38472373689284284 
0.38472373689284284 
0.38472373689284284 
0.38472373689284284 
0.38472373689284284 
0.38472373689284284 
0.38472373689284284 
0.38472373689284284 
0.38472373689284284 
0.38472373689284284 
0.38472373689284284 
0.38472373689284284 
0.38472373689284284 
0.38472373689284284 
0.38472373689284284 
0.38472373689284284 
0.38472373689284284 
0.38472373689284284 
0.38472373689284284 
0.38472373689284284 
0.38472373689284284 
0.38472373689284284 
0.38472373689284284 
0.38472373689284284 
0.38472373689284284 
0.38472373689284284 
0.38472373689284284 
0.38472373689284284 
0.38472373689284284 
0.38472373689284284 
0.38472373689284284 
0.38472373689284284 
0.38472373689284284 
0.38472373689284284 
0.38472373689284284 
0.38472373689284284 
0.38472373689284284 
0.38472373689284284 
0.38472373689284284 
0.38472373689284284 
0.38472373689284284 
0.38472373689284284 
0.38472373689284284 
0.38472373689284284 
0.38472373689284284 
0.38472373689284284 
0.38472373689284284 
0.38472373689284284 
0.38472373689284284 
0.38472373689284284 
0.38472373689284284 
0.38472373689284284 
0.38472373689284284 
0.38472373689284284 
0.38472373689284284 
0.38472373689284284 
0.38472373689284284 
0.38472373689284284 
0.38472373689284284 
0.38472373689284284 
0.38472373689284284 
0.38472373689284284 
0.38472373689284284 
0.38472373689284284 
0.38472373689284284 
0.38472373689284284 
0.38472373689284284 
0.38472373689284284 
0.38472373689284284 
0.38472373689284284 
0.38472373689284284 
0.38472373689284284 
0.38472373689284284 
0.38472373689284284 
0.38472373689284284 
0.38472373689284284 
0.38472373689284284 
0.38472373689284284 
0.38472373689284284 
0.38472373689284284 
0.38472373689284284 
0.38472373689284284 
0.38472373689284284 
0.38472373689284284 
0.38472373689284284 
0.38472373689284284 
0.38472373689284284 
0.38472373689284284 
0.38472373689284284 
0.38472373689284284 
0.38472373689284284 
0.38472373689284284 
0.38472373689284284 
0.38472373689284284 
0.38472373689284284 
0.38472373689284284 
0.38472373689284284 
0.38472373689284284 
0.38472373689284284 
0.38472373689284284 
0.38472373689284284 
0.38472373689284284 
0.38472373689284284 
0.38472373689284284 
0.38472373689284284 
0.38472373689284284 
0.38472373689284284 
0.38472373689284284 
0.38472373689284284 
0.38472373689284284 
0.38472373689284284 
0.38472373689284284 
0.38472373689284284 
0.38472373689284284 
0.38472373689284284 
0.38472373689284284 
0.38472373689284284 
0.38472373689284284 
0.38472373689284284 
0.38472373689284284 
0.38472373689284284 
0.38472373689284284 
0.38472373689284284 
0.38472373689284284 
0.38472373689284284 
0.38472373689284284 
0.38472373689284284 
0.38472373689284284 
0.38472373689284284 
0.38472373689284284 
0.38472373689284284 
0.38472373689284284 
0.38472373689284284 
0.38472373689284284 
0.38472373689284284 
0.38472373689284284 
0.38472373689284284 
0.38472373689284284 
0.38472373689284284 
0.38472373689284284 
0.38472373689284284 
0.38472373689284284 
0.38472373689284284 
0.38472373689284284 
0.38472373689284284 
0.38472373689284284 
0.38472373689284284 
0.38472373689284284 
0.38472373689284284 
0.38472373689284284 
0.38472373689284284 
0.38472373689284284 
0.38472373689284284 
0.38472373689284284 
0.38472373689284284 
0.38472373689284284 
0.38472373689284284 
0.38472373689284284 
0.38472373689284284 
0.38472373689284284 
0.38472373689284284 
0.38472373689284284 
0.38472373689284284 
0.38472373689284284 
0.38472373689284284 
0.38472373689284284 
0.38472373689284284 
0.38472373689284284 
0.38472373689284284 
0.38472373689284284 
0.38472373689284284 
0.38472373689284284 
0.38472373689284284 
0.38472373689284284 
0.38472373689284284 
0.38472373689284284 
0.38472373689284284 
0.38472373689284284 
0.38472373689284284 
0.38472373689284284 
0.38472373689284284 
0.38472373689284284 
0.38472373689284284 
0.38472373689284284 
0.38472373689284284 
0.38472373689284284 
0.38472373689284284 
0.38472373689284284 
0.38472373689284284 
0.38472373689284284 
0.38472373689284284 
0.38472373689284284 
0.38472373689284284 
0.38472373689284284 
0.38472373689284284 
0.38472373689284284 
0.38472373689284284 
0.38472373689284284 
0.38472373689284284 
0.38472373689284284 
0.38472373689284284 
0.38472373689284284 
0.38472373689284284 
0.38472373689284284 
0.38472373689284284 
0.38472373689284284 
0.38472373689284284 
0.38472373689284284 
0.38472373689284284 
0.38472373689284284 
0.38472373689284284 
0.38472373689284284 
0.38472373689284284 
0.38472373689284284 
0.38472373689284284 
0.38472373689284284 
0.38472373689284284 
0.38472373689284284 
0.38472373689284284 
0.38472373689284284 
0.38472373689284284 
0.38472373689284284 
0.38472373689284284 
0.38472373689284284 
0.38472373689284284 
0.38472373689284284 
0.38472373689284284 
0.38472373689284284 
0.38472373689284284 
0.38472373689284284 
0.38472373689284284 
0.38472373689284284 
0.38472373689284284 
0.38472373689284284 
0.38472373689284284 
0.38472373689284284 
0.38472373689284284 
0.38472373689284284 
0.38472373689284284 
0.38472373689284284 
0.38472373689284284 
0.38472373689284284 
0.38472373689284284 
0.38472373689284284 
0.38472373689284284 
0.38472373689284284 
0.38472373689284284 
0.38472373689284284 
0.38472373689284284 
0.38472373689284284 
0.38472373689284284 
0.38472373689284284 
0.38472373689284284 
0.38472373689284284 
0.38472373689284284 
0.38472373689284284 
0.38472373689284284 
0.38472373689284284 
0.38472373689284284 
0.38472373689284284 
0.38472373689284284 
0.38472373689284284 
0.38472373689284284 
0.38472373689284284 
0.38472373689284284 
0.38472373689284284 
0.38472373689284284 
0.38472373689284284 
0.38472373689284284 
0.38472373689284284 
0.38472373689284284 
0.38472373689284284 
0.38472373689284284 
0.38472373689284284 
0.38472373689284284 
0.38472373689284284 
0.38472373689284284 
0.38472373689284284 
0.38472373689284284 
0.38472373689284284 
0.38472373689284284 
0.38472373689284284 
0.38472373689284284 
0.38472373689284284 
0.38472373689284284 
0.38472373689284284 
0.38472373689284284 
0.38472373689284284 
0.38472373689284284 
0.38472373689284284 
0.38472373689284284 
0.38472373689284284 
0.38472373689284284 
0.38472373689284284 
0.38472373689284284 
0.38472373689284284 
0.38472373689284284 
0.38472373689284284 
0.38472373689284284 
0.38472373689284284 
0.38472373689284284 
0.38472373689284284 
0.38472373689284284 
0.38472373689284284 
0.38472373689284284 
0.38472373689284284 
0.38472373689284284 
0.38472373689284284 
0.38472373689284284 
0.38472373689284284 
0.38472373689284284 
0.38472373689284284 
0.38472373689284284 
0.38472373689284284 
0.38472373689284284 
0.38472373689284284 
0.38472373689284284 
0.38472373689284284 
0.38472373689284284 
0.38472373689284284 
0.38472373689284284 
0.38472373689284284 
0.38472373689284284 
0.38472373689284284 
0.38472373689284284 
0.38472373689284284 
0.38472373689284284 
0.38472373689284284 
0.38472373689284284 
0.38472373689284284 
0.38472373689284284 
0.38472373689284284 
0.38472373689284284 
0.38472373689284284 
0.38472373689284284 
0.38472373689284284 
0.38472373689284284 
0.38472373689284284 
0.38472373689284284 
0.38472373689284284 
0.38472373689284284 
0.38472373689284284 
0.38472373689284284 
0.38472373689284284 
0.38472373689284284 
0.38472373689284284 
0.38472373689284284 
0.38472373689284284 
0.38472373689284284 
0.38472373689284284 
0.38472373689284284 
0.38472373689284284 
0.38472373689284284 
0.38472373689284284 
0.38472373689284284 
0.38472373689284284 
0.38472373689284284 
0.38472373689284284 
0.38472373689284284 
0.38472373689284284 
0.38472373689284284 
0.38472373689284284 
0.38472373689284284 
0.38472373689284284 
0.38472373689284284 
0.38472373689284284 
0.38472373689284284 
0.38472373689284284 
0.38472373689284284 
0.38472373689284284 
0.38472373689284284 
0.38472373689284284 
0.38472373689284284 
0.38472373689284284 
0.38472373689284284 
0.38472373689284284 
0.38472373689284284 
0.38472373689284284 
0.38472373689284284 
0.38472373689284284 
0.38472373689284284 
0.38472373689284284 
0.38472373689284284 
0.38472373689284284 
0.38472373689284284 
0.38472373689284284 
0.38472373689284284 
0.38472373689284284 
0.38472373689284284 
0.38472373689284284 
0.38472373689284284 
0.38472373689284284 
0.38472373689284284 
0.38472373689284284 
0.38472373689284284 
0.38472373689284284 
0.38472373689284284 
0.38472373689284284 
0.38472373689284284 
0.38472373689284284 
0.38472373689284284 
0.38472373689284284 
0.38472373689284284 
0.38472373689284284 
0.38472373689284284 
0.38472373689284284 
0.38472373689284284 
0.38472373689284284 
0.38472373689284284 
0.38472373689284284 
0.38472373689284284 
0.38472373689284284 
0.38472373689284284 
0.38472373689284284 
0.38472373689284284 
0.38472373689284284 
0.38472373689284284 
0.38472373689284284 
0.38472373689284284 
0.38472373689284284 
0.38472373689284284 
0.38472373689284284 
0.38472373689284284 
0.38472373689284284 
0.38472373689284284 
0.38472373689284284 
0.38472373689284284 
0.38472373689284284 
0.38472373689284284 
0.38472373689284284 
0.38472373689284284 
0.38472373689284284 
0.38472373689284284 
0.38472373689284284 
0.38472373689284284 
0.38472373689284284 
0.38472373689284284 
0.38472373689284284 
0.38472373689284284 
0.38472373689284284 
0.38472373689284284 
0.38472373689284284 
0.38472373689284284 
0.38472373689284284 
0.38472373689284284 
0.38472373689284284 
0.38472373689284284 
0.38472373689284284 
0.38472373689284284 
0.38472373689284284 
0.38472373689284284 
0.38472373689284284 
0.38472373689284284 
0.38472373689284284 
0.38472373689284284 
0.38472373689284284 
0.38472373689284284 
0.38472373689284284 
0.38472373689284284 
0.38472373689284284 
0.38472373689284284 
0.38472373689284284 
0.38472373689284284 
0.38472373689284284 
0.38472373689284284 
0.38472373689284284 
0.38472373689284284 
0.38472373689284284 
0.38472373689284284 
0.38472373689284284 
0.38472373689284284 
0.38472373689284284 
0.38472373689284284 
0.38472373689284284 
0.38472373689284284 
0.38472373689284284 
0.38472373689284284 
0.38472373689284284 
0.38472373689284284 
0.38472373689284284 
0.38472373689284284 
0.38472373689284284 
0.38472373689284284 
0.38472373689284284 
0.38472373689284284 
0.38472373689284284 
0.38472373689284284 
0.38472373689284284 
0.38472373689284284 
0.38472373689284284 
0.38472373689284284 
0.38472373689284284 
0.38472373689284284 
0.38472373689284284 
0.38472373689284284 
0.38472373689284284 
0.38472373689284284 
0.38472373689284284 
0.38472373689284284 
0.38472373689284284 
0.38472373689284284 
0.38472373689284284 
0.38472373689284284 
0.38472373689284284 
0.38472373689284284 
0.38472373689284284 
0.38472373689284284 
0.38472373689284284 
0.38472373689284284 
0.38472373689284284 
0.38472373689284284 
0.38472373689284284 
0.38472373689284284 
0.38472373689284284 
0.38472373689284284 
0.38472373689284284 
0.38472373689284284 
0.38472373689284284 
0.38472373689284284 
0.38472373689284284 
0.38472373689284284 
0.38472373689284284 
0.38472373689284284 
0.38472373689284284 
0.38472373689284284 
0.38472373689284284 
0.38472373689284284 
0.38472373689284284 
0.38472373689284284 
0.38472373689284284 
0.38472373689284284 
0.38472373689284284 
0.38472373689284284 
0.38472373689284284 
0.38472373689284284 
0.38472373689284284 
0.38472373689284284 
0.38472373689284284 
0.38472373689284284 
0.38472373689284284 
0.38472373689284284 
0.38472373689284284 
0.38472373689284284 
0.38472373689284284 
0.38472373689284284 
0.38472373689284284 
0.38472373689284284 
0.38472373689284284 
0.38472373689284284 
0.38472373689284284 
0.38472373689284284 
0.38472373689284284 
0.38472373689284284 
0.38472373689284284 
0.38472373689284284 
0.38472373689284284 
0.38472373689284284 
0.38472373689284284 
0.38472373689284284 
0.38472373689284284 
0.38472373689284284 
0.38472373689284284 
0.38472373689284284 
0.38472373689284284 
0.38472373689284284 
0.38472373689284284 
0.38472373689284284 
0.38472373689284284 
0.38472373689284284 
0.38472373689284284 
0.38472373689284284 
0.38472373689284284 
0.38472373689284284 
0.38472373689284284 
0.38472373689284284 
0.38472373689284284 
0.38472373689284284 
0.38472373689284284 
0.38472373689284284 
0.38472373689284284 
0.38472373689284284 
0.38472373689284284 
0.38472373689284284 
0.38472373689284284 
0.38472373689284284 
0.38472373689284284 
0.38472373689284284 
0.38472373689284284 
0.38472373689284284 
0.38472373689284284 
0.38472373689284284 
0.38472373689284284 
0.38472373689284284 
0.38472373689284284 
0.38472373689284284 
0.38472373689284284 
0.38472373689284284 
0.38472373689284284 
0.38472373689284284 
0.38472373689284284 
0.38472373689284284 
0.38472373689284284 
0.38472373689284284 
0.38472373689284284 
0.38472373689284284 
0.38472373689284284 
0.38472373689284284 
0.38472373689284284 
0.38472373689284284 
0.38472373689284284 
0.38472373689284284 
0.38472373689284284 
0.38472373689284284 
0.38472373689284284 
0.38472373689284284 
0.38472373689284284 
0.38472373689284284 
0.38472373689284284 
0.38472373689284284 
0.38472373689284284 
0.38472373689284284 
0.38472373689284284 
0.38472373689284284 
0.38472373689284284 
0.38472373689284284 
0.38472373689284284 
0.38472373689284284 
0.38472373689284284 
0.38472373689284284 
0.38472373689284284 
0.38472373689284284 
0.38472373689284284 
0.38472373689284284 
0.38472373689284284 
0.38472373689284284 
0.38472373689284284 
0.38472373689284284 
0.38472373689284284 
0.38472373689284284 
0.38472373689284284 
0.38472373689284284 
0.38472373689284284 
0.38472373689284284 
0.38472373689284284 
0.38472373689284284 
0.38472373689284284 
0.38472373689284284 
0.38472373689284284 
0.38472373689284284 
0.38472373689284284 
0.38472373689284284 
0.38472373689284284 
0.38472373689284284 
0.38472373689284284 
0.38472373689284284 
0.38472373689284284 
0.38472373689284284 
0.38472373689284284 
0.38472373689284284 
0.38472373689284284 
0.38472373689284284 
0.38472373689284284 
0.38472373689284284 
0.38472373689284284 
0.38472373689284284 
0.38472373689284284 
0.38472373689284284 
0.38472373689284284 
0.38472373689284284 
0.38472373689284284 
0.38472373689284284 
0.38472373689284284 
0.38472373689284284 
0.38472373689284284 
0.38472373689284284 
0.38472373689284284 
0.38472373689284284 
0.38472373689284284 
0.38472373689284284 
0.38472373689284284 
0.38472373689284284 
0.38472373689284284 
0.38472373689284284 
0.38472373689284284 
0.38472373689284284 
0.38472373689284284 
0.38472373689284284 
0.38472373689284284 
0.38472373689284284 
0.38472373689284284 
0.38472373689284284 
0.38472373689284284 
0.38472373689284284 
0.38472373689284284 
0.38472373689284284 
0.38472373689284284 
0.38472373689284284 
0.38472373689284284 
0.38472373689284284 
0.38472373689284284 
0.38472373689284284 
0.38472373689284284 
0.38472373689284284 
0.38472373689284284 
0.38472373689284284 
0.38472373689284284 
0.38472373689284284 
0.38472373689284284 
0.38472373689284284 
0.38472373689284284 
0.38472373689284284 
0.38472373689284284 
0.38472373689284284 
0.38472373689284284 
0.38472373689284284 
0.38472373689284284 
0.38472373689284284 
0.38472373689284284 
0.38472373689284284 
0.38472373689284284 
0.38472373689284284 
0.38472373689284284 
0.38472373689284284 
0.38472373689284284 
0.38472373689284284 
0.38472373689284284 
0.38472373689284284 
0.38472373689284284 
0.38472373689284284 
0.38472373689284284 
0.38472373689284284 
0.38472373689284284 
0.38472373689284284 
0.38472373689284284 
0.38472373689284284 
0.38472373689284284 
0.38472373689284284 
0.38472373689284284 
0.38472373689284284 
0.38472373689284284 
0.38472373689284284 
0.38472373689284284 
0.38472373689284284 
0.38472373689284284 
0.38472373689284284 
0.38472373689284284 
0.38472373689284284 
0.38472373689284284 
0.38472373689284284 
0.38472373689284284 
0.38472373689284284 
0.38472373689284284 
0.38472373689284284 
0.38472373689284284 
0.38472373689284284 
0.38472373689284284 
0.38472373689284284 
0.38472373689284284 
0.38472373689284284 
0.38472373689284284 
0.38472373689284284 
0.38472373689284284 
0.38472373689284284 
0.38472373689284284 
0.38472373689284284 
0.38472373689284284 
0.38472373689284284 
0.38472373689284284 
0.38472373689284284 
0.38472373689284284 
0.38472373689284284 
0.38472373689284284 
0.38472373689284284 
0.38472373689284284 
0.38472373689284284 
0.38472373689284284 
0.38472373689284284 
0.38472373689284284 
0.38472373689284284 
0.38472373689284284 
0.38472373689284284 
0.38472373689284284 
0.38472373689284284 
0.38472373689284284 
0.38472373689284284 
0.38472373689284284 
0.38472373689284284 
0.38472373689284284 
0.38472373689284284 
0.38472373689284284 
0.38472373689284284 
0.38472373689284284 
0.38472373689284284 
0.38472373689284284 
0.38472373689284284 
0.38472373689284284 
0.38472373689284284 
0.38472373689284284 
0.38472373689284284 
0.38472373689284284 
0.38472373689284284 
0.38472373689284284 
0.38472373689284284 
0.38472373689284284 
0.38472373689284284 
0.38472373689284284 
0.38472373689284284 
0.38472373689284284 
0.38472373689284284 
0.38472373689284284 
0.38472373689284284 
0.38472373689284284 
0.38472373689284284 
0.38472373689284284 
0.38472373689284284 
0.38472373689284284 
0.38472373689284284 
0.38472373689284284 
0.38472373689284284 
0.38472373689284284 
0.38472373689284284 
0.38472373689284284 
0.38472373689284284 
0.38472373689284284 
0.38472373689284284 
0.38472373689284284 
0.38472373689284284 
0.38472373689284284 
0.38472373689284284 
0.38472373689284284 
0.38472373689284284 
0.38472373689284284 
0.38472373689284284 
0.38472373689284284 
0.38472373689284284 
0.38472373689284284 
0.38472373689284284 
0.38472373689284284 
0.38472373689284284 
0.38472373689284284 
0.38472373689284284 
0.38472373689284284 
0.38472373689284284 
0.38472373689284284 
0.38472373689284284 
0.38472373689284284 
0.38472373689284284 
0.38472373689284284 
0.38472373689284284 
0.38472373689284284 
0.38472373689284284 
0.38472373689284284 
0.38472373689284284 
0.38472373689284284 
0.38472373689284284 
0.38472373689284284 
0.38472373689284284 
0.38472373689284284 
0.38472373689284284 
0.38472373689284284 
0.38472373689284284 
0.38472373689284284 
0.38472373689284284 
0.38472373689284284 
0.38472373689284284 
0.38472373689284284 
0.38472373689284284 
0.38472373689284284 
0.38472373689284284 
0.38472373689284284 
0.38472373689284284 
0.38472373689284284 
0.38472373689284284 
0.38472373689284284 
0.38472373689284284 
0.38472373689284284 
0.38472373689284284 
0.38472373689284284 
0.38472373689284284 
0.38472373689284284 
0.38472373689284284 
0.38472373689284284 
0.38472373689284284 
0.38472373689284284 
0.38472373689284284 
0.38472373689284284 
0.38472373689284284 
0.38472373689284284 
0.38472373689284284 
0.38472373689284284 
0.38472373689284284 
0.38472373689284284 
0.38472373689284284 
0.38472373689284284 
0.38472373689284284 
0.38472373689284284 
0.38472373689284284 
0.38472373689284284 
0.38472373689284284 
0.38472373689284284 
0.38472373689284284 
0.38472373689284284 
0.38472373689284284 
0.38472373689284284 
0.38472373689284284 
0.38472373689284284 
0.38472373689284284 
0.38472373689284284 
0.38472373689284284 
0.38472373689284284 
0.38472373689284284 
0.38472373689284284 
0.38472373689284284 
0.38472373689284284 
0.38472373689284284 
0.38472373689284284 
0.38472373689284284 
0.38472373689284284 
0.38472373689284284 
0.38472373689284284 
0.38472373689284284 
0.38472373689284284 
0.38472373689284284 
0.38472373689284284 
0.38472373689284284 
0.38472373689284284 
0.38472373689284284 
0.38472373689284284 
0.38472373689284284 
0.38472373689284284 
0.38472373689284284 
0.38472373689284284 
0.38472373689284284 
0.38472373689284284 
0.38472373689284284 
0.38472373689284284 
0.38472373689284284 
0.38472373689284284 
0.38472373689284284 
0.38472373689284284 
0.38472373689284284 
0.38472373689284284 
0.38472373689284284 
0.38472373689284284 
0.38472373689284284 
0.38472373689284284 
0.38472373689284284 
0.38472373689284284 
0.38472373689284284 
0.38472373689284284 
0.38472373689284284 
0.38472373689284284 
0.38472373689284284 
0.38472373689284284 
0.38472373689284284 
0.38472373689284284 
0.38472373689284284 
0.38472373689284284 
0.38472373689284284 
0.38472373689284284 
0.38472373689284284 
0.38472373689284284 
0.38472373689284284 
0.38472373689284284 
0.38472373689284284 
0.38472373689284284 
0.38472373689284284 
0.38472373689284284 
0.38472373689284284 
0.38472373689284284 
0.38472373689284284 
0.38472373689284284 
0.38472373689284284 
0.38472373689284284 
0.38472373689284284 
0.38472373689284284 
0.38472373689284284 
0.38472373689284284 
0.38472373689284284 
0.38472373689284284 
0.38472373689284284 
0.38472373689284284 
0.38472373689284284 
0.38472373689284284 
0.38472373689284284 
0.38472373689284284 
0.38472373689284284 
0.38472373689284284 
0.38472373689284284 
0.38472373689284284 
0.38472373689284284 
0.38472373689284284 
0.38472373689284284 
0.38472373689284284 
0.38472373689284284 
0.38472373689284284 
0.38472373689284284 
0.38472373689284284 
0.38472373689284284 
0.38472373689284284 
0.38472373689284284 
0.38472373689284284 
0.38472373689284284 
0.38472373689284284 
0.38472373689284284 
0.38472373689284284 
0.38472373689284284 
0.38472373689284284 
0.38472373689284284 
0.38472373689284284 
0.38472373689284284 
0.38472373689284284 
0.38472373689284284 
0.38472373689284284 
0.38472373689284284 
0.38472373689284284 
0.38472373689284284 
0.38472373689284284 
0.38472373689284284 
0.38472373689284284 
0.38472373689284284 
0.38472373689284284 
0.38472373689284284 
0.38472373689284284 
0.38472373689284284 
0.38472373689284284 
0.38472373689284284 
0.38472373689284284 
0.38472373689284284 
0.38472373689284284 
0.38472373689284284 
0.38472373689284284 
0.38472373689284284 
0.38472373689284284 
0.38472373689284284 
0.38472373689284284 
0.38472373689284284 
0.38472373689284284 
0.38472373689284284 
0.38472373689284284 
0.38472373689284284 
0.38472373689284284 
0.38472373689284284 
0.38472373689284284 
0.38472373689284284 
0.38472373689284284 
0.38472373689284284 
0.38472373689284284 
0.38472373689284284 
0.38472373689284284 
0.38472373689284284 
0.38472373689284284 
0.38472373689284284 
0.38472373689284284 
0.38472373689284284 
0.38472373689284284 
0.38472373689284284 
0.38472373689284284 
0.38472373689284284 
0.38472373689284284 
0.38472373689284284 
0.38472373689284284 
0.38472373689284284 
0.38472373689284284 
0.38472373689284284 
0.38472373689284284 
0.38472373689284284 
0.38472373689284284 
0.38472373689284284 
0.38472373689284284 
0.38472373689284284 
0.38472373689284284 
0.38472373689284284 
0.38472373689284284 
0.38472373689284284 
0.38472373689284284 
0.38472373689284284 
0.38472373689284284 
0.38472373689284284 
0.38472373689284284 
0.38472373689284284 
0.38472373689284284 
0.38472373689284284 
0.38472373689284284 
0.38472373689284284 
0.38472373689284284 
0.38472373689284284 
0.38472373689284284 
0.38472373689284284 
0.38472373689284284 
0.38472373689284284 
0.38472373689284284 
0.38472373689284284 
0.38472373689284284 
0.38472373689284284 
0.38472373689284284 
0.38472373689284284 
0.38472373689284284 
0.38472373689284284 
0.38472373689284284 
0.38472373689284284 
0.38472373689284284 
0.38472373689284284 
0.38472373689284284 
0.38472373689284284 
0.38472373689284284 
0.38472373689284284 
0.38472373689284284 
0.38472373689284284 
0.38472373689284284 
0.38472373689284284 
0.38472373689284284 
0.38472373689284284 
0.38472373689284284 
0.38472373689284284 
0.38472373689284284 
0.38472373689284284 
0.38472373689284284 
0.38472373689284284 
0.38472373689284284 
0.38472373689284284 
0.38472373689284284 
0.38472373689284284 
0.38472373689284284 
0.38472373689284284 
0.38472373689284284 
0.38472373689284284 
0.38472373689284284 
0.38472373689284284 
0.38472373689284284 
0.38472373689284284 
0.38472373689284284 
0.38472373689284284 
0.38472373689284284 
0.38472373689284284 
0.38472373689284284 
0.38472373689284284 
0.38472373689284284 
0.38472373689284284 
0.38472373689284284 
0.38472373689284284 
0.38472373689284284 
0.38472373689284284 
0.38472373689284284 
0.38472373689284284 
0.38472373689284284 
0.38472373689284284 
0.38472373689284284 
0.38472373689284284 
0.38472373689284284 
0.38472373689284284 
0.38472373689284284 
0.38472373689284284 
0.38472373689284284 
0.38472373689284284 
0.38472373689284284 
0.38472373689284284 
0.38472373689284284 
0.38472373689284284 
0.38472373689284284 
0.38472373689284284 
0.38472373689284284 
0.38472373689284284 
0.38472373689284284 
0.38472373689284284 
0.38472373689284284 
0.38472373689284284 
0.38472373689284284 
0.38472373689284284 
0.38472373689284284 
0.38472373689284284 
0.38472373689284284 
0.38472373689284284 
0.38472373689284284 
0.38472373689284284 
0.38472373689284284 
0.38472373689284284 
0.38472373689284284 
0.38472373689284284 
0.38472373689284284 
0.38472373689284284 
0.38472373689284284 
0.38472373689284284 
0.38472373689284284 
0.38472373689284284 
0.38472373689284284 
0.38472373689284284 
0.38472373689284284 
0.38472373689284284 
0.38472373689284284 
0.38472373689284284 
0.38472373689284284 
0.38472373689284284 
0.38472373689284284 
0.38472373689284284 
0.38472373689284284 
0.38472373689284284 
0.38472373689284284 
0.38472373689284284 
0.38472373689284284 
0.38472373689284284 
0.38472373689284284 
0.38472373689284284 
0.38472373689284284 
0.38472373689284284 
0.38472373689284284 
0.38472373689284284 
0.38472373689284284 
0.38472373689284284 
0.38472373689284284 
