0.01625728341390406 
0.016212530462577396 
0.01618270681931796 
0.016147749812280347 
0.016118211315155288 
0.016078455647231794 
0.016072386257180358 
0.016065991908375904 
0.01601019475209468 
0.016013722115735617 
0.01602229646461455 
0.015981277045342777 
0.01593361227091961 
0.01589151018625983 
0.015838341327298132 
0.015810445155023306 
0.01580577109792496 
0.015794072812292594 
0.015758976616519232 
0.01574252635379722 
0.015721355666735614 
0.015693740917958342 
0.015684415704768858 
0.01567333735998814 
0.01565575881265421 
0.015618540776909986 
0.015600736392875817 
0.01555865495471893 
0.015550930004343792 
0.015553388826876282 
0.015544310856387298 
0.015532852410294768 
0.01550191936503348 
0.015491594624182497 
0.015470924471407648 
0.015462762495750881 
0.01544082692086146 
0.015405920939690686 
0.015376657634219472 
0.015345409737116828 
0.015363549589857157 
0.015359022885587478 
0.015350363643901077 
0.015348954361779828 
0.015334194990282341 
0.01533568700776069 
0.015311747124348678 
0.015277233257366988 
0.015280366487751528 
0.015256272677164628 
0.015245781580489733 
0.01523528325959186 
0.015204976027603593 
0.015183915700503607 
0.015167280573655913 
0.015144511349000335 
0.015135010538483283 
0.015118287733734928 
0.015112133403328598 
0.015101542172904063 
0.015090943509270718 
0.015087448558321583 
0.015096277686900172 
0.015094488530586257 
0.015092682200324763 
0.015105836752725747 
0.01508901799322938 
0.015100243176849834 
0.015085825930322807 
0.015060707021916335 
0.015044107949625992 
0.01504611577783449 
0.0150484146673329 
0.015033692294310137 
0.015044448278351719 
0.015038076472740787 
0.015035956903370002 
0.01504233811613075 
0.015031697708509175 
0.01501891926870905 
0.015012519575341108 
0.014999699196983917 
0.014982603245097294 
0.014973974221962585 
0.014971760083570672 
0.014969528516289349 
0.014958526130605247 
0.014947408604838498 
0.014958108971390736 
0.014934360917026213 
0.01491291842665278 
0.014908179768167542 
0.014929629064380667 
0.014931392969177388 
0.014923075286280639 
0.014923075286280639 
0.014920673443246452 
0.01491167381617503 
0.014922399807001552 
0.014930675001486036 
0.014936452055290775 
0.014919129197107988 
0.014921617070545672 
0.014904281264120052 
0.014915012571231713 
0.014917492550693632 
0.014917492550693632 
0.014916623746679404 
0.014931446547471548 
0.014916623746679404 
0.014920727060032966 
0.01491819613760323 
0.014907467122217643 
0.014898266207851165 
0.014902348808157726 
0.014891608375189026 
0.014887522829537491 
0.014894178191494823 
0.014883431862309176 
0.014884943264923789 
0.014878270867274866 
0.0148541366628963 
0.01483808289503735 
0.014824628157225395 
0.014817889728298022 
0.014804390700059223 
0.0148016755808253 
0.014788127129559037 
0.014796191942523589 
0.014779815425099192 
0.014801450739707917 
0.01480945643837072 
0.014817440534721237 
0.014804920263209795 
0.014784370125236989 
0.014784370125236989 
0.014791227670480906 
0.014799143759015252 
0.014788328370711819 
0.014799143759015252 
0.014799143759015252 
0.014792281230425551 
0.014792281230425551 
0.014774585747153792 
0.014760812985740317 
0.014774585747153792 
0.01477164852005354 
0.014782476111937403 
0.014797230011052744 
0.014775588516197926 
0.01480410753811252 
0.014815885528715454 
0.014826680815340972 
0.014809923159827671 
0.014796105433525403 
0.014778362561528932 
0.01477532212846813 
0.01478388528094019 
0.014773814673265669 
0.014797783617826014 
0.014815524830393285 
0.01480472140906407 
0.014814693246908626 
0.014814693246908626 
0.014796964012931844 
0.014814693246908626 
0.014822449999915667 
0.014815524830393285 
0.014823255243029448 
0.014809372167651134 
0.014813224362035431 
0.014810113301389696 
0.014817071235571489 
0.014820172198729675 
0.014813224362035431 
0.014809372167651134 
0.014806268942579694 
0.014806268942579694 
0.014813224362035431 
0.014806268942579694 
0.014802419261728808 
0.014809372167651132 
0.014806268942579694 
0.014806268942579694 
0.014802419261728808 
0.014788490659969327 
0.014803147773362262 
0.014813952342302173 
0.014820912792402496 
0.014828579972472077 
0.014833067922719156 
0.014850818697970829 
0.014854625676872507 
0.014866014933397582 
0.01487298544341384 
0.014897647599537317 
0.014897647599537317 
0.014883739315104925 
0.014886903774794813 
0.014876152190670813 
0.014890697230150105 
0.01488752497898828 
0.01488752497898828 
0.014898268355751951 
0.014919112037919685 
0.014933615235434454 
0.014933615235434454 
0.014926677326183479 
0.014912778949612309 
0.014930452103000764 
0.014923504146144765 
0.014927271150481591 
0.014937985941886542 
0.014931032918053594 
0.014931032918053594 
0.014927826365549674 
0.01492085573953451 
0.014917621258096078 
0.014910632984551664 
0.014928342975695594 
0.014928820984927108 
0.014932543788651682 
0.014936261379609022 
0.014943254799406986 
0.014943254799406986 
0.014946969726335836 
0.014950679449443094 
0.014943680938778103 
0.014936674864239363 
0.014929661215178327 
0.014936674864239363 
0.014947382914744643 
0.014951079693453582 
0.014958083299674461 
0.014972067859851562 
0.014972467532107056 
0.014972467532107056 
0.014965466380971895 
0.014965466380971895 
0.014976153845363636 
0.014976153845363636 
0.014976153845363636 
0.014969150142877183 
0.014972828724058791 
0.01496581491266012 
0.01496581491266012 
0.014958793534239316 
0.014972828724058791 
0.014972828724058791 
0.014972828724058791 
0.014976502128334242 
0.014980170359511937 
0.014973151438491497 
0.014969782897557331 
0.014962746271991652 
0.014962746271991652 
0.014962746271991649 
0.014955702056406445 
0.014955702056406445 
0.014948650240071845 
0.014948650240071845 
0.014952295342187434 
0.01494523335381552 
0.014941798553052442 
0.014941798553052442 
0.014945428197278256 
0.014945428197278256 
0.014952502934291637 
0.014952502934291637 
0.014959570047297482 
0.014952502934291637 
0.014952502934291637 
0.014956129980713596 
0.014952672002020242 
0.014945584498439666 
0.01495267200202024 
0.014945584498439664 
0.014942098380080355 
0.014942098380080355 
0.014934993003011416 
0.014938594311380171 
0.014924355396465201 
0.014924355396465201 
0.014927946409335747 
0.014927946409335747 
0.01493866071640962 
0.01493866071640962 
0.01493866071640962 
0.0149493009870027 
0.014942190468602654 
0.014942190468602654 
0.014935072279704573 
0.014931532272342314 
0.014935112989194288 
0.014935112989194288 
0.014942244008180297 
0.014942244008180297 
0.01494936734447314 
0.01493866071640962 
0.014942244008180297 
0.014935112989194288 
0.014938688563592185 
0.01494225899922766 
0.01494225899922766 
0.01494225899922766 
0.014963644475862157 
0.014963644475862157 
0.014963644475862157 
0.014963644475862157 
0.014963644475862157 
0.014963644475862157 
0.014956523660262766 
0.014963644475862157 
0.014963644475862157 
0.014963644475862157 
0.014963644475862157 
0.014970757629458837 
0.014992051227233716 
0.014992051227233716 
0.014992051227233716 
0.014992051227233716 
0.014992051227233716 
0.01499563456476584 
0.014999212779342786 
0.015002785874630085 
0.015002785874630085 
0.015013446772810033 
0.015013446772810033 
0.015020532081121495 
0.015016958946471154 
0.015016958946471154 
0.015002785874630085 
0.015006353854284525 
0.015006353854284525 
0.015006353854284525 
0.014999253314748702 
0.014999253314748702 
0.014995687913530342 
0.014995687913530342 
0.014995687913530342 
0.015002785874630085 
0.015006353854284525 
0.015013446772810033 
0.015020532081121495 
0.015020532081121495 
0.015027609789983236 
0.015027609789983236 
0.015027609789983236 
0.015027609789983236 
0.015027609789983236 
0.015027609789983236 
0.015027609789983236 
0.015027609789983236 
0.015034679910127784 
0.015041742452255988 
0.015052375759327828 
0.015055948990349295 
0.015055948990349295 
0.015055948990349295 
0.015055948990349295 
0.015059517123732751 
0.015066572271090727 
0.015070137889216541 
0.01506308016310077 
0.01506308016310077 
0.015066638112067337 
0.015066638112067337 
0.015073698418105623 
0.015073698418105623 
0.015084309198634188 
0.015087862141469876 
0.015087862141469876 
0.015087862141469876 
0.015091410007020549 
0.015094952798866246 
0.015094952798866246 
0.015094952798866246 
0.015102023175720531 
0.015102023175720531 
0.015094954918779983 
0.015094954918779983 
0.015098479923488988 
0.015094918880206015 
0.015094918880206015 
0.015094918880206015 
0.015094918880206015 
0.015094918880206015 
0.015087830327784046 
0.015087830327784046 
0.01508073419963365 
0.01508073419963365 
0.015073630485055682 
0.015073630485055682 
0.01508073419963365 
0.01508073419963365 
0.01508073419963365 
0.015094918880206015 
0.015101999867567207 
0.015101999867567207 
0.015101999867567207 
0.015101999867567207 
0.015101999867567207 
0.015112590777229427 
0.015119659255419747 
0.015119659255419747 
0.015119659255419747 
0.015119659255419747 
0.015126720199699604 
0.015119659255419747 
0.015119659255419747 
0.015126720199699604 
0.015130248378661866 
0.015130248378661866 
0.015144327518909515 
0.015151355846920102 
0.015151355846920102 
0.015151355846920102 
0.015151355846920102 
0.015154888848157218 
0.015154888848157218 
0.015158416803874999 
0.015158416803874999 
0.015158416803874999 
0.015158416803874999 
0.01515488884815722 
0.01515488884815722 
0.015158416803874999 
0.015158416803874999 
0.015158416803874999 
0.015158416803874999 
0.015158416803874999 
0.015161939717595503 
0.015161939717595503 
0.015175989457033768 
0.01516896832352154 
0.01516896832352154 
0.015172488787275474 
0.015172488787275474 
0.015172488787275474 
0.01516896832352154 
0.01516896832352154 
0.015175989457033768 
0.015172488787275474 
0.015176004217184442 
0.01517951461674582 
0.015172478241869387 
0.015172478241869387 
0.015168970433091365 
0.015168970433091365 
0.015168970433091365 
0.015168970433091365 
0.01517951461674582 
0.01517951461674582 
0.01517951461674582 
0.015176004217184442 
0.015176004217184442 
0.015176004217184442 
0.015176004217184442 
0.015176004217184442 
0.015176004217184442 
0.015183030527533033 
0.015183030527533033 
0.015183030527533033 
0.015190049374508298 
0.015197075508136426 
0.01520409208075247 
0.015207600205160576 
0.015214611924068257 
0.015214611924068257 
0.015214611924068257 
0.015214611924068257 
0.015214611924068257 
0.015214611924068257 
0.015214611924068257 
0.015221616208537118 
0.015228613068825409 
0.015228613068825409 
0.01523560251516165 
0.01523560251516165 
0.01524258455774479 
0.01524258455774479 
0.01523911598485949 
0.01523911598485949 
0.015246100616223151 
0.015246100616223151 
0.015246100616223151 
0.015246100616223151 
0.015246100616223151 
0.015253077853338322 
0.015253077853338322 
0.015253077853338322 
0.015253077853338322 
0.015253077853338322 
0.015253077853338322 
0.015253077853338322 
0.015260047706347446 
0.015260047706347446 
0.015260047706347446 
0.015260047706347446 
0.015260047706347446 
0.015267010185363732 
0.015273965300471254 
0.015273965300471254 
0.015273965300471254 
0.015277486704297929 
0.015277486704297929 
0.015277486704297929 
0.015281003108434993 
0.01528451451633319 
0.01528451451633319 
0.015277551636306126 
0.015277551636306126 
0.015277551636306126 
0.015277551636306126 
0.015277551636306126 
0.015281055460929394 
0.015281055460929394 
0.015281055460929394 
0.015281055460929394 
0.015288048142258058 
0.015288048142258058 
0.015288048142258058 
0.015288048142258058 
0.015274084718895598 
0.015270596059093438 
0.015270596059093438 
0.015270596059093438 
0.015270596059093438 
0.015270596059093438 
0.015270596059093438 
0.015267102410084237 
0.015267102410084237 
0.015260114809528793 
0.015260114809528793 
0.015260114809528793 
0.015260114809528793 
0.015267102410084237 
0.015270596059093436 
0.015270596059093436 
0.015270596059093436 
0.015270596059093436 
0.015270596059093436 
0.015270596059093436 
0.015270596059093436 
0.015270596059093436 
0.015270596059093436 
0.015274084718895598 
0.015274084718895598 
0.015274084718895598 
0.015274084718895598 
0.015274084718895598 
0.015274084718895598 
0.015274084718895598 
0.015281070119595681 
0.015281070119595681 
0.015281070119595681 
0.015284556388721265 
0.015284556388721265 
0.015284556388721265 
0.015284556388721265 
0.015284556388721265 
0.015284556388721265 
0.015284556388721265 
0.015284556388721265 
0.015284556388721265 
0.015284556388721265 
0.015291513986522067 
0.015291513986522067 
0.015291513986522067 
0.015291513986522067 
0.015291513986522067 
0.015291513986522067 
0.015291513986522067 
0.015291513986522067 
0.015294985321993611 
0.015294985321993611 
0.015294985321993611 
0.015294985321993611 
0.015294985321993611 
0.015294985321993611 
0.015294985321993611 
0.015294985321993611 
0.015294985321993611 
0.015294985321993611 
0.01530197372890177 
0.01530197372890177 
0.01530197372890177 
0.01530197372890177 
0.01530197372890177 
0.01530197372890177 
0.01530197372890177 
0.01530197372890177 
0.015315928440679005 
0.015315928440679005 
0.015315928440679005 
0.015315928440679005 
0.015315928440679005 
0.015315928440679005 
0.015315928440679005 
0.015315928440679005 
0.01531940259931829 
0.015315928440679005 
0.015315928440679005 
0.015315928440679005 
0.015315928440679005 
0.015315928440679005 
0.01531940259931829 
0.01531940259931829 
0.01531940259931829 
0.01531940259931829 
0.01531940259931829 
0.01531940259931829 
0.01531940259931829 
0.01531940259931829 
0.01531940259931829 
0.01531940259931829 
0.01531940259931829 
0.01531940259931829 
0.01531940259931829 
0.015312426326353377 
0.015312426326353377 
0.015312426326353377 
0.015312426326353377 
0.01531940259931829 
0.015322871793498762 
0.015322871793498762 
0.015322871793498762 
0.015326336026591614 
0.015326336026591614 
0.015329795301960167 
0.015329795301960167 
0.015329795301960167 
0.015329795301960167 
0.015336772020213378 
0.015336772020213378 
0.015336772020213378 
0.015336772020213378 
0.015336772020213378 
0.015336772020213378 
0.015336772020213378 
0.015336772020213378 
0.015336772020213378 
0.015336772020213378 
0.015336772020213378 
0.015336772020213378 
0.015336772020213378 
0.015336772020213378 
0.015336772020213378 
0.015336772020213378 
0.015336772020213378 
0.015336772020213378 
0.015336772020213378 
0.015340228942228994 
0.015340228942228994 
0.015340228942228994 
0.015340228942228994 
0.015340228942228994 
0.015340228942228994 
0.015340228942228994 
0.015340228942228994 
0.015340228942228994 
0.015340228942228994 
0.015347200917431166 
0.015347200917431166 
0.015347200917431166 
0.015347200917431166 
0.015340228942228994 
0.015340228942228994 
0.015340228942228994 
0.015340228942228994 
0.015340228942228994 
0.015350655490890281 
0.015350655490890281 
0.015350655490890281 
0.015350655490890281 
0.015350655490890281 
0.015350655490890281 
0.015350655490890281 
0.015350655490890281 
0.015350655490890281 
0.015350655490890281 
0.015350655490890281 
0.015350655490890281 
0.015350655490890281 
0.015350655490890281 
0.015364582649717497 
0.015364582649717497 
0.015364582649717497 
0.015364582649717497 
0.015364582649717497 
0.015364582649717497 
0.015364582649717497 
0.015364582649717497 
0.015364582649717497 
0.015364582649717497 
0.015364582649717497 
0.015364582649717497 
0.015364582649717497 
0.015364582649717497 
0.015364582649717497 
0.015364582649717497 
0.015371535251886845 
0.015371535251886845 
0.015371535251886845 
0.015371535251886845 
0.015371535251886845 
0.015371535251886845 
0.015371535251886845 
0.015371535251886845 
0.015371535251886845 
0.015371535251886845 
0.015371535251886845 
0.015371535251886845 
0.015371535251886845 
0.015371535251886845 
0.015371535251886845 
0.015371535251886845 
0.015371535251886845 
0.015374992682925089 
0.015374992682925089 
0.015374992682925089 
0.015374992682925089 
0.015374992682925089 
0.015374992682925089 
0.015374992682925089 
0.015374992682925089 
0.015374992682925089 
0.015374992682925089 
0.015368037480433215 
0.015368037480433215 
0.015368037480433215 
0.015371487371103686 
0.015371487371103686 
0.015371487371103686 
0.015371487371103686 
0.015371487371103686 
0.015371487371103686 
0.015371487371103686 
0.015371487371103686 
0.015371487371103686 
0.015374932325054314 
0.015374932325054314 
0.015374932325054314 
0.015374932325054314 
0.015374932325054314 
0.015374932325054314 
0.015374932325054314 
0.015374932325054314 
0.015374932325054314 
0.015374932325054314 
0.015374932325054314 
0.015374932325054314 
0.015374932325054314 
0.015374932325054314 
0.015374932325054314 
0.015374932325054314 
0.015378372345602768 
0.015378372345602768 
0.015385335355461056 
0.015385335355461056 
0.015385335355461056 
0.015385335355461056 
0.015385335355461056 
0.015385335355461056 
0.015385335355461056 
0.015381807436059002 
0.015381807436059002 
0.015381807436059002 
0.015381807436059002 
0.015381807436059002 
0.015385237599725264 
0.015385237599725264 
0.015385237599725264 
0.015385237599725264 
0.015385237599725264 
0.015385237599725264 
0.015385237599725264 
0.015381807436059002 
0.015381807436059002 
0.015381807436059002 
0.015381807436059002 
0.015381807436059002 
0.015381807436059002 
0.015381807436059002 
0.015381807436059002 
0.015381807436059002 
0.015381807436059002 
0.015381807436059002 
0.015381807436059002 
0.015381807436059002 
0.015381807436059002 
0.015381807436059002 
0.015381807436059002 
0.015381807436059002 
0.015381807436059002 
0.015381807436059002 
0.015381807436059002 
0.015381807436059002 
0.015381807436059002 
0.015381807436059002 
0.015381807436059002 
0.015381807436059002 
0.015381807436059002 
0.015381807436059002 
0.015381807436059002 
0.015381807436059002 
0.015381807436059002 
0.015381807436059002 
0.015381807436059002 
0.015385335355461058 
0.015385335355461058 
0.015385335355461058 
0.015378372345602768 
0.015378372345602768 
0.015378372345602768 
0.015378372345602768 
0.015378372345602768 
0.015378372345602768 
0.015378372345602768 
0.015378372345602768 
0.015378372345602768 
0.015378372345602768 
0.015378372345602768 
0.015378372345602768 
0.015378372345602768 
0.015378372345602768 
0.015378372345602768 
0.015378372345602768 
0.015378372345602768 
0.015378372345602768 
0.015378372345602768 
0.015378372345602768 
0.015378372345602768 
0.015378372345602768 
0.015385335355461056 
0.015385335355461056 
0.015385335355461056 
0.015385335355461056 
0.015385335355461056 
0.015385335355461056 
0.015385335355461056 
0.015388773050506656 
0.015388773050506656 
0.015388773050506656 
0.015388773050506656 
0.015388773050506656 
0.015388773050506656 
0.015388773050506656 
0.015388773050506656 
0.015385335355461056 
0.015385335355461056 
0.01539229105753916 
0.01539229105753916 
0.01539229105753916 
0.01539229105753916 
0.01539229105753916 
0.01539229105753916 
0.01539229105753916 
0.01539229105753916 
0.01539229105753916 
0.01539229105753916 
0.01539229105753916 
0.01539229105753916 
0.01539229105753916 
0.01539229105753916 
0.01539229105753916 
0.01539229105753916 
0.01539229105753916 
0.01539229105753916 
0.01539229105753916 
0.01539229105753916 
0.01539229105753916 
0.01539229105753916 
0.01539229105753916 
0.01539229105753916 
0.01539229105753916 
0.01539229105753916 
0.01539229105753916 
0.01539229105753916 
0.01539229105753916 
0.01539229105753916 
0.01539229105753916 
0.01539229105753916 
0.01539229105753916 
0.01539229105753916 
0.01539229105753916 
0.01539229105753916 
0.01539229105753916 
0.01539229105753916 
0.01539229105753916 
0.01539229105753916 
0.01539229105753916 
0.01539229105753916 
0.01539229105753916 
0.01539229105753916 
0.01539229105753916 
0.01539229105753916 
0.015399239461739662 
0.015399239461739662 
0.015399239461739662 
0.015399239461739662 
0.01540268236379625 
0.01540268236379625 
0.01540268236379625 
0.01540268236379625 
0.01540268236379625 
0.01540268236379625 
0.01540268236379625 
0.01540268236379625 
0.01540268236379625 
0.01540268236379625 
0.01540268236379625 
0.01540268236379625 
0.01540268236379625 
0.01540268236379625 
0.01540268236379625 
0.01540268236379625 
0.01540268236379625 
0.01540268236379625 
0.01540268236379625 
0.01540268236379625 
0.01540268236379625 
0.01540268236379625 
0.01540268236379625 
0.01540268236379625 
0.01540268236379625 
0.01540268236379625 
0.01540268236379625 
0.01540268236379625 
0.01540268236379625 
0.01540268236379625 
0.01540962608242004 
0.01540962608242004 
0.01540962608242004 
0.01540962608242004 
0.01540962608242004 
0.01540962608242004 
0.01540962608242004 
0.01540962608242004 
0.01540962608242004 
0.01540962608242004 
0.01540962608242004 
0.01540962608242004 
0.01540962608242004 
0.01540962608242004 
0.01540962608242004 
0.01540962608242004 
0.01540962608242004 
0.01540962608242004 
0.01540962608242004 
0.01540962608242004 
0.01540962608242004 
0.01540962608242004 
0.01540962608242004 
0.01540962608242004 
0.01540962608242004 
0.01540962608242004 
0.01540962608242004 
0.01540962608242004 
0.01540962608242004 
0.01540962608242004 
0.01540962608242004 
0.01540962608242004 
0.01540962608242004 
0.01540962608242004 
0.01540962608242004 
0.01540962608242004 
0.01540962608242004 
0.01540962608242004 
0.01540962608242004 
0.01540962608242004 
0.01540962608242004 
0.01540962608242004 
0.01540962608242004 
0.015416562522170758 
0.015416562522170758 
0.015416562522170758 
0.015416562522170758 
0.015416562522170758 
0.015416562522170758 
0.015416562522170758 
0.015416562522170758 
0.015416562522170758 
0.015416562522170758 
0.015416562522170758 
0.015416562522170758 
0.015416562522170758 
0.015416562522170758 
0.015416562522170758 
0.015416562522170758 
0.015416562522170758 
0.015416562522170758 
0.015416562522170758 
0.015416562522170758 
0.015416562522170758 
0.015416562522170758 
0.015416562522170758 
0.015416562522170758 
0.015416562522170758 
0.015416562522170758 
0.015416562522170758 
0.015416562522170758 
0.015416562522170758 
0.015416562522170758 
0.015416562522170758 
0.015416562522170758 
0.015416562522170758 
0.015416562522170758 
0.015416562522170758 
0.015416562522170758 
0.015416562522170758 
0.015416562522170758 
0.015416562522170758 
0.015416562522170758 
0.015416562522170758 
0.015416562522170758 
0.015416562522170758 
0.015416562522170758 
0.015416562522170758 
0.015416562522170758 
0.015416562522170758 
0.015416562522170758 
0.015416562522170758 
0.015416562522170758 
0.015416562522170758 
0.015416562522170758 
0.015416562522170758 
0.015416562522170758 
0.015416562522170758 
0.015416562522170758 
0.015416562522170758 
0.015416562522170758 
0.015416562522170758 
0.015416562522170758 
0.015416562522170758 
0.015416562522170758 
0.015416562522170758 
0.015416562522170758 
0.015416562522170758 
0.015416562522170758 
0.015416562522170758 
0.015416562522170758 
0.015416562522170758 
0.015416562522170758 
0.015416562522170758 
0.015416562522170758 
0.015416562522170758 
0.015416562522170758 
0.015416562522170758 
0.015416562522170758 
0.015416562522170758 
0.015416562522170758 
0.015416562522170758 
0.015416562522170758 
0.015416562522170758 
0.015416562522170758 
0.015416562522170758 
0.015416562522170758 
0.015416562522170758 
0.015416562522170758 
0.015416562522170758 
0.015416562522170758 
0.015416562522170758 
0.015416562522170758 
0.015416562522170758 
0.015416562522170758 
0.015416562522170758 
0.015416562522170758 
0.015416562522170758 
0.015416562522170758 
0.015416562522170758 
0.015416562522170758 
0.015416562522170758 
0.015416562522170758 
0.015416562522170758 
0.015416562522170758 
0.015416562522170758 
0.015416562522170758 
0.015416562522170758 
0.015416562522170758 
0.015416562522170758 
0.015416562522170758 
0.015416562522170758 
0.015416562522170758 
0.015416562522170758 
0.015416562522170758 
0.015416562522170758 
0.015416562522170758 
0.015416562522170758 
0.015416562522170758 
0.015416562522170758 
0.015416562522170758 
0.015416562522170758 
0.015423491692869029 
0.015423491692869029 
0.015423491692869029 
0.015423491692869029 
0.015423491692869029 
0.015423491692869029 
0.015423491692869029 
0.015423491692869029 
0.015423491692869029 
0.015423491692869029 
0.015423491692869029 
0.015423491692869029 
0.015423491692869029 
0.015423491692869029 
0.015423491692869029 
0.015423491692869029 
0.015423491692869029 
0.015423491692869029 
0.015423491692869029 
0.015423491692869029 
0.015423491692869029 
0.015423491692869029 
0.015423491692869029 
0.015423491692869029 
0.015423491692869029 
0.015423491692869029 
0.015423491692869029 
0.015423491692869029 
0.015423491692869029 
0.015423491692869029 
0.015423491692869029 
0.015423491692869029 
0.015423491692869029 
0.015423491692869029 
0.015423491692869029 
0.015423491692869029 
0.015423491692869029 
0.015423491692869029 
0.015423491692869029 
0.015423491692869029 
0.015423491692869029 
0.015423491692869029 
0.015423491692869029 
0.015423491692869029 
0.015423491692869029 
0.015423491692869029 
0.015423491692869029 
0.015423491692869029 
0.015423491692869029 
0.015423491692869029 
0.015423491692869029 
0.015423491692869029 
0.015423491692869029 
0.015423491692869029 
0.015423491692869029 
0.015423491692869029 
0.015423491692869029 
0.015423491692869029 
0.015423491692869029 
0.015423491692869029 
0.015423491692869029 
0.015423491692869029 
0.015423491692869029 
0.015423491692869029 
0.015423491692869029 
0.015423491692869029 
0.015423491692869029 
0.015423491692869029 
0.015423491692869029 
0.015423491692869029 
0.015423491692869029 
0.015423491692869029 
0.015423491692869029 
0.015423491692869029 
0.015423491692869029 
0.015423491692869029 
0.015423491692869029 
0.015423491692869029 
0.015423491692869029 
0.015423491692869029 
0.015423491692869029 
0.015423491692869029 
0.015423491692869029 
0.015423491692869029 
0.015423491692869029 
0.015423491692869029 
0.015423491692869029 
0.015423491692869029 
0.015423491692869029 
0.015423491692869029 
0.015423491692869029 
0.015423491692869029 
0.015423491692869029 
0.015423491692869029 
0.015423491692869029 
0.015423491692869029 
0.015423491692869029 
0.015423491692869029 
0.015423491692869029 
0.015423491692869029 
0.015423491692869029 
0.015423491692869029 
0.015423491692869029 
0.015423491692869029 
0.015423491692869029 
0.015423491692869029 
0.015423491692869029 
0.015423491692869029 
0.015423491692869029 
0.015423491692869029 
0.015423491692869029 
0.015423491692869029 
0.015423491692869029 
0.015423491692869029 
0.015423491692869029 
0.015423491692869029 
0.015423491692869029 
0.015423491692869029 
0.015423491692869029 
0.015423491692869029 
0.015423491692869029 
0.015423491692869029 
0.015423491692869029 
0.015423491692869029 
0.015423491692869029 
0.015416562522170756 
0.015416562522170756 
0.015416562522170756 
0.015416562522170756 
0.015416562522170756 
0.015416562522170756 
0.015416562522170756 
0.015416562522170756 
0.015416562522170756 
0.015416562522170756 
0.015416562522170756 
0.015416562522170756 
0.015416562522170756 
0.015416562522170756 
0.015416562522170756 
0.015416562522170756 
0.015416562522170756 
0.015416562522170756 
0.015416562522170756 
0.015416562522170756 
0.015416562522170756 
0.015416562522170756 
0.015416562522170756 
0.015416562522170756 
0.015416562522170756 
0.015416562522170756 
0.015416562522170756 
0.015416562522170756 
0.015416562522170756 
0.015416562522170756 
0.015416562522170756 
0.015416562522170756 
0.015416562522170756 
0.015416562522170756 
0.015416562522170756 
0.015423491692869029 
0.015423491692869029 
0.015423491692869029 
0.015423491692869029 
0.015423491692869029 
0.015423491692869029 
0.015423491692869029 
0.015423491692869029 
0.015423491692869029 
0.015423491692869029 
0.015423491692869029 
0.015423491692869029 
0.015423491692869029 
0.015423491692869029 
0.015423491692869029 
0.015423491692869029 
0.015423491692869029 
0.015423491692869029 
0.015423491692869029 
0.015423491692869029 
0.015423491692869029 
0.015423491692869029 
0.015423491692869029 
0.015423491692869029 
0.015423491692869029 
0.015423491692869029 
0.015423491692869029 
0.015423491692869029 
0.015423491692869029 
0.015423491692869029 
0.015423491692869029 
0.015423491692869029 
0.015423491692869029 
0.015423491692869029 
0.015423491692869029 
0.015423491692869029 
0.015423491692869029 
0.015423491692869029 
0.015423491692869029 
0.015423491692869029 
0.015423491692869029 
0.015423491692869029 
0.015423491692869029 
0.015423491692869029 
0.015423491692869029 
0.015423491692869029 
0.015423491692869029 
0.015423491692869029 
0.015423491692869029 
0.015423491692869029 
0.015423491692869029 
0.015423491692869029 
0.015423491692869029 
0.015423491692869029 
0.015423491692869029 
0.015423491692869029 
0.015423491692869029 
0.015423491692869029 
0.015423491692869029 
0.015423491692869029 
0.015423491692869029 
0.015423491692869029 
0.015423491692869029 
0.015423491692869029 
0.015423491692869029 
0.015423491692869029 
0.015423491692869029 
0.015423491692869029 
0.015423491692869029 
0.015423491692869029 
0.015423491692869029 
0.015423491692869029 
0.015423491692869029 
0.015423491692869029 
0.015423491692869029 
0.015423491692869029 
0.015423491692869029 
0.015423491692869029 
0.015423491692869029 
0.015423491692869029 
0.015423491692869029 
0.015423491692869029 
0.015423491692869029 
0.015423491692869029 
0.015423491692869029 
0.015423491692869029 
0.015423491692869029 
0.015423491692869029 
0.015423491692869029 
0.015423491692869029 
0.015423491692869029 
0.015423491692869029 
0.015423491692869029 
0.015423491692869029 
0.015430413604307566 
0.015430413604307566 
0.015430413604307566 
0.015430413604307566 
0.015430413604307566 
0.015430413604307566 
0.015430413604307566 
0.015430413604307566 
0.015430413604307566 
0.015430413604307566 
0.015430413604307566 
0.015430413604307566 
0.015430413604307566 
0.015430413604307566 
0.015430413604307566 
0.015430413604307566 
0.015430413604307566 
0.015430413604307566 
0.015430413604307566 
0.015430413604307566 
0.015430413604307566 
0.015430413604307566 
0.015430413604307566 
0.015430413604307566 
0.015430413604307566 
0.015430413604307566 
0.015430413604307566 
0.015430413604307566 
0.015430413604307566 
0.015430413604307566 
0.015430413604307566 
0.015430413604307566 
0.015430413604307566 
0.015430413604307566 
0.015430413604307566 
0.015430413604307566 
0.015430413604307566 
0.015430413604307566 
0.015430413604307566 
0.015430413604307566 
0.015430413604307566 
0.015430413604307566 
0.015430413604307566 
0.015430413604307566 
0.015430413604307566 
0.015430413604307566 
0.015430413604307566 
0.015430413604307566 
0.015430413604307566 
0.015430413604307566 
0.015430413604307566 
0.015430413604307566 
0.015430413604307566 
0.015430413604307566 
0.015430413604307566 
0.015430413604307566 
0.015430413604307566 
0.015430413604307566 
0.015430413604307566 
0.015430413604307566 
0.015430413604307566 
0.015430413604307566 
0.015430413604307566 
0.015430413604307566 
0.015430413604307566 
0.015430413604307566 
0.015430413604307566 
0.015430413604307566 
0.015430413604307566 
0.015430413604307566 
0.015430413604307566 
0.015430413604307566 
0.015430413604307566 
0.015430413604307566 
0.015430413604307566 
0.015430413604307566 
0.015430413604307566 
0.015430413604307566 
0.015430413604307566 
0.015430413604307566 
0.015430413604307566 
0.015430413604307566 
0.015430413604307566 
0.015430413604307566 
0.015430413604307566 
0.015430413604307566 
0.015430413604307566 
0.015430413604307566 
0.015430413604307566 
0.015430413604307566 
0.015430413604307566 
0.015430413604307566 
0.015430413604307566 
0.015430413604307566 
0.015430413604307566 
0.015430413604307566 
0.015430413604307566 
0.015430413604307566 
0.015430413604307566 
0.015430413604307566 
0.015430413604307566 
0.015430413604307566 
0.015430413604307566 
0.015430413604307566 
0.015430413604307566 
0.015430413604307566 
0.015430413604307566 
0.015430413604307566 
0.015430413604307566 
0.015430413604307566 
0.015430413604307566 
0.015430413604307566 
0.015430413604307566 
0.015430413604307566 
0.015430413604307566 
0.015430413604307566 
0.015430413604307566 
0.015430413604307566 
0.015430413604307566 
0.015430413604307566 
0.015430413604307566 
0.015430413604307566 
0.015430413604307566 
0.015430413604307566 
0.015430413604307566 
0.015430413604307566 
0.015430413604307566 
0.015430413604307566 
0.015430413604307566 
0.015430413604307566 
0.015430413604307566 
0.015430413604307566 
0.015430413604307566 
0.015430413604307566 
0.015430413604307566 
0.015430413604307566 
0.015430413604307566 
0.015430413604307566 
0.015430413604307566 
0.015430413604307566 
0.015430413604307566 
0.015430413604307566 
0.015430413604307566 
0.015430413604307566 
0.015430413604307566 
0.015430413604307566 
0.015430413604307566 
0.015430413604307566 
0.015430413604307566 
0.015430413604307566 
0.015430413604307566 
0.015430413604307566 
0.015430413604307566 
0.015430413604307566 
0.015430413604307566 
0.015430413604307566 
0.015430413604307566 
0.015430413604307566 
0.015430413604307566 
0.015430413604307566 
0.015430413604307566 
0.015430413604307566 
0.015430413604307566 
0.015430413604307566 
0.015430413604307566 
0.015430413604307566 
0.015430413604307566 
0.015430413604307566 
0.015430413604307566 
0.015430413604307566 
0.015430413604307566 
0.015430413604307566 
0.015430413604307566 
0.015430413604307566 
0.015430413604307566 
0.015430413604307566 
0.015430413604307566 
0.015430413604307566 
0.015430413604307566 
0.015430413604307566 
0.015430413604307566 
0.015430413604307566 
0.015430413604307566 
0.015430413604307566 
0.015430413604307566 
0.015430413604307566 
0.015430413604307566 
0.015430413604307566 
0.015430413604307566 
0.015430413604307566 
0.015430413604307566 
0.015430413604307566 
0.015430413604307566 
0.015430413604307566 
0.015430413604307566 
0.015430413604307566 
0.015430413604307566 
0.015430413604307566 
0.015430413604307566 
0.015430413604307566 
0.015430413604307566 
0.015430413604307566 
0.015430413604307566 
0.015430413604307566 
0.015430413604307566 
0.015430413604307566 
0.015430413604307566 
0.015430413604307566 
0.015430413604307566 
0.015430413604307566 
0.015430413604307566 
0.015430413604307566 
0.015430413604307566 
0.015430413604307566 
0.015430413604307566 
0.015430413604307566 
0.015430413604307566 
0.015430413604307566 
0.015430413604307566 
0.015430413604307566 
0.015430413604307566 
0.015430413604307566 
0.015430413604307566 
0.015430413604307566 
0.015430413604307566 
0.015430413604307566 
0.015430413604307566 
0.015430413604307566 
0.015430413604307566 
0.015430413604307566 
0.015430413604307566 
0.015430413604307566 
0.015430413604307566 
0.015430413604307566 
0.015430413604307566 
0.015430413604307566 
0.015430413604307566 
0.015430413604307566 
0.015430413604307566 
0.015430413604307566 
0.015430413604307566 
0.015430413604307566 
0.015430413604307566 
0.015430413604307566 
0.015430413604307566 
0.015430413604307566 
0.015430413604307566 
0.015430413604307566 
0.015430413604307566 
0.015430413604307566 
0.015430413604307566 
0.015430413604307566 
0.015430413604307566 
0.015430413604307566 
0.015430413604307566 
0.015430413604307566 
0.015430413604307566 
0.015430413604307566 
0.015430413604307566 
0.015430413604307566 
0.015430413604307566 
0.015430413604307566 
0.015430413604307566 
0.015430413604307566 
0.015430413604307566 
0.015430413604307566 
0.015430413604307566 
0.015430413604307566 
0.015430413604307566 
0.015430413604307566 
0.015430413604307566 
0.015430413604307566 
0.015430413604307566 
0.015430413604307566 
0.015430413604307566 
0.015430413604307566 
0.015430413604307566 
0.015430413604307566 
0.015430413604307566 
0.015430413604307566 
0.015430413604307566 
0.015430413604307566 
0.015430413604307566 
0.015430413604307566 
0.015430413604307566 
0.015430413604307566 
0.015430413604307566 
0.015430413604307566 
0.015430413604307566 
0.015430413604307566 
0.015430413604307566 
0.015430413604307566 
0.015430413604307566 
0.015430413604307566 
0.015430413604307566 
0.015430413604307566 
0.015430413604307566 
0.015430413604307566 
0.015430413604307566 
0.015430413604307566 
0.015430413604307566 
0.015430413604307566 
0.015430413604307566 
0.015430413604307566 
0.015430413604307566 
0.015430413604307566 
0.015430413604307566 
0.015430413604307566 
0.015430413604307566 
0.015430413604307566 
0.015430413604307566 
0.015430413604307566 
0.015430413604307566 
0.015430413604307566 
0.015430413604307566 
0.015430413604307566 
0.015430413604307566 
0.015430413604307566 
0.015430413604307566 
0.015430413604307566 
0.015430413604307566 
0.015430413604307566 
0.015430413604307566 
0.015430413604307566 
0.015430413604307566 
0.015430413604307566 
0.015430413604307566 
0.015430413604307566 
0.015430413604307566 
0.015430413604307566 
0.015430413604307566 
0.015430413604307566 
0.015430413604307566 
0.015430413604307566 
0.015430413604307566 
0.015430413604307566 
0.015430413604307566 
0.015430413604307566 
0.015430413604307566 
0.015430413604307566 
0.015430413604307566 
0.015430413604307566 
0.015430413604307566 
0.015430413604307566 
0.015430413604307566 
0.015430413604307566 
0.015430413604307566 
0.015430413604307566 
0.015430413604307566 
0.015430413604307566 
0.015430413604307566 
0.015430413604307566 
0.015430413604307566 
0.015430413604307566 
0.015430413604307566 
0.015430413604307566 
0.015430413604307566 
0.015430413604307566 
0.015430413604307566 
0.015430413604307566 
0.015430413604307566 
0.015430413604307566 
0.015430413604307566 
0.015430413604307566 
0.015430413604307566 
0.015430413604307566 
0.015430413604307566 
0.015430413604307566 
0.015430413604307566 
0.015430413604307566 
0.015430413604307566 
0.015430413604307566 
0.015430413604307566 
0.015430413604307566 
0.015430413604307566 
0.015430413604307566 
0.015430413604307566 
0.015430413604307566 
0.015430413604307566 
0.015430413604307566 
0.015430413604307566 
0.015430413604307566 
0.015430413604307566 
0.015430413604307566 
0.015430413604307566 
0.015430413604307566 
0.015430413604307566 
0.015430413604307566 
0.015430413604307566 
0.015430413604307566 
0.015430413604307566 
0.015430413604307566 
0.015430413604307566 
0.015430413604307566 
0.015430413604307566 
0.015430413604307566 
0.015430413604307566 
0.015430413604307566 
0.015430413604307566 
0.015430413604307566 
0.015430413604307566 
0.015430413604307566 
0.015430413604307566 
0.015430413604307566 
0.015430413604307566 
0.015430413604307566 
0.015430413604307566 
0.015430413604307566 
0.015430413604307566 
0.015430413604307566 
0.015430413604307566 
0.015430413604307566 
0.015430413604307566 
0.015430413604307566 
0.015430413604307566 
0.015430413604307566 
0.015430413604307566 
0.015430413604307566 
0.015430413604307566 
0.015430413604307566 
0.015430413604307566 
0.015430413604307566 
0.015430413604307566 
0.015430413604307566 
0.015430413604307566 
0.015430413604307566 
0.015430413604307566 
0.015430413604307566 
0.015430413604307566 
0.015430413604307566 
0.015430413604307566 
0.015430413604307566 
0.015430413604307566 
0.015430413604307566 
0.015430413604307566 
0.015430413604307566 
0.015430413604307566 
0.015430413604307566 
0.015430413604307566 
0.015430413604307566 
0.015430413604307566 
0.015430413604307566 
0.015430413604307566 
0.015430413604307566 
0.015430413604307566 
0.015430413604307566 
0.015430413604307566 
0.015430413604307566 
0.015430413604307566 
0.015430413604307566 
0.015430413604307566 
0.015430413604307566 
0.015430413604307566 
0.015430413604307566 
0.015430413604307566 
0.015430413604307566 
0.015430413604307566 
0.015430413604307566 
0.015430413604307566 
0.015430413604307566 
0.015430413604307566 
0.015430413604307566 
0.015430413604307566 
0.015430413604307566 
0.015430413604307566 
0.015430413604307566 
0.015430413604307566 
0.015430413604307566 
0.015430413604307566 
0.015430413604307566 
0.015430413604307566 
0.015430413604307566 
0.015430413604307566 
0.015430413604307566 
0.015430413604307566 
0.015430413604307566 
0.015430413604307566 
0.015430413604307566 
0.015430413604307566 
0.015430413604307566 
0.015430413604307566 
0.015430413604307566 
0.015430413604307566 
0.015430413604307566 
0.015430413604307566 
0.015430413604307566 
0.015430413604307566 
0.015430413604307566 
0.015430413604307566 
0.015430413604307566 
0.015430413604307566 
0.015430413604307566 
0.015430413604307566 
0.015430413604307566 
0.015430413604307566 
0.015430413604307566 
0.015430413604307566 
0.015430413604307566 
0.015430413604307566 
0.015430413604307566 
0.015430413604307566 
0.015430413604307566 
0.015430413604307566 
0.015430413604307566 
0.015430413604307566 
0.015430413604307566 
0.015430413604307566 
0.015430413604307566 
0.015430413604307566 
0.015430413604307566 
0.015430413604307566 
0.015430413604307566 
0.015430413604307566 
0.015430413604307566 
0.015430413604307566 
0.015430413604307566 
0.015430413604307566 
0.015430413604307566 
0.015430413604307566 
0.015430413604307566 
0.015430413604307566 
0.015430413604307566 
0.015430413604307566 
0.015430413604307566 
0.015430413604307566 
0.015430413604307566 
0.015430413604307566 
0.015430413604307566 
0.015430413604307566 
0.015430413604307566 
0.015430413604307566 
0.015430413604307566 
0.015430413604307566 
0.015430413604307566 
0.015430413604307566 
0.015430413604307566 
0.015430413604307566 
0.015430413604307566 
0.015430413604307566 
0.015430413604307566 
0.015430413604307566 
0.015430413604307566 
0.015430413604307566 
0.015430413604307566 
0.015430413604307566 
0.015430413604307566 
0.015430413604307566 
0.015430413604307566 
0.015430413604307566 
0.015430413604307566 
0.015430413604307566 
0.015430413604307566 
0.015430413604307566 
0.015430413604307566 
0.015430413604307566 
0.015430413604307566 
0.015430413604307566 
0.015430413604307566 
0.015430413604307566 
0.015430413604307566 
0.015430413604307566 
0.015430413604307566 
0.015430413604307566 
0.015430413604307566 
0.015430413604307566 
0.015430413604307566 
0.015430413604307566 
0.015430413604307566 
0.015430413604307566 
0.015430413604307566 
0.015430413604307566 
0.015430413604307566 
0.015430413604307566 
0.015430413604307566 
0.015430413604307566 
0.015430413604307566 
0.015430413604307566 
0.015430413604307566 
0.015430413604307566 
0.015430413604307566 
0.015430413604307566 
0.015430413604307566 
0.015430413604307566 
0.015430413604307566 
0.015430413604307566 
0.015430413604307566 
0.015430413604307566 
0.015430413604307566 
0.015430413604307566 
0.015430413604307566 
0.015430413604307566 
0.015430413604307566 
0.015430413604307566 
0.015430413604307566 
0.015430413604307566 
0.015430413604307566 
0.015430413604307566 
0.015430413604307566 
0.015430413604307566 
0.015430413604307566 
0.015430413604307566 
0.015430413604307566 
0.015430413604307566 
0.015430413604307566 
0.015430413604307566 
0.015430413604307566 
0.015430413604307566 
0.015430413604307566 
0.015430413604307566 
0.015430413604307566 
0.015430413604307566 
0.015430413604307566 
0.015430413604307566 
0.015430413604307566 
0.015430413604307566 
0.015430413604307566 
0.015430413604307566 
0.015430413604307566 
0.015430413604307566 
0.015430413604307566 
0.015430413604307566 
0.015430413604307566 
0.015430413604307566 
0.015430413604307566 
0.015430413604307566 
0.015430413604307566 
0.015430413604307566 
0.015430413604307566 
0.015430413604307566 
0.015430413604307566 
0.015430413604307566 
0.015430413604307566 
0.015430413604307566 
0.015430413604307566 
0.015430413604307566 
0.015430413604307566 
0.015430413604307566 
0.015430413604307566 
0.015430413604307566 
0.015430413604307566 
0.015430413604307566 
0.015430413604307566 
0.015430413604307566 
0.015430413604307566 
0.015430413604307566 
0.015430413604307566 
0.015430413604307566 
0.015430413604307566 
0.015430413604307566 
0.015430413604307566 
0.015430413604307566 
0.015430413604307566 
0.015430413604307566 
0.015430413604307566 
0.015430413604307566 
0.015430413604307566 
0.015430413604307566 
0.015430413604307566 
0.015430413604307566 
0.015430413604307566 
0.015430413604307566 
0.015430413604307566 
0.015430413604307566 
0.015430413604307566 
0.015430413604307566 
0.015430413604307566 
0.015430413604307566 
0.015430413604307566 
0.015430413604307566 
0.015430413604307566 
0.015430413604307566 
0.015430413604307566 
0.015430413604307566 
0.015430413604307566 
0.015430413604307566 
0.015430413604307566 
0.015430413604307566 
0.015430413604307566 
0.015430413604307566 
0.015430413604307566 
0.015430413604307566 
0.015430413604307566 
0.015430413604307566 
0.015430413604307566 
0.015430413604307566 
0.015430413604307566 
0.015430413604307566 
0.015430413604307566 
0.015430413604307566 
0.015430413604307566 
0.015430413604307566 
0.015430413604307566 
0.015430413604307566 
0.015430413604307566 
0.015430413604307566 
0.015430413604307566 
0.015430413604307566 
0.015430413604307566 
0.015430413604307566 
0.015430413604307566 
0.015430413604307566 
0.015430413604307566 
0.015430413604307566 
0.015430413604307566 
0.015430413604307566 
0.015430413604307566 
0.015430413604307566 
0.015430413604307566 
0.015430413604307566 
0.015430413604307566 
0.015430413604307566 
0.015430413604307566 
0.015430413604307566 
0.015430413604307566 
0.015430413604307566 
0.015430413604307566 
0.015430413604307566 
0.015430413604307566 
0.015430413604307566 
0.015430413604307566 
0.015430413604307566 
0.015430413604307566 
0.015430413604307566 
0.015430413604307566 
0.015430413604307566 
0.015430413604307566 
0.015430413604307566 
0.015430413604307566 
0.015430413604307566 
0.015430413604307566 
0.015430413604307566 
0.015430413604307566 
0.015430413604307566 
0.015430413604307566 
0.015430413604307566 
0.015430413604307566 
0.015430413604307566 
0.015430413604307566 
0.015430413604307566 
0.015430413604307566 
0.015430413604307566 
0.015430413604307566 
0.015430413604307566 
0.015430413604307566 
0.015430413604307566 
0.015430413604307566 
0.015430413604307566 
0.015430413604307566 
0.015430413604307566 
0.015430413604307566 
0.015430413604307566 
0.015430413604307566 
0.015430413604307566 
0.015430413604307566 
0.015430413604307566 
0.015430413604307566 
0.015430413604307566 
0.015430413604307566 
0.015430413604307566 
0.015430413604307566 
0.015430413604307566 
0.015430413604307566 
0.015430413604307566 
0.015430413604307566 
0.015430413604307566 
0.015430413604307566 
0.015430413604307566 
0.015430413604307566 
0.015430413604307566 
0.015430413604307566 
0.015430413604307566 
0.015430413604307566 
0.015430413604307566 
0.015430413604307566 
0.015430413604307566 
0.015430413604307566 
0.015430413604307566 
0.015430413604307566 
0.015430413604307566 
0.015430413604307566 
0.015430413604307566 
0.015430413604307566 
0.015430413604307566 
0.015430413604307566 
0.015430413604307566 
0.015430413604307566 
0.015430413604307566 
0.015430413604307566 
0.015430413604307566 
0.015430413604307566 
0.015430413604307566 
0.015430413604307566 
0.015430413604307566 
0.015430413604307566 
0.015430413604307566 
0.015430413604307566 
0.015430413604307566 
0.015430413604307566 
0.015430413604307566 
0.015430413604307566 
0.015430413604307566 
0.015430413604307566 
0.015430413604307566 
0.015430413604307566 
0.015430413604307566 
0.015430413604307566 
0.015430413604307566 
0.015430413604307566 
0.015430413604307566 
0.015430413604307566 
0.015430413604307566 
0.015430413604307566 
0.015430413604307566 
0.015430413604307566 
0.015430413604307566 
0.015430413604307566 
0.015430413604307566 
0.015430413604307566 
0.015430413604307566 
0.015430413604307566 
0.015430413604307566 
0.015430413604307566 
0.015430413604307566 
0.015430413604307566 
0.015430413604307566 
0.015430413604307566 
0.015430413604307566 
0.015430413604307566 
0.015430413604307566 
0.015430413604307566 
0.015430413604307566 
0.015430413604307566 
0.015430413604307566 
0.015430413604307566 
0.015430413604307566 
0.015430413604307566 
0.015430413604307566 
0.015430413604307566 
0.015430413604307566 
0.015430413604307566 
0.015430413604307566 
0.015430413604307566 
0.015430413604307566 
0.015430413604307566 
0.015430413604307566 
0.015430413604307566 
0.015430413604307566 
0.015430413604307566 
0.015430413604307566 
0.015430413604307566 
0.015430413604307566 
0.015430413604307566 
0.015430413604307566 
0.015430413604307566 
0.015430413604307566 
0.015430413604307566 
0.015430413604307566 
0.015430413604307566 
0.015430413604307566 
0.015430413604307566 
0.015430413604307566 
0.015430413604307566 
0.015430413604307566 
0.015430413604307566 
0.015430413604307566 
0.015430413604307566 
0.015430413604307566 
0.015430413604307566 
0.015430413604307566 
0.015430413604307566 
0.015430413604307566 
0.015430413604307566 
0.015430413604307566 
0.015430413604307566 
0.015430413604307566 
0.015430413604307566 
0.015430413604307566 
0.015430413604307566 
0.015430413604307566 
0.015430413604307566 
0.015430413604307566 
0.015430413604307566 
0.015430413604307566 
0.015430413604307566 
0.015430413604307566 
0.015430413604307566 
0.015430413604307566 
0.015430413604307566 
0.015430413604307566 
0.015430413604307566 
0.015430413604307566 
0.015430413604307566 
0.015430413604307566 
0.015430413604307566 
0.015430413604307566 
0.015430413604307566 
0.015430413604307566 
0.015430413604307566 
0.015430413604307566 
0.015430413604307566 
0.015430413604307566 
0.015430413604307566 
0.015430413604307566 
0.015430413604307566 
0.015430413604307566 
0.015430413604307566 
0.015430413604307566 
0.015430413604307566 
0.015430413604307566 
0.015430413604307566 
0.015430413604307566 
0.015430413604307566 
0.015430413604307566 
0.015430413604307566 
0.015430413604307566 
0.015430413604307566 
0.015430413604307566 
0.015430413604307566 
0.015430413604307566 
0.015430413604307566 
0.015430413604307566 
0.015430413604307566 
0.015430413604307566 
0.015430413604307566 
0.015430413604307566 
0.015430413604307566 
0.015430413604307566 
0.015430413604307566 
0.015430413604307566 
0.015430413604307566 
0.015430413604307566 
0.015430413604307566 
0.015430413604307566 
0.015430413604307566 
0.015430413604307566 
0.015430413604307566 
0.015430413604307566 
0.015430413604307566 
0.015430413604307566 
0.015430413604307566 
0.015430413604307566 
0.015430413604307566 
0.015430413604307566 
0.015430413604307566 
0.015430413604307566 
0.015430413604307566 
0.015430413604307566 
0.015430413604307566 
0.015430413604307566 
0.015430413604307566 
0.015430413604307566 
0.015430413604307566 
0.015430413604307566 
0.015430413604307566 
0.015430413604307566 
0.015430413604307566 
0.015430413604307566 
0.015430413604307566 
0.015430413604307566 
0.015430413604307566 
0.015430413604307566 
0.015430413604307566 
0.015430413604307566 
0.015430413604307566 
0.015430413604307566 
0.015430413604307566 
0.015430413604307566 
0.015430413604307566 
0.015430413604307566 
0.015430413604307566 
0.015430413604307566 
0.015430413604307566 
0.015430413604307566 
0.015430413604307566 
0.015430413604307566 
0.015430413604307566 
0.015430413604307566 
0.015430413604307566 
0.015430413604307566 
0.015430413604307566 
0.015430413604307566 
0.015430413604307566 
0.015430413604307566 
0.015430413604307566 
0.015430413604307566 
0.015430413604307566 
0.015430413604307566 
0.015430413604307566 
0.015430413604307566 
0.015430413604307566 
0.015430413604307566 
0.015430413604307566 
0.015430413604307566 
0.015430413604307566 
0.015430413604307566 
0.015430413604307566 
0.015430413604307566 
0.015430413604307566 
0.015430413604307566 
0.015430413604307566 
0.015430413604307566 
0.015430413604307566 
0.015430413604307566 
0.015430413604307566 
0.015430413604307566 
0.015430413604307566 
0.015430413604307566 
0.015430413604307566 
0.015430413604307566 
0.015430413604307566 
0.015430413604307566 
0.015430413604307566 
0.015430413604307566 
0.015430413604307566 
0.015430413604307566 
0.015430413604307566 
0.015430413604307566 
0.015430413604307566 
0.015430413604307566 
0.015430413604307566 
0.015430413604307566 
0.015430413604307566 
0.015430413604307566 
0.015430413604307566 
0.015430413604307566 
0.015430413604307566 
0.015430413604307566 
0.015430413604307566 
0.015430413604307566 
0.015430413604307566 
0.015430413604307566 
0.015430413604307566 
0.015430413604307566 
0.015430413604307566 
0.015430413604307566 
0.015430413604307566 
0.015430413604307566 
0.015430413604307566 
0.015430413604307566 
0.015430413604307566 
0.015430413604307566 
0.015430413604307566 
0.015430413604307566 
0.015430413604307566 
0.015430413604307566 
0.015430413604307566 
0.015430413604307566 
0.015430413604307566 
0.015430413604307566 
0.015430413604307566 
0.015430413604307566 
0.015430413604307566 
0.015430413604307566 
0.015430413604307566 
0.015430413604307566 
0.015430413604307566 
0.015430413604307566 
0.015430413604307566 
0.015430413604307566 
0.015430413604307566 
0.015430413604307566 
0.015430413604307566 
0.015430413604307566 
0.015430413604307566 
0.015430413604307566 
0.015430413604307566 
0.015430413604307566 
0.015430413604307566 
0.015430413604307566 
0.015430413604307566 
0.015430413604307566 
0.015430413604307566 
0.015430413604307566 
0.015430413604307566 
0.015430413604307566 
0.015430413604307566 
0.015430413604307566 
0.015430413604307566 
0.015430413604307566 
0.015430413604307566 
0.015430413604307566 
0.015430413604307566 
0.015430413604307566 
0.015430413604307566 
0.015430413604307566 
0.015430413604307566 
0.015430413604307566 
0.015430413604307566 
0.015430413604307566 
0.015430413604307566 
0.015430413604307566 
0.015430413604307566 
0.015430413604307566 
0.015430413604307566 
0.015430413604307566 
0.015430413604307566 
0.015430413604307566 
0.015430413604307566 
0.015430413604307566 
0.015430413604307566 
0.015430413604307566 
0.015430413604307566 
0.015430413604307566 
0.015430413604307566 
0.015430413604307566 
0.015430413604307566 
0.015430413604307566 
0.015430413604307566 
0.015430413604307566 
0.015430413604307566 
0.015430413604307566 
0.015430413604307566 
0.015430413604307566 
0.015430413604307566 
0.015430413604307566 
0.015430413604307566 
0.015430413604307566 
0.015430413604307566 
0.015430413604307566 
0.015430413604307566 
0.015430413604307566 
0.015430413604307566 
0.015430413604307566 
0.015430413604307566 
0.015430413604307566 
0.015430413604307566 
0.015430413604307566 
0.015430413604307566 
0.015430413604307566 
0.015430413604307566 
0.015430413604307566 
0.015430413604307566 
0.015430413604307566 
0.015430413604307566 
0.015430413604307566 
0.015430413604307566 
0.015430413604307566 
0.015430413604307566 
0.015430413604307566 
0.015430413604307566 
0.015430413604307566 
0.015430413604307566 
0.015430413604307566 
0.015430413604307566 
0.015430413604307566 
0.015430413604307566 
0.015430413604307566 
0.015430413604307566 
0.015430413604307566 
0.015430413604307566 
0.015430413604307566 
0.015430413604307566 
0.015430413604307566 
0.015430413604307566 
0.015430413604307566 
0.015430413604307566 
0.015430413604307566 
0.015430413604307566 
0.015430413604307566 
0.015430413604307566 
0.015430413604307566 
0.015430413604307566 
0.015430413604307566 
0.015430413604307566 
0.015430413604307566 
0.015430413604307566 
0.015430413604307566 
0.015430413604307566 
0.015430413604307566 
0.015430413604307566 
0.015430413604307566 
0.015430413604307566 
0.015430413604307566 
0.015430413604307566 
0.015430413604307566 
0.015430413604307566 
0.015430413604307566 
0.015430413604307566 
0.015430413604307566 
0.015430413604307566 
0.015430413604307566 
0.015430413604307566 
0.015430413604307566 
0.015430413604307566 
0.015430413604307566 
0.015430413604307566 
0.015430413604307566 
0.015430413604307566 
0.015430413604307566 
0.015430413604307566 
0.015430413604307566 
0.015430413604307566 
0.015430413604307566 
0.015430413604307566 
0.015430413604307566 
0.015430413604307566 
0.015430413604307566 
0.015430413604307566 
0.015430413604307566 
0.015430413604307566 
0.015430413604307566 
0.015430413604307566 
0.015430413604307566 
0.015430413604307566 
0.015430413604307566 
0.015430413604307566 
0.015430413604307566 
0.015430413604307566 
0.015430413604307566 
0.015430413604307566 
0.015430413604307566 
0.015430413604307566 
0.015430413604307566 
0.015430413604307566 
0.015430413604307566 
0.015430413604307566 
0.015430413604307566 
0.015430413604307566 
0.015430413604307566 
0.015430413604307566 
0.015430413604307566 
0.015430413604307566 
0.015430413604307566 
0.015430413604307566 
0.015430413604307566 
0.015430413604307566 
0.015430413604307566 
0.015430413604307566 
0.015430413604307566 
0.015430413604307566 
0.015430413604307566 
0.015430413604307566 
0.015430413604307566 
0.015430413604307566 
0.015430413604307566 
0.015430413604307566 
0.015430413604307566 
0.015430413604307566 
0.015430413604307566 
0.015430413604307566 
0.015430413604307566 
0.015430413604307566 
0.015430413604307566 
0.015430413604307566 
0.015430413604307566 
0.015430413604307566 
0.015430413604307566 
0.015430413604307566 
0.015430413604307566 
0.015430413604307566 
0.015430413604307566 
0.015430413604307566 
0.015430413604307566 
0.015430413604307566 
0.015430413604307566 
0.015430413604307566 
0.015430413604307566 
0.015430413604307566 
0.015430413604307566 
0.015430413604307566 
0.015430413604307566 
0.015430413604307566 
0.015430413604307566 
0.015430413604307566 
0.015430413604307566 
0.015430413604307566 
0.015430413604307566 
0.015430413604307566 
0.015430413604307566 
0.015430413604307566 
0.015430413604307566 
0.015430413604307566 
0.015430413604307566 
0.015430413604307566 
0.015430413604307566 
0.015430413604307566 
0.015430413604307566 
0.015430413604307566 
0.015430413604307566 
0.015430413604307566 
0.015430413604307566 
0.015430413604307566 
0.015430413604307566 
0.015430413604307566 
0.015430413604307566 
0.015430413604307566 
0.015430413604307566 
0.015430413604307566 
0.015430413604307566 
0.015430413604307566 
0.015430413604307566 
0.015430413604307566 
0.015430413604307566 
0.015430413604307566 
0.015430413604307566 
0.015430413604307566 
0.015430413604307566 
0.015430413604307566 
0.015430413604307566 
0.015430413604307566 
0.015430413604307566 
0.015430413604307566 
0.015430413604307566 
0.015430413604307566 
0.015430413604307566 
0.015430413604307566 
0.015430413604307566 
0.015430413604307566 
0.015430413604307566 
0.015430413604307566 
0.015430413604307566 
0.015430413604307566 
0.015430413604307566 
0.015430413604307566 
0.015430413604307566 
0.015430413604307566 
0.015430413604307566 
0.015430413604307566 
0.015430413604307566 
0.015430413604307566 
0.015430413604307566 
0.015430413604307566 
0.015430413604307566 
0.015430413604307566 
0.015430413604307566 
0.015430413604307566 
0.015430413604307566 
0.015430413604307566 
0.015430413604307566 
0.015430413604307566 
0.015430413604307566 
0.015430413604307566 
0.015430413604307566 
0.015430413604307566 
0.015430413604307566 
0.015430413604307566 
0.015430413604307566 
0.015430413604307566 
0.015430413604307566 
0.015430413604307566 
0.015430413604307566 
0.015430413604307566 
0.015430413604307566 
0.015430413604307566 
0.015430413604307566 
0.015430413604307566 
0.015430413604307566 
0.015430413604307566 
0.015430413604307566 
0.015430413604307566 
0.015430413604307566 
0.015430413604307566 
0.015430413604307566 
0.015430413604307566 
0.015430413604307566 
0.015430413604307566 
0.015430413604307566 
0.015430413604307566 
0.015430413604307566 
0.015430413604307566 
0.015430413604307566 
0.015430413604307566 
0.015430413604307566 
0.015430413604307566 
0.015430413604307566 
0.015430413604307566 
0.015430413604307566 
0.015430413604307566 
0.015430413604307566 
0.015430413604307566 
0.015430413604307566 
0.015430413604307566 
0.015430413604307566 
0.015430413604307566 
0.015430413604307566 
0.015430413604307566 
0.015430413604307566 
0.015430413604307566 
0.015430413604307566 
0.015430413604307566 
0.015430413604307566 
0.015430413604307566 
0.015430413604307566 
0.015430413604307566 
0.015430413604307566 
0.015430413604307566 
0.015430413604307566 
0.015430413604307566 
0.015430413604307566 
0.015430413604307566 
0.015430413604307566 
0.015430413604307566 
0.015430413604307566 
0.015430413604307566 
0.015430413604307566 
0.015430413604307566 
0.015430413604307566 
0.015430413604307566 
0.015430413604307566 
0.015430413604307566 
0.015430413604307566 
0.015430413604307566 
0.015430413604307566 
0.015430413604307566 
0.015430413604307566 
0.015430413604307566 
0.015430413604307566 
0.015430413604307566 
0.015430413604307566 
0.015430413604307566 
0.015430413604307566 
0.015430413604307566 
0.015430413604307566 
0.015430413604307566 
0.015430413604307566 
0.015430413604307566 
0.015430413604307566 
0.015430413604307566 
0.015430413604307566 
0.015430413604307566 
0.015430413604307566 
0.015430413604307566 
0.015430413604307566 
0.015430413604307566 
0.015430413604307566 
0.015430413604307566 
0.015430413604307566 
0.015430413604307566 
0.015430413604307566 
0.015430413604307566 
0.015430413604307566 
0.015430413604307566 
0.015430413604307566 
0.015430413604307566 
0.015430413604307566 
0.015430413604307566 
0.015430413604307566 
0.015430413604307566 
0.015430413604307566 
0.015430413604307566 
0.015430413604307566 
0.015430413604307566 
0.015430413604307566 
0.015430413604307566 
0.015430413604307566 
0.015430413604307566 
0.015430413604307566 
0.015430413604307566 
0.015430413604307566 
0.015430413604307566 
0.015430413604307566 
0.015430413604307566 
0.015430413604307566 
0.015430413604307566 
0.015430413604307566 
0.015430413604307566 
0.015430413604307566 
0.015430413604307566 
0.015430413604307566 
0.015430413604307566 
0.015430413604307566 
0.015430413604307566 
0.015430413604307566 
0.015430413604307566 
0.015430413604307566 
0.015430413604307566 
0.015430413604307566 
0.015430413604307566 
0.015430413604307566 
0.015430413604307566 
0.015430413604307566 
0.015430413604307566 
0.015430413604307566 
0.015430413604307566 
0.015430413604307566 
0.015430413604307566 
0.015430413604307566 
0.015430413604307566 
0.015430413604307566 
0.015430413604307566 
0.015430413604307566 
0.015430413604307566 
0.015430413604307566 
0.015430413604307566 
0.015430413604307566 
0.015430413604307566 
0.015430413604307566 
0.015430413604307566 
0.015430413604307566 
0.015430413604307566 
0.015430413604307566 
0.015430413604307566 
0.015430413604307566 
0.015430413604307566 
0.015430413604307566 
0.015430413604307566 
0.015430413604307566 
0.015430413604307566 
0.015430413604307566 
0.015430413604307566 
0.015430413604307566 
0.015430413604307566 
0.015430413604307566 
0.015430413604307566 
0.015430413604307566 
0.015430413604307566 
0.015430413604307566 
0.015430413604307566 
0.015430413604307566 
0.015430413604307566 
0.015430413604307566 
0.015430413604307566 
0.015430413604307566 
0.015430413604307566 
0.015430413604307566 
0.015430413604307566 
0.015430413604307566 
0.015430413604307566 
0.015430413604307566 
0.015430413604307566 
0.015430413604307566 
0.015430413604307566 
0.015430413604307566 
0.015430413604307566 
0.015430413604307566 
0.015430413604307566 
0.015430413604307566 
0.015430413604307566 
0.015430413604307566 
0.015430413604307566 
0.015430413604307566 
0.015430413604307566 
0.015430413604307566 
0.015430413604307566 
0.015430413604307566 
0.015430413604307566 
0.015430413604307566 
0.015430413604307566 
0.015430413604307566 
0.015430413604307566 
0.015430413604307566 
0.015430413604307566 
0.015430413604307566 
0.015430413604307566 
0.015430413604307566 
0.015430413604307566 
0.015430413604307566 
0.015430413604307566 
0.015430413604307566 
0.015430413604307566 
0.015430413604307566 
0.015430413604307566 
0.015430413604307566 
0.015430413604307566 
0.015430413604307566 
0.015430413604307566 
0.015430413604307566 
0.015430413604307566 
0.015430413604307566 
0.015430413604307566 
0.015430413604307566 
0.015430413604307566 
0.015430413604307566 
0.015430413604307566 
0.015430413604307566 
0.015430413604307566 
0.015430413604307566 
0.015430413604307566 
0.015430413604307566 
0.015430413604307566 
0.015430413604307566 
0.015430413604307566 
0.015430413604307566 
0.015430413604307566 
0.015430413604307566 
0.015430413604307566 
0.015430413604307566 
0.015430413604307566 
0.015430413604307566 
0.015430413604307566 
0.015430413604307566 
0.015430413604307566 
0.015430413604307566 
0.015430413604307566 
0.015430413604307566 
0.015430413604307566 
0.015430413604307566 
0.015430413604307566 
0.015430413604307566 
0.015430413604307566 
0.015430413604307566 
0.015430413604307566 
0.015430413604307566 
0.015430413604307566 
0.015430413604307566 
0.015430413604307566 
0.015430413604307566 
0.015430413604307566 
0.015430413604307566 
0.015430413604307566 
0.015430413604307566 
0.015430413604307566 
0.015430413604307566 
0.015430413604307566 
0.015430413604307566 
0.015430413604307566 
0.015430413604307566 
0.015430413604307566 
0.015430413604307566 
0.015430413604307566 
0.015430413604307566 
0.015430413604307566 
0.015430413604307566 
0.015430413604307566 
0.015430413604307566 
0.015430413604307566 
0.015430413604307566 
0.015430413604307566 
0.015430413604307566 
0.015430413604307566 
0.015430413604307566 
0.015430413604307566 
0.015430413604307566 
0.015430413604307566 
0.015430413604307566 
0.015430413604307566 
0.015430413604307566 
0.015430413604307566 
0.015430413604307566 
0.015430413604307566 
0.015430413604307566 
0.015430413604307566 
0.015430413604307566 
0.015430413604307566 
0.015430413604307566 
0.015430413604307566 
0.015430413604307566 
0.015430413604307566 
0.015430413604307566 
0.015430413604307566 
0.015430413604307566 
0.015430413604307566 
0.015430413604307566 
0.015430413604307566 
0.015430413604307566 
0.015430413604307566 
0.015430413604307566 
0.015430413604307566 
0.015430413604307566 
0.015430413604307566 
0.015430413604307566 
0.015430413604307566 
0.015430413604307566 
0.015430413604307566 
0.015430413604307566 
0.015430413604307566 
0.015430413604307566 
0.015430413604307566 
0.015430413604307566 
0.015430413604307566 
0.015430413604307566 
0.015430413604307566 
0.015430413604307566 
0.015430413604307566 
0.015430413604307566 
0.015430413604307566 
0.015430413604307566 
0.015430413604307566 
0.015430413604307566 
0.015430413604307566 
0.015430413604307566 
0.015430413604307566 
0.015430413604307566 
0.015430413604307566 
0.015430413604307566 
0.015430413604307566 
0.015430413604307566 
0.015430413604307566 
0.015430413604307566 
0.015430413604307566 
0.015430413604307566 
0.015430413604307566 
0.015430413604307566 
0.015430413604307566 
0.015430413604307566 
0.015430413604307566 
0.015430413604307566 
0.015430413604307566 
0.015430413604307566 
0.015430413604307566 
0.015430413604307566 
0.015430413604307566 
0.015430413604307566 
0.015430413604307566 
0.015430413604307566 
0.015430413604307566 
0.015430413604307566 
0.015430413604307566 
0.015430413604307566 
0.015430413604307566 
0.015430413604307566 
0.015430413604307566 
0.015430413604307566 
0.015430413604307566 
0.015430413604307566 
0.015430413604307566 
0.015430413604307566 
0.015430413604307566 
0.015430413604307566 
0.015430413604307566 
0.015430413604307566 
0.015430413604307566 
0.015430413604307566 
0.015430413604307566 
0.015430413604307566 
0.015430413604307566 
0.015430413604307566 
0.015430413604307566 
0.015430413604307566 
0.015430413604307566 
0.015430413604307566 
0.015430413604307566 
0.015430413604307566 
0.015430413604307566 
0.015430413604307566 
0.015430413604307566 
0.015430413604307566 
0.015430413604307566 
0.015430413604307566 
0.015430413604307566 
0.015430413604307566 
0.015430413604307566 
0.015430413604307566 
0.015430413604307566 
0.015430413604307566 
0.015430413604307566 
0.015430413604307566 
0.015430413604307566 
0.015430413604307566 
0.015430413604307566 
0.015430413604307566 
0.015430413604307566 
0.015430413604307566 
0.015430413604307566 
0.015430413604307566 
0.015430413604307566 
0.015430413604307566 
0.015430413604307566 
0.015430413604307566 
0.015430413604307566 
0.015430413604307566 
0.015430413604307566 
0.015430413604307566 
0.015430413604307566 
0.015430413604307566 
0.015430413604307566 
0.015430413604307566 
0.015430413604307566 
0.015430413604307566 
0.015430413604307566 
0.015430413604307566 
0.015430413604307566 
0.015430413604307566 
0.015430413604307566 
0.015430413604307566 
0.015430413604307566 
0.015430413604307566 
0.015430413604307566 
0.015430413604307566 
0.015430413604307566 
0.015430413604307566 
0.015430413604307566 
0.015430413604307566 
0.015430413604307566 
0.015430413604307566 
0.015430413604307566 
0.015430413604307566 
0.015430413604307566 
0.015430413604307566 
0.015430413604307566 
0.015430413604307566 
0.015430413604307566 
0.015430413604307566 
0.015430413604307566 
0.015430413604307566 
0.015430413604307566 
0.015430413604307566 
0.015430413604307566 
0.015430413604307566 
0.015430413604307566 
0.015430413604307566 
0.015430413604307566 
0.015430413604307566 
0.015430413604307566 
0.015430413604307566 
0.015430413604307566 
0.015430413604307566 
0.015430413604307566 
0.015430413604307566 
0.015430413604307566 
0.015430413604307566 
0.015430413604307566 
0.015430413604307566 
0.015430413604307566 
0.015430413604307566 
0.015430413604307566 
0.015430413604307566 
0.015430413604307566 
0.015430413604307566 
0.015430413604307566 
0.015430413604307566 
0.015430413604307566 
0.015430413604307566 
0.015430413604307566 
0.015430413604307566 
0.015430413604307566 
0.015430413604307566 
0.015430413604307566 
0.015430413604307566 
0.015430413604307566 
0.015430413604307566 
0.015430413604307566 
0.015430413604307566 
0.015430413604307566 
0.015430413604307566 
0.015430413604307566 
0.015430413604307566 
0.015430413604307566 
0.015430413604307566 
0.015430413604307566 
0.015430413604307566 
0.015430413604307566 
0.015430413604307566 
0.015430413604307566 
0.015430413604307566 
0.015430413604307566 
0.015430413604307566 
0.015430413604307566 
0.015430413604307566 
0.015430413604307566 
0.015430413604307566 
0.015430413604307566 
0.015430413604307566 
0.015430413604307566 
0.015430413604307566 
0.015430413604307566 
0.015430413604307566 
0.015430413604307566 
0.015430413604307566 
0.015430413604307566 
0.015430413604307566 
0.015430413604307566 
0.015430413604307566 
0.015430413604307566 
0.015430413604307566 
0.015430413604307566 
0.015430413604307566 
0.015430413604307566 
0.015430413604307566 
0.015430413604307566 
0.015430413604307566 
0.015430413604307566 
0.015430413604307566 
0.015430413604307566 
0.015430413604307566 
0.015430413604307566 
0.015430413604307566 
0.015430413604307566 
0.015430413604307566 
0.015430413604307566 
0.015430413604307566 
0.015430413604307566 
0.015430413604307566 
0.015430413604307566 
0.015430413604307566 
0.015430413604307566 
0.015430413604307566 
0.015430413604307566 
0.015430413604307566 
0.015430413604307566 
0.015430413604307566 
0.015430413604307566 
0.015430413604307566 
0.015430413604307566 
0.015430413604307566 
0.015430413604307566 
0.015430413604307566 
0.015430413604307566 
0.015430413604307566 
0.015430413604307566 
0.015430413604307566 
0.015430413604307566 
0.015430413604307566 
0.015430413604307566 
0.015430413604307566 
0.015430413604307566 
0.015430413604307566 
0.015430413604307566 
0.015430413604307566 
0.015430413604307566 
0.015430413604307566 
0.015430413604307566 
0.015430413604307566 
0.015430413604307566 
0.015430413604307566 
0.015430413604307566 
0.015430413604307566 
0.015430413604307566 
0.015430413604307566 
0.015430413604307566 
0.015430413604307566 
0.015430413604307566 
0.015430413604307566 
0.015430413604307566 
0.015430413604307566 
0.015430413604307566 
0.015430413604307566 
0.015430413604307566 
0.015430413604307566 
0.015430413604307566 
0.015430413604307566 
0.015430413604307566 
0.015430413604307566 
0.015430413604307566 
0.015430413604307566 
0.015430413604307566 
0.015430413604307566 
0.015430413604307566 
0.015430413604307566 
0.015430413604307566 
0.015430413604307566 
0.015430413604307566 
0.015430413604307566 
0.015430413604307566 
0.015430413604307566 
0.015430413604307566 
0.015430413604307566 
0.015430413604307566 
0.015430413604307566 
0.015430413604307566 
0.015430413604307566 
0.015430413604307566 
0.015430413604307566 
0.015430413604307566 
0.015430413604307566 
0.015430413604307566 
0.015430413604307566 
0.015430413604307566 
0.015430413604307566 
0.015430413604307566 
0.015430413604307566 
0.015430413604307566 
0.015430413604307566 
0.015430413604307566 
0.015430413604307566 
0.015430413604307566 
0.015430413604307566 
0.015430413604307566 
0.015430413604307566 
0.015430413604307566 
0.015430413604307566 
0.015430413604307566 
0.015430413604307566 
0.015430413604307566 
0.015430413604307566 
0.015430413604307566 
0.015430413604307566 
0.015430413604307566 
0.015430413604307566 
0.015430413604307566 
0.015430413604307566 
0.015430413604307566 
0.015430413604307566 
0.015430413604307566 
0.015430413604307566 
0.015430413604307566 
0.015430413604307566 
0.015430413604307566 
0.015430413604307566 
0.015430413604307566 
0.015430413604307566 
0.015430413604307566 
0.015430413604307566 
0.015430413604307566 
0.015430413604307566 
0.015430413604307566 
0.015430413604307566 
0.015430413604307566 
0.015430413604307566 
0.015430413604307566 
0.015430413604307566 
0.015430413604307566 
0.015430413604307566 
0.015430413604307566 
0.015430413604307566 
0.015430413604307566 
0.015430413604307566 
0.015430413604307566 
0.015430413604307566 
0.015430413604307566 
0.015430413604307566 
0.015430413604307566 
0.015430413604307566 
0.015430413604307566 
0.015430413604307566 
0.015430413604307566 
0.015430413604307566 
0.015430413604307566 
0.015430413604307566 
0.015430413604307566 
0.015430413604307566 
0.015430413604307566 
0.015430413604307566 
0.015430413604307566 
0.015430413604307566 
0.015430413604307566 
0.015430413604307566 
0.015430413604307566 
0.015430413604307566 
0.015430413604307566 
0.015430413604307566 
0.015430413604307566 
0.015430413604307566 
0.015430413604307566 
0.015430413604307566 
0.015430413604307566 
0.015430413604307566 
0.015430413604307566 
0.015430413604307566 
0.015430413604307566 
0.015430413604307566 
0.015430413604307566 
0.015430413604307566 
0.015430413604307566 
0.015430413604307566 
0.015430413604307566 
0.015430413604307566 
0.015430413604307566 
0.015430413604307566 
0.015430413604307566 
0.015430413604307566 
0.015430413604307566 
0.015430413604307566 
0.015430413604307566 
0.015430413604307566 
0.015430413604307566 
0.015430413604307566 
0.015430413604307566 
0.015430413604307566 
0.015430413604307566 
0.015430413604307566 
0.015430413604307566 
0.015430413604307566 
0.015430413604307566 
0.015430413604307566 
0.015430413604307566 
0.015430413604307566 
0.015430413604307566 
0.015430413604307566 
0.015430413604307566 
0.015430413604307566 
0.015430413604307566 
0.015430413604307566 
0.015430413604307566 
0.015430413604307566 
0.015430413604307566 
0.015430413604307566 
0.015430413604307566 
0.015430413604307566 
0.015430413604307566 
0.015430413604307566 
0.015430413604307566 
0.015430413604307566 
0.015430413604307566 
0.015430413604307566 
0.015430413604307566 
0.015430413604307566 
0.015430413604307566 
0.015430413604307566 
0.015430413604307566 
0.015430413604307566 
0.015430413604307566 
0.015430413604307566 
0.015430413604307566 
0.015430413604307566 
0.015430413604307566 
0.015430413604307566 
0.015430413604307566 
0.015430413604307566 
0.015430413604307566 
0.015430413604307566 
0.015430413604307566 
0.015430413604307566 
0.015430413604307566 
0.015430413604307566 
0.015430413604307566 
0.015430413604307566 
0.015430413604307566 
0.015430413604307566 
0.015430413604307566 
0.015430413604307566 
0.015430413604307566 
0.015430413604307566 
0.015430413604307566 
0.015430413604307566 
0.015430413604307566 
0.015430413604307566 
0.015430413604307566 
0.015430413604307566 
0.015430413604307566 
0.015430413604307566 
0.015430413604307566 
0.015430413604307566 
0.015430413604307566 
0.015430413604307566 
0.015430413604307566 
0.015430413604307566 
0.015430413604307566 
0.015430413604307566 
0.015430413604307566 
0.015430413604307566 
0.015430413604307566 
0.015430413604307566 
0.015430413604307566 
0.015430413604307566 
0.015430413604307566 
0.015430413604307566 
0.015430413604307566 
0.015430413604307566 
0.015430413604307566 
0.015430413604307566 
0.015430413604307566 
0.015430413604307566 
0.015430413604307566 
0.015430413604307566 
0.015430413604307566 
0.015430413604307566 
0.015430413604307566 
0.015430413604307566 
0.015430413604307566 
0.015430413604307566 
0.015430413604307566 
0.015430413604307566 
0.015430413604307566 
0.015430413604307566 
0.015430413604307566 
0.015430413604307566 
0.015430413604307566 
0.015430413604307566 
0.015430413604307566 
0.015430413604307566 
0.015430413604307566 
0.015430413604307566 
0.015430413604307566 
0.015430413604307566 
0.015430413604307566 
0.015430413604307566 
0.015430413604307566 
0.015430413604307566 
0.015430413604307566 
0.015430413604307566 
0.015430413604307566 
0.015430413604307566 
0.015430413604307566 
0.015430413604307566 
0.015430413604307566 
0.015430413604307566 
0.015430413604307566 
0.015430413604307566 
0.015430413604307566 
0.015430413604307566 
0.015430413604307566 
0.015430413604307566 
0.015430413604307566 
0.015430413604307566 
0.015430413604307566 
0.015430413604307566 
0.015430413604307566 
0.015430413604307566 
0.015430413604307566 
0.015430413604307566 
0.015430413604307566 
0.015430413604307566 
0.015430413604307566 
0.015430413604307566 
0.015430413604307566 
0.015430413604307566 
0.015430413604307566 
0.015430413604307566 
0.015430413604307566 
0.015430413604307566 
0.015430413604307566 
0.015430413604307566 
0.015430413604307566 
0.015430413604307566 
0.015430413604307566 
0.015430413604307566 
0.015430413604307566 
0.015430413604307566 
0.015430413604307566 
0.015430413604307566 
0.015430413604307566 
0.015430413604307566 
0.015430413604307566 
0.015430413604307566 
0.015430413604307566 
0.015430413604307566 
0.015430413604307566 
0.015430413604307566 
0.015430413604307566 
0.015430413604307566 
0.015430413604307566 
0.015430413604307566 
0.015430413604307566 
0.015430413604307566 
0.015430413604307566 
0.015430413604307566 
0.015430413604307566 
0.015430413604307566 
0.015430413604307566 
0.015430413604307566 
0.015430413604307566 
0.015430413604307566 
0.015430413604307566 
0.015430413604307566 
0.015430413604307566 
0.015430413604307566 
0.015430413604307566 
0.015430413604307566 
0.015430413604307566 
0.015430413604307566 
0.015430413604307566 
0.015430413604307566 
0.015430413604307566 
0.015430413604307566 
0.015430413604307566 
0.015430413604307566 
0.015430413604307566 
0.015430413604307566 
0.015430413604307566 
0.015430413604307566 
0.015430413604307566 
0.015430413604307566 
0.015430413604307566 
0.015430413604307566 
0.015430413604307566 
0.015430413604307566 
0.015430413604307566 
0.015430413604307566 
0.015430413604307566 
0.015430413604307566 
0.015430413604307566 
0.015430413604307566 
0.015430413604307566 
0.015430413604307566 
0.015430413604307566 
0.015430413604307566 
0.015430413604307566 
0.015430413604307566 
0.015430413604307566 
0.015430413604307566 
0.015430413604307566 
0.015430413604307566 
0.015430413604307566 
0.015430413604307566 
0.015430413604307566 
0.015430413604307566 
0.015430413604307566 
0.015430413604307566 
0.015430413604307566 
0.015430413604307566 
0.015430413604307566 
0.015430413604307566 
0.015430413604307566 
0.015430413604307566 
0.015430413604307566 
0.015430413604307566 
0.015430413604307566 
0.015430413604307566 
0.015430413604307566 
0.015430413604307566 
0.015430413604307566 
0.015430413604307566 
0.015430413604307566 
0.015430413604307566 
0.015430413604307566 
0.015430413604307566 
0.015430413604307566 
0.015430413604307566 
0.015430413604307566 
0.015430413604307566 
0.015430413604307566 
0.015430413604307566 
0.015430413604307566 
0.015430413604307566 
0.015430413604307566 
0.015430413604307566 
0.015430413604307566 
0.015430413604307566 
0.015430413604307566 
0.015430413604307566 
0.015430413604307566 
0.015430413604307566 
