0.0072 
0.0092 
0.01 
0.0112 
0.0104 
0.0104 
0.014 
0.0176 
0.0196 
0.0224 
0.0248 
0.0264 
0.03 
0.0324 
0.0356 
0.0384 
0.038 
0.0396 
0.0392 
0.0404 
0.0412 
0.0432 
0.0424 
0.0432 
0.0452 
0.0464 
0.0484 
0.0492 
0.0512 
0.0532 
0.056 
0.0568 
0.0568 
0.0568 
0.0568 
0.0588 
0.0596 
0.062 
0.064 
0.064 
0.0656 
0.0652 
0.0672 
0.068 
0.0704 
0.0724 
0.074 
0.0756 
0.074 
0.0756 
0.0756 
0.0756 
0.0776 
0.0776 
0.078 
0.0788 
0.0808 
0.0812 
0.0816 
0.0816 
0.0816 
0.0832 
0.084 
0.0848 
0.0856 
0.0868 
0.0872 
0.0892 
0.0908 
0.0924 
0.0948 
0.094 
0.0952 
0.0968 
0.0988 
0.0992 
0.1 
0.0996 
0.0996 
0.1004 
0.1008 
0.1016 
0.102 
0.1032 
0.104 
0.1048 
0.1068 
0.1088 
0.1088 
0.1096 
0.1096 
0.1112 
0.1112 
0.1124 
0.1116 
0.1116 
0.1124 
0.1136 
0.1136 
0.1144 
0.116 
0.1164 
0.1156 
0.116 
0.116 
0.1152 
0.1152 
0.1172 
0.1176 
0.1172 
0.1176 
0.1184 
0.1184 
0.1196 
0.12 
0.12 
0.1196 
0.1192 
0.1192 
0.1204 
0.1208 
0.1216 
0.1232 
0.124 
0.1244 
0.1252 
0.126 
0.1268 
0.1276 
0.1292 
0.1292 
0.13 
0.1308 
0.1328 
0.134 
0.134 
0.1336 
0.1344 
0.1344 
0.1344 
0.1344 
0.1348 
0.1348 
0.1352 
0.136 
0.1352 
0.136 
0.136 
0.1364 
0.1364 
0.136 
0.1372 
0.1372 
0.1388 
0.1396 
0.14 
0.1408 
0.1428 
0.144 
0.142 
0.1416 
0.1416 
0.1404 
0.1404 
0.1408 
0.1404 
0.1412 
0.1416 
0.1424 
0.1432 
0.1436 
0.1444 
0.144 
0.1432 
0.1436 
0.1432 
0.144 
0.144 
0.1436 
0.144 
0.1436 
0.1432 
0.144 
0.144 
0.1436 
0.1444 
0.1448 
0.1448 
0.1444 
0.1452 
0.1468 
0.1464 
0.1468 
0.148 
0.1476 
0.1468 
0.1468 
0.1476 
0.1468 
0.1468 
0.1472 
0.148 
0.148 
0.148 
0.1468 
0.1472 
0.1472 
0.1476 
0.1484 
0.148 
0.1484 
0.1488 
0.1488 
0.1492 
0.1492 
0.15 
0.1504 
0.1512 
0.1516 
0.1512 
0.1524 
0.1528 
0.1532 
0.1528 
0.1528 
0.1532 
0.1536 
0.154 
0.1544 
0.1548 
0.1544 
0.1544 
0.1548 
0.1544 
0.1536 
0.1548 
0.1548 
0.1552 
0.1552 
0.1552 
0.1552 
0.1552 
0.1556 
0.156 
0.1564 
0.1564 
0.1568 
0.156 
0.156 
0.156 
0.1564 
0.1568 
0.1572 
0.158 
0.1584 
0.1584 
0.1584 
0.1588 
0.1588 
0.1592 
0.1592 
0.1596 
0.16 
0.1608 
0.1608 
0.1612 
0.1612 
0.1608 
0.1608 
0.1604 
0.1608 
0.1608 
0.1612 
0.162 
0.1624 
0.162 
0.1624 
0.1632 
0.1632 
0.1636 
0.164 
0.1648 
0.1648 
0.1652 
0.1652 
0.1652 
0.1652 
0.1652 
0.164 
0.1644 
0.1644 
0.1648 
0.1656 
0.166 
0.166 
0.1656 
0.1656 
0.1652 
0.1652 
0.1656 
0.166 
0.1664 
0.1668 
0.1668 
0.1668 
0.1656 
0.1656 
0.1656 
0.1656 
0.1656 
0.1656 
0.166 
0.1656 
0.1656 
0.1656 
0.1656 
0.1652 
0.164 
0.164 
0.164 
0.164 
0.164 
0.1644 
0.1648 
0.1652 
0.1652 
0.1652 
0.1652 
0.1648 
0.1644 
0.1644 
0.1652 
0.1656 
0.1656 
0.1656 
0.166 
0.166 
0.1656 
0.1656 
0.1656 
0.1652 
0.1656 
0.1652 
0.1648 
0.1648 
0.1644 
0.1644 
0.1644 
0.1644 
0.1644 
0.1644 
0.1644 
0.1644 
0.164 
0.1636 
0.1636 
0.164 
0.164 
0.164 
0.164 
0.1644 
0.164 
0.1644 
0.1648 
0.1648 
0.1652 
0.1652 
0.1648 
0.1648 
0.1648 
0.1652 
0.1652 
0.1652 
0.1656 
0.166 
0.166 
0.166 
0.1668 
0.1668 
0.1672 
0.1672 
0.1676 
0.1684 
0.1684 
0.1684 
0.1684 
0.1684 
0.1688 
0.1688 
0.1692 
0.1692 
0.1696 
0.1696 
0.1692 
0.1692 
0.1692 
0.1684 
0.168 
0.168 
0.168 
0.168 
0.168 
0.168 
0.1676 
0.1676 
0.1676 
0.1676 
0.1672 
0.1676 
0.1676 
0.1672 
0.1664 
0.1664 
0.1656 
0.1652 
0.1652 
0.1652 
0.1652 
0.1656 
0.1656 
0.166 
0.166 
0.166 
0.166 
0.1656 
0.1656 
0.166 
0.166 
0.166 
0.166 
0.166 
0.1664 
0.1664 
0.1656 
0.166 
0.166 
0.1664 
0.1664 
0.1664 
0.166 
0.166 
0.1656 
0.1664 
0.1668 
0.1672 
0.1676 
0.1676 
0.1672 
0.1672 
0.1672 
0.1672 
0.1672 
0.1672 
0.1672 
0.1668 
0.1668 
0.1668 
0.1668 
0.1668 
0.1668 
0.1664 
0.1664 
0.1664 
0.166 
0.1668 
0.1664 
0.1668 
0.1664 
0.1664 
0.1664 
0.1664 
0.1664 
0.1664 
0.1664 
0.166 
0.1656 
0.1656 
0.1652 
0.1652 
0.1648 
0.1648 
0.1656 
0.1656 
0.1652 
0.1652 
0.1652 
0.1652 
0.1652 
0.1648 
0.1648 
0.1648 
0.1648 
0.1648 
0.1648 
0.1648 
0.1644 
0.1644 
0.1644 
0.1644 
0.1644 
0.164 
0.1636 
0.1636 
0.1636 
0.164 
0.164 
0.164 
0.1644 
0.1648 
0.1648 
0.1652 
0.1652 
0.1652 
0.1652 
0.1652 
0.1656 
0.1656 
0.1656 
0.1656 
0.1664 
0.1664 
0.1664 
0.1664 
0.1672 
0.1668 
0.1668 
0.1668 
0.1668 
0.1668 
0.1668 
0.1664 
0.1664 
0.1668 
0.1668 
0.1668 
0.1668 
0.1664 
0.1668 
0.1668 
0.1668 
0.1668 
0.1668 
0.1668 
0.1668 
0.1668 
0.1668 
0.1672 
0.1672 
0.1672 
0.1672 
0.1672 
0.1672 
0.1672 
0.1668 
0.1668 
0.1668 
0.1672 
0.1672 
0.1672 
0.1672 
0.1672 
0.1672 
0.1672 
0.1672 
0.1672 
0.1672 
0.168 
0.168 
0.168 
0.168 
0.168 
0.168 
0.168 
0.168 
0.1684 
0.1684 
0.1684 
0.1684 
0.1684 
0.1684 
0.1684 
0.1684 
0.1684 
0.1684 
0.168 
0.168 
0.168 
0.168 
0.168 
0.168 
0.168 
0.168 
0.1672 
0.1672 
0.1672 
0.1672 
0.1672 
0.1672 
0.1672 
0.1672 
0.1676 
0.1672 
0.1672 
0.1672 
0.1672 
0.1672 
0.1676 
0.1676 
0.1676 
0.1676 
0.1676 
0.1676 
0.1676 
0.1676 
0.1676 
0.1676 
0.1676 
0.1676 
0.1676 
0.168 
0.168 
0.168 
0.168 
0.1676 
0.168 
0.168 
0.168 
0.1684 
0.1684 
0.1688 
0.1688 
0.1688 
0.1688 
0.1684 
0.1684 
0.1684 
0.1684 
0.1684 
0.1684 
0.1684 
0.1684 
0.1684 
0.1684 
0.1684 
0.1684 
0.1684 
0.1684 
0.1684 
0.1684 
0.1684 
0.1684 
0.1684 
0.1688 
0.1688 
0.1688 
0.1688 
0.1688 
0.1688 
0.1688 
0.1688 
0.1688 
0.1688 
0.1684 
0.1684 
0.1684 
0.1684 
0.1688 
0.1688 
0.1688 
0.1688 
0.1688 
0.1688 
0.1688 
0.1688 
0.1688 
0.1688 
0.1688 
0.1688 
0.1688 
0.1688 
0.1688 
0.1688 
0.1688 
0.1688 
0.1688 
0.168 
0.168 
0.168 
0.168 
0.168 
0.168 
0.168 
0.168 
0.168 
0.168 
0.168 
0.168 
0.168 
0.168 
0.168 
0.168 
0.1676 
0.1676 
0.1676 
0.1676 
0.1676 
0.1676 
0.1676 
0.1676 
0.1676 
0.1676 
0.1676 
0.1676 
0.1676 
0.1676 
0.1676 
0.1676 
0.1676 
0.168 
0.168 
0.168 
0.168 
0.168 
0.168 
0.168 
0.168 
0.168 
0.168 
0.1684 
0.1684 
0.1684 
0.1688 
0.1688 
0.1688 
0.1688 
0.1688 
0.1688 
0.1688 
0.1688 
0.1688 
0.1692 
0.1692 
0.1692 
0.1692 
0.1692 
0.1692 
0.1692 
0.1692 
0.1692 
0.1692 
0.1692 
0.1692 
0.1692 
0.1692 
0.1692 
0.1692 
0.1696 
0.1696 
0.1692 
0.1692 
0.1692 
0.1692 
0.1692 
0.1692 
0.1692 
0.17 
0.17 
0.17 
0.17 
0.17 
0.1704 
0.1704 
0.1704 
0.1704 
0.1704 
0.1704 
0.1704 
0.17 
0.17 
0.17 
0.17 
0.17 
0.17 
0.17 
0.17 
0.17 
0.17 
0.17 
0.17 
0.17 
0.17 
0.17 
0.17 
0.17 
0.17 
0.17 
0.17 
0.17 
0.17 
0.17 
0.17 
0.17 
0.17 
0.17 
0.17 
0.17 
0.17 
0.17 
0.17 
0.1692 
0.1692 
0.1692 
0.1696 
0.1696 
0.1696 
0.1696 
0.1696 
0.1696 
0.1696 
0.1696 
0.1696 
0.1696 
0.1696 
0.1696 
0.1696 
0.1696 
0.1696 
0.1696 
0.1696 
0.1696 
0.1696 
0.1696 
0.1696 
0.1696 
0.1692 
0.1692 
0.1692 
0.1692 
0.1692 
0.1692 
0.1692 
0.1696 
0.1696 
0.1696 
0.1696 
0.1696 
0.1696 
0.1696 
0.1696 
0.1692 
0.1692 
0.1688 
0.1688 
0.1688 
0.1688 
0.1688 
0.1688 
0.1688 
0.1688 
0.1688 
0.1688 
0.1688 
0.1688 
0.1688 
0.1688 
0.1688 
0.1688 
0.1688 
0.1688 
0.1688 
0.1688 
0.1688 
0.1688 
0.1688 
0.1688 
0.1688 
0.1688 
0.1688 
0.1688 
0.1688 
0.1688 
0.1688 
0.1688 
0.1688 
0.1688 
0.1688 
0.1688 
0.1688 
0.1688 
0.1688 
0.1688 
0.1688 
0.1688 
0.1688 
0.1688 
0.1688 
0.1688 
0.1684 
0.1684 
0.1684 
0.1684 
0.1688 
0.1688 
0.1688 
0.1688 
0.1688 
0.1688 
0.1688 
0.1688 
0.1688 
0.1688 
0.1688 
0.1688 
0.1688 
0.1688 
0.1688 
0.1688 
0.1688 
0.1688 
0.1688 
0.1688 
0.1688 
0.1688 
0.1688 
0.1688 
0.1688 
0.1688 
0.1688 
0.1688 
0.1688 
0.1688 
0.1684 
0.1684 
0.1684 
0.1684 
0.1684 
0.1684 
0.1684 
0.1684 
0.1684 
0.1684 
0.1684 
0.1684 
0.1684 
0.1684 
0.1684 
0.1684 
0.1684 
0.1684 
0.1684 
0.1684 
0.1684 
0.1684 
0.1684 
0.1684 
0.1684 
0.1684 
0.1684 
0.1684 
0.1684 
0.1684 
0.1684 
0.1684 
0.1684 
0.1684 
0.1684 
0.1684 
0.1684 
0.1684 
0.1684 
0.1684 
0.1684 
0.1684 
0.1684 
0.168 
0.168 
0.168 
0.168 
0.168 
0.168 
0.168 
0.168 
0.168 
0.168 
0.168 
0.168 
0.168 
0.168 
0.168 
0.168 
0.168 
0.168 
0.168 
0.168 
0.168 
0.168 
0.168 
0.168 
0.168 
0.168 
0.168 
0.168 
0.168 
0.168 
0.168 
0.168 
0.168 
0.168 
0.168 
0.168 
0.168 
0.168 
0.168 
0.168 
0.168 
0.168 
0.168 
0.168 
0.168 
0.168 
0.168 
0.168 
0.168 
0.168 
0.168 
0.168 
0.168 
0.168 
0.168 
0.168 
0.168 
0.168 
0.168 
0.168 
0.168 
0.168 
0.168 
0.168 
0.168 
0.168 
0.168 
0.168 
0.168 
0.168 
0.168 
0.168 
0.168 
0.168 
0.168 
0.168 
0.168 
0.168 
0.168 
0.168 
0.168 
0.168 
0.168 
0.168 
0.168 
0.168 
0.168 
0.168 
0.168 
0.168 
0.168 
0.168 
0.168 
0.168 
0.168 
0.168 
0.168 
0.168 
0.168 
0.168 
0.168 
0.168 
0.168 
0.168 
0.168 
0.168 
0.168 
0.168 
0.168 
0.168 
0.168 
0.168 
0.168 
0.168 
0.168 
0.168 
0.168 
0.168 
0.168 
0.1676 
0.1676 
0.1676 
0.1676 
0.1676 
0.1676 
0.1676 
0.1676 
0.1676 
0.1676 
0.1676 
0.1676 
0.1676 
0.1676 
0.1676 
0.1676 
0.1676 
0.1676 
0.1676 
0.1676 
0.1676 
0.1676 
0.1676 
0.1676 
0.1676 
0.1676 
0.1676 
0.1676 
0.1676 
0.1676 
0.1676 
0.1676 
0.1676 
0.1676 
0.1676 
0.1676 
0.1676 
0.1676 
0.1676 
0.1676 
0.1676 
0.1676 
0.1676 
0.1676 
0.1676 
0.1676 
0.1676 
0.1676 
0.1676 
0.1676 
0.1676 
0.1676 
0.1676 
0.1676 
0.1676 
0.1676 
0.1676 
0.1676 
0.1676 
0.1676 
0.1676 
0.1676 
0.1676 
0.1676 
0.1676 
0.1676 
0.1676 
0.1676 
0.1676 
0.1676 
0.1676 
0.1676 
0.1676 
0.1676 
0.1676 
0.1676 
0.1676 
0.1676 
0.1676 
0.1676 
0.1676 
0.1676 
0.1676 
0.1676 
0.1676 
0.1676 
0.1676 
0.1676 
0.1676 
0.1676 
0.1676 
0.1676 
0.1676 
0.1676 
0.1676 
0.1676 
0.1676 
0.1676 
0.1676 
0.1676 
0.1676 
0.1676 
0.1676 
0.1676 
0.1676 
0.1676 
0.1676 
0.1676 
0.1676 
0.1676 
0.1676 
0.1676 
0.1676 
0.1676 
0.1676 
0.1676 
0.1676 
0.1676 
0.1676 
0.1676 
0.1676 
0.1676 
0.1676 
0.1676 
0.1676 
0.168 
0.168 
0.168 
0.168 
0.168 
0.168 
0.168 
0.168 
0.168 
0.168 
0.168 
0.168 
0.168 
0.168 
0.168 
0.168 
0.168 
0.168 
0.168 
0.168 
0.168 
0.168 
0.168 
0.168 
0.168 
0.168 
0.168 
0.168 
0.168 
0.168 
0.168 
0.168 
0.168 
0.168 
0.168 
0.1676 
0.1676 
0.1676 
0.1676 
0.1676 
0.1676 
0.1676 
0.1676 
0.1676 
0.1676 
0.1676 
0.1676 
0.1676 
0.1676 
0.1676 
0.1676 
0.1676 
0.1676 
0.1676 
0.1676 
0.1676 
0.1676 
0.1676 
0.1676 
0.1676 
0.1676 
0.1676 
0.1676 
0.1676 
0.1676 
0.1676 
0.1676 
0.1676 
0.1676 
0.1676 
0.1676 
0.1676 
0.1676 
0.1676 
0.1676 
0.1676 
0.1676 
0.1676 
0.1676 
0.1676 
0.1676 
0.1676 
0.1676 
0.1676 
0.1676 
0.1676 
0.1676 
0.1676 
0.1676 
0.1676 
0.1676 
0.1676 
0.1676 
0.1676 
0.1676 
0.1676 
0.1676 
0.1676 
0.1676 
0.1676 
0.1676 
0.1676 
0.1676 
0.1676 
0.1676 
0.1676 
0.1676 
0.1676 
0.1676 
0.1676 
0.1676 
0.1676 
0.1676 
0.1676 
0.1676 
0.1676 
0.1676 
0.1676 
0.1676 
0.1676 
0.1676 
0.1676 
0.1676 
0.1676 
0.1676 
0.1676 
0.1676 
0.1676 
0.1676 
0.1672 
0.1672 
0.1672 
0.1672 
0.1672 
0.1672 
0.1672 
0.1672 
0.1672 
0.1672 
0.1672 
0.1672 
0.1672 
0.1672 
0.1672 
0.1672 
0.1672 
0.1672 
0.1672 
0.1672 
0.1672 
0.1672 
0.1672 
0.1672 
0.1672 
0.1672 
0.1672 
0.1672 
0.1672 
0.1672 
0.1672 
0.1672 
0.1672 
0.1672 
0.1672 
0.1672 
0.1672 
0.1672 
0.1672 
0.1672 
0.1672 
0.1672 
0.1672 
0.1672 
0.1672 
0.1672 
0.1672 
0.1672 
0.1672 
0.1672 
0.1672 
0.1672 
0.1672 
0.1672 
0.1672 
0.1672 
0.1672 
0.1672 
0.1672 
0.1672 
0.1672 
0.1672 
0.1672 
0.1672 
0.1672 
0.1672 
0.1672 
0.1672 
0.1672 
0.1672 
0.1672 
0.1672 
0.1672 
0.1672 
0.1672 
0.1672 
0.1672 
0.1672 
0.1672 
0.1672 
0.1672 
0.1672 
0.1672 
0.1672 
0.1672 
0.1672 
0.1672 
0.1672 
0.1672 
0.1672 
0.1672 
0.1672 
0.1672 
0.1672 
0.1672 
0.1672 
0.1672 
0.1672 
0.1672 
0.1672 
0.1672 
0.1672 
0.1672 
0.1672 
0.1672 
0.1672 
0.1672 
0.1672 
0.1672 
0.1672 
0.1672 
0.1672 
0.1672 
0.1672 
0.1672 
0.1672 
0.1672 
0.1672 
0.1672 
0.1672 
0.1672 
0.1672 
0.1672 
0.1672 
0.1672 
0.1672 
0.1672 
0.1672 
0.1672 
0.1672 
0.1672 
0.1672 
0.1672 
0.1672 
0.1672 
0.1672 
0.1672 
0.1672 
0.1672 
0.1672 
0.1672 
0.1672 
0.1672 
0.1672 
0.1672 
0.1672 
0.1672 
0.1672 
0.1672 
0.1672 
0.1672 
0.1672 
0.1672 
0.1672 
0.1672 
0.1672 
0.1672 
0.1672 
0.1672 
0.1672 
0.1672 
0.1672 
0.1672 
0.1672 
0.1672 
0.1672 
0.1672 
0.1672 
0.1672 
0.1672 
0.1672 
0.1672 
0.1672 
0.1672 
0.1672 
0.1672 
0.1672 
0.1672 
0.1672 
0.1672 
0.1672 
0.1672 
0.1672 
0.1672 
0.1672 
0.1672 
0.1672 
0.1672 
0.1672 
0.1672 
0.1672 
0.1672 
0.1672 
0.1672 
0.1672 
0.1672 
0.1672 
0.1672 
0.1672 
0.1672 
0.1672 
0.1672 
0.1672 
0.1672 
0.1672 
0.1672 
0.1672 
0.1672 
0.1672 
0.1672 
0.1672 
0.1672 
0.1672 
0.1672 
0.1672 
0.1672 
0.1672 
0.1672 
0.1672 
0.1672 
0.1672 
0.1672 
0.1672 
0.1672 
0.1672 
0.1672 
0.1672 
0.1672 
0.1672 
0.1672 
0.1672 
0.1672 
0.1672 
0.1672 
0.1672 
0.1672 
0.1672 
0.1672 
0.1672 
0.1672 
0.1672 
0.1672 
0.1672 
0.1672 
0.1672 
0.1672 
0.1672 
0.1672 
0.1672 
0.1672 
0.1672 
0.1672 
0.1672 
0.1672 
0.1672 
0.1672 
0.1672 
0.1672 
0.1672 
0.1672 
0.1672 
0.1672 
0.1672 
0.1672 
0.1672 
0.1672 
0.1672 
0.1672 
0.1672 
0.1672 
0.1672 
0.1672 
0.1672 
0.1672 
0.1672 
0.1672 
0.1672 
0.1672 
0.1672 
0.1672 
0.1672 
0.1672 
0.1672 
0.1672 
0.1672 
0.1672 
0.1672 
0.1672 
0.1672 
0.1672 
0.1672 
0.1672 
0.1672 
0.1672 
0.1672 
0.1672 
0.1672 
0.1672 
0.1672 
0.1672 
0.1672 
0.1672 
0.1672 
0.1672 
0.1672 
0.1672 
0.1672 
0.1672 
0.1672 
0.1672 
0.1672 
0.1672 
0.1672 
0.1672 
0.1672 
0.1672 
0.1672 
0.1672 
0.1672 
0.1672 
0.1672 
0.1672 
0.1672 
0.1672 
0.1672 
0.1672 
0.1672 
0.1672 
0.1672 
0.1672 
0.1672 
0.1672 
0.1672 
0.1672 
0.1672 
0.1672 
0.1672 
0.1672 
0.1672 
0.1672 
0.1672 
0.1672 
0.1672 
0.1672 
0.1672 
0.1672 
0.1672 
0.1672 
0.1672 
0.1672 
0.1672 
0.1672 
0.1672 
0.1672 
0.1672 
0.1672 
0.1672 
0.1672 
0.1672 
0.1672 
0.1672 
0.1672 
0.1672 
0.1672 
0.1672 
0.1672 
0.1672 
0.1672 
0.1672 
0.1672 
0.1672 
0.1672 
0.1672 
0.1672 
0.1672 
0.1672 
0.1672 
0.1672 
0.1672 
0.1672 
0.1672 
0.1672 
0.1672 
0.1672 
0.1672 
0.1672 
0.1672 
0.1672 
0.1672 
0.1672 
0.1672 
0.1672 
0.1672 
0.1672 
0.1672 
0.1672 
0.1672 
0.1672 
0.1672 
0.1672 
0.1672 
0.1672 
0.1672 
0.1672 
0.1672 
0.1672 
0.1672 
0.1672 
0.1672 
0.1672 
0.1672 
0.1672 
0.1672 
0.1672 
0.1672 
0.1672 
0.1672 
0.1672 
0.1672 
0.1672 
0.1672 
0.1672 
0.1672 
0.1672 
0.1672 
0.1672 
0.1672 
0.1672 
0.1672 
0.1672 
0.1672 
0.1672 
0.1672 
0.1672 
0.1672 
0.1672 
0.1672 
0.1672 
0.1672 
0.1672 
0.1672 
0.1672 
0.1672 
0.1672 
0.1672 
0.1672 
0.1672 
0.1672 
0.1672 
0.1672 
0.1672 
0.1672 
0.1672 
0.1672 
0.1672 
0.1672 
0.1672 
0.1672 
0.1672 
0.1672 
0.1672 
0.1672 
0.1672 
0.1672 
0.1672 
0.1672 
0.1672 
0.1672 
0.1672 
0.1672 
0.1672 
0.1672 
0.1672 
0.1672 
0.1672 
0.1672 
0.1672 
0.1672 
0.1672 
0.1672 
0.1672 
0.1672 
0.1672 
0.1672 
0.1672 
0.1672 
0.1672 
0.1672 
0.1672 
0.1672 
0.1672 
0.1672 
0.1672 
0.1672 
0.1672 
0.1672 
0.1672 
0.1672 
0.1672 
0.1672 
0.1672 
0.1672 
0.1672 
0.1672 
0.1672 
0.1672 
0.1672 
0.1672 
0.1672 
0.1672 
0.1672 
0.1672 
0.1672 
0.1672 
0.1672 
0.1672 
0.1672 
0.1672 
0.1672 
0.1672 
0.1672 
0.1672 
0.1672 
0.1672 
0.1672 
0.1672 
0.1672 
0.1672 
0.1672 
0.1672 
0.1672 
0.1672 
0.1672 
0.1672 
0.1672 
0.1672 
0.1672 
0.1672 
0.1672 
0.1672 
0.1672 
0.1672 
0.1672 
0.1672 
0.1672 
0.1672 
0.1672 
0.1672 
0.1672 
0.1672 
0.1672 
0.1672 
0.1672 
0.1672 
0.1672 
0.1672 
0.1672 
0.1672 
0.1672 
0.1672 
0.1672 
0.1672 
0.1672 
0.1672 
0.1672 
0.1672 
0.1672 
0.1672 
0.1672 
0.1672 
0.1672 
0.1672 
0.1672 
0.1672 
0.1672 
0.1672 
0.1672 
0.1672 
0.1672 
0.1672 
0.1672 
0.1672 
0.1672 
0.1672 
0.1672 
0.1672 
0.1672 
0.1672 
0.1672 
0.1672 
0.1672 
0.1672 
0.1672 
0.1672 
0.1672 
0.1672 
0.1672 
0.1672 
0.1672 
0.1672 
0.1672 
0.1672 
0.1672 
0.1672 
0.1672 
0.1672 
0.1672 
0.1672 
0.1672 
0.1672 
0.1672 
0.1672 
0.1672 
0.1672 
0.1672 
0.1672 
0.1672 
0.1672 
0.1672 
0.1672 
0.1672 
0.1672 
0.1672 
0.1672 
0.1672 
0.1672 
0.1672 
0.1672 
0.1672 
0.1672 
0.1672 
0.1672 
0.1672 
0.1672 
0.1672 
0.1672 
0.1672 
0.1672 
0.1672 
0.1672 
0.1672 
0.1672 
0.1672 
0.1672 
0.1672 
0.1672 
0.1672 
0.1672 
0.1672 
0.1672 
0.1672 
0.1672 
0.1672 
0.1672 
0.1672 
0.1672 
0.1672 
0.1672 
0.1672 
0.1672 
0.1672 
0.1672 
0.1672 
0.1672 
0.1672 
0.1672 
0.1672 
0.1672 
0.1672 
0.1672 
0.1672 
0.1672 
0.1672 
0.1672 
0.1672 
0.1672 
0.1672 
0.1672 
0.1672 
0.1672 
0.1672 
0.1672 
0.1672 
0.1672 
0.1672 
0.1672 
0.1672 
0.1672 
0.1672 
0.1672 
0.1672 
0.1672 
0.1672 
0.1672 
0.1672 
0.1672 
0.1672 
0.1672 
0.1672 
0.1672 
0.1672 
0.1672 
0.1672 
0.1672 
0.1672 
0.1672 
0.1672 
0.1672 
0.1672 
0.1672 
0.1672 
0.1672 
0.1672 
0.1672 
0.1672 
0.1672 
0.1672 
0.1672 
0.1672 
0.1672 
0.1672 
0.1672 
0.1672 
0.1672 
0.1672 
0.1672 
0.1672 
0.1672 
0.1672 
0.1672 
0.1672 
0.1672 
0.1672 
0.1672 
0.1672 
0.1672 
0.1672 
0.1672 
0.1672 
0.1672 
0.1672 
0.1672 
0.1672 
0.1672 
0.1672 
0.1672 
0.1672 
0.1672 
0.1672 
0.1672 
0.1672 
0.1672 
0.1672 
0.1672 
0.1672 
0.1672 
0.1672 
0.1672 
0.1672 
0.1672 
0.1672 
0.1672 
0.1672 
0.1672 
0.1672 
0.1672 
0.1672 
0.1672 
0.1672 
0.1672 
0.1672 
0.1672 
0.1672 
0.1672 
0.1672 
0.1672 
0.1672 
0.1672 
0.1672 
0.1672 
0.1672 
0.1672 
0.1672 
0.1672 
0.1672 
0.1672 
0.1672 
0.1672 
0.1672 
0.1672 
0.1672 
0.1672 
0.1672 
0.1672 
0.1672 
0.1672 
0.1672 
0.1672 
0.1672 
0.1672 
0.1672 
0.1672 
0.1672 
0.1672 
0.1672 
0.1672 
0.1672 
0.1672 
0.1672 
0.1672 
0.1672 
0.1672 
0.1672 
0.1672 
0.1672 
0.1672 
0.1672 
0.1672 
0.1672 
0.1672 
0.1672 
0.1672 
0.1672 
0.1672 
0.1672 
0.1672 
0.1672 
0.1672 
0.1672 
0.1672 
0.1672 
0.1672 
0.1672 
0.1672 
0.1672 
0.1672 
0.1672 
0.1672 
0.1672 
0.1672 
0.1672 
0.1672 
0.1672 
0.1672 
0.1672 
0.1672 
0.1672 
0.1672 
0.1672 
0.1672 
0.1672 
0.1672 
0.1672 
0.1672 
0.1672 
0.1672 
0.1672 
0.1672 
0.1672 
0.1672 
0.1672 
0.1672 
0.1672 
0.1672 
0.1672 
0.1672 
0.1672 
0.1672 
0.1672 
0.1672 
0.1672 
0.1672 
0.1672 
0.1672 
0.1672 
0.1672 
0.1672 
0.1672 
0.1672 
0.1672 
0.1672 
0.1672 
0.1672 
0.1672 
0.1672 
0.1672 
0.1672 
0.1672 
0.1672 
0.1672 
0.1672 
0.1672 
0.1672 
0.1672 
0.1672 
0.1672 
0.1672 
0.1672 
0.1672 
0.1672 
0.1672 
0.1672 
0.1672 
0.1672 
0.1672 
0.1672 
0.1672 
0.1672 
0.1672 
0.1672 
0.1672 
0.1672 
0.1672 
0.1672 
0.1672 
0.1672 
0.1672 
0.1672 
0.1672 
0.1672 
0.1672 
0.1672 
0.1672 
0.1672 
0.1672 
0.1672 
0.1672 
0.1672 
0.1672 
0.1672 
0.1672 
0.1672 
0.1672 
0.1672 
0.1672 
0.1672 
0.1672 
0.1672 
0.1672 
0.1672 
0.1672 
0.1672 
0.1672 
0.1672 
0.1672 
0.1672 
0.1672 
0.1672 
0.1672 
0.1672 
0.1672 
0.1672 
0.1672 
0.1672 
0.1672 
0.1672 
0.1672 
0.1672 
0.1672 
0.1672 
0.1672 
0.1672 
0.1672 
0.1672 
0.1672 
0.1672 
0.1672 
0.1672 
0.1672 
0.1672 
0.1672 
0.1672 
0.1672 
0.1672 
0.1672 
0.1672 
0.1672 
0.1672 
0.1672 
0.1672 
0.1672 
0.1672 
0.1672 
0.1672 
0.1672 
0.1672 
0.1672 
0.1672 
0.1672 
0.1672 
0.1672 
0.1672 
0.1672 
0.1672 
0.1672 
0.1672 
0.1672 
0.1672 
0.1672 
0.1672 
0.1672 
0.1672 
0.1672 
0.1672 
0.1672 
0.1672 
0.1672 
0.1672 
0.1672 
0.1672 
0.1672 
0.1672 
0.1672 
0.1672 
0.1672 
0.1672 
0.1672 
0.1672 
0.1672 
0.1672 
0.1672 
0.1672 
0.1672 
0.1672 
0.1672 
0.1672 
0.1672 
0.1672 
0.1672 
0.1672 
0.1672 
0.1672 
0.1672 
0.1672 
0.1672 
0.1672 
0.1672 
0.1672 
0.1672 
0.1672 
0.1672 
0.1672 
0.1672 
0.1672 
0.1672 
0.1672 
0.1672 
0.1672 
0.1672 
0.1672 
0.1672 
0.1672 
0.1672 
0.1672 
0.1672 
0.1672 
0.1672 
0.1672 
0.1672 
0.1672 
0.1672 
0.1672 
0.1672 
0.1672 
0.1672 
0.1672 
0.1672 
0.1672 
0.1672 
0.1672 
0.1672 
0.1672 
0.1672 
0.1672 
0.1672 
0.1672 
0.1672 
0.1672 
0.1672 
0.1672 
0.1672 
0.1672 
0.1672 
0.1672 
0.1672 
0.1672 
0.1672 
0.1672 
0.1672 
0.1672 
0.1672 
0.1672 
0.1672 
0.1672 
0.1672 
0.1672 
0.1672 
0.1672 
0.1672 
0.1672 
0.1672 
0.1672 
0.1672 
0.1672 
0.1672 
0.1672 
0.1672 
0.1672 
0.1672 
0.1672 
0.1672 
0.1672 
0.1672 
0.1672 
0.1672 
0.1672 
0.1672 
0.1672 
0.1672 
0.1672 
0.1672 
0.1672 
0.1672 
0.1672 
0.1672 
0.1672 
0.1672 
0.1672 
0.1672 
0.1672 
0.1672 
0.1672 
0.1672 
0.1672 
0.1672 
0.1672 
0.1672 
0.1672 
0.1672 
0.1672 
0.1672 
0.1672 
0.1672 
0.1672 
0.1672 
0.1672 
0.1672 
0.1672 
0.1672 
0.1672 
0.1672 
0.1672 
0.1672 
0.1672 
0.1672 
0.1672 
0.1672 
0.1672 
0.1672 
0.1672 
0.1672 
0.1672 
0.1672 
0.1672 
0.1672 
0.1672 
0.1672 
0.1672 
0.1672 
0.1672 
0.1672 
0.1672 
0.1672 
0.1672 
0.1672 
0.1672 
0.1672 
0.1672 
0.1672 
0.1672 
0.1672 
0.1672 
0.1672 
0.1672 
0.1672 
0.1672 
0.1672 
0.1672 
0.1672 
0.1672 
0.1672 
0.1672 
0.1672 
0.1672 
0.1672 
0.1672 
0.1672 
0.1672 
0.1672 
0.1672 
0.1672 
0.1672 
0.1672 
0.1672 
0.1672 
0.1672 
0.1672 
0.1672 
0.1672 
0.1672 
0.1672 
0.1672 
0.1672 
0.1672 
0.1672 
0.1672 
0.1672 
0.1672 
0.1672 
0.1672 
0.1672 
0.1672 
0.1672 
0.1672 
0.1672 
0.1672 
0.1672 
0.1672 
0.1672 
0.1672 
0.1672 
0.1672 
0.1672 
0.1672 
0.1672 
0.1672 
0.1672 
0.1672 
0.1672 
0.1672 
0.1672 
0.1672 
0.1672 
0.1672 
0.1672 
0.1672 
0.1672 
0.1672 
0.1672 
0.1672 
0.1672 
0.1672 
0.1672 
0.1672 
0.1672 
0.1672 
0.1672 
0.1672 
0.1672 
0.1672 
0.1672 
0.1672 
0.1672 
0.1672 
0.1672 
0.1672 
0.1672 
0.1672 
0.1672 
0.1672 
0.1672 
0.1672 
0.1672 
0.1672 
0.1672 
0.1672 
0.1672 
0.1672 
0.1672 
0.1672 
0.1672 
0.1672 
0.1672 
0.1672 
0.1672 
0.1672 
0.1672 
0.1672 
0.1672 
0.1672 
0.1672 
0.1672 
0.1672 
0.1672 
0.1672 
0.1672 
0.1672 
0.1672 
0.1672 
0.1672 
0.1672 
0.1672 
0.1672 
0.1672 
0.1672 
0.1672 
0.1672 
0.1672 
0.1672 
0.1672 
0.1672 
0.1672 
0.1672 
0.1672 
0.1672 
0.1672 
0.1672 
0.1672 
0.1672 
0.1672 
0.1672 
0.1672 
0.1672 
0.1672 
0.1672 
0.1672 
0.1672 
0.1672 
0.1672 
0.1672 
0.1672 
0.1672 
0.1672 
0.1672 
0.1672 
0.1672 
0.1672 
0.1672 
0.1672 
0.1672 
0.1672 
0.1672 
0.1672 
0.1672 
0.1672 
0.1672 
0.1672 
0.1672 
0.1672 
0.1672 
0.1672 
0.1672 
0.1672 
0.1672 
0.1672 
0.1672 
0.1672 
0.1672 
0.1672 
0.1672 
0.1672 
0.1672 
0.1672 
0.1672 
0.1672 
0.1672 
0.1672 
0.1672 
0.1672 
0.1672 
0.1672 
0.1672 
0.1672 
0.1672 
0.1672 
0.1672 
0.1672 
0.1672 
0.1672 
0.1672 
0.1672 
0.1672 
0.1672 
0.1672 
0.1672 
0.1672 
0.1672 
0.1672 
0.1672 
0.1672 
0.1672 
0.1672 
0.1672 
0.1672 
0.1672 
0.1672 
0.1672 
0.1672 
0.1672 
0.1672 
0.1672 
0.1672 
0.1672 
0.1672 
0.1672 
0.1672 
0.1672 
0.1672 
0.1672 
0.1672 
0.1672 
0.1672 
0.1672 
0.1672 
0.1672 
0.1672 
0.1672 
0.1672 
0.1672 
0.1672 
0.1672 
0.1672 
0.1672 
0.1672 
0.1672 
0.1672 
0.1672 
0.1672 
0.1672 
0.1672 
0.1672 
0.1672 
0.1672 
0.1672 
0.1672 
0.1672 
0.1672 
0.1672 
0.1672 
0.1672 
0.1672 
0.1672 
0.1672 
0.1672 
0.1672 
0.1672 
0.1672 
0.1672 
0.1672 
0.1672 
0.1672 
0.1672 
0.1672 
0.1672 
0.1672 
0.1672 
0.1672 
0.1672 
0.1672 
0.1672 
0.1672 
0.1672 
0.1672 
0.1672 
0.1672 
0.1672 
0.1672 
0.1672 
0.1672 
0.1672 
0.1672 
0.1672 
0.1672 
0.1672 
0.1672 
0.1672 
0.1672 
0.1672 
0.1672 
0.1672 
0.1672 
0.1672 
0.1672 
0.1672 
0.1672 
0.1672 
0.1672 
0.1672 
0.1672 
0.1672 
0.1672 
0.1672 
0.1672 
0.1672 
0.1672 
0.1672 
0.1672 
0.1672 
0.1672 
0.1672 
0.1672 
0.1672 
0.1672 
0.1672 
0.1672 
0.1672 
0.1672 
0.1672 
0.1672 
0.1672 
0.1672 
0.1672 
0.1672 
0.1672 
0.1672 
0.1672 
0.1672 
0.1672 
0.1672 
0.1672 
0.1672 
0.1672 
0.1672 
0.1672 
0.1672 
0.1672 
0.1672 
0.1672 
0.1672 
0.1672 
0.1672 
0.1672 
0.1672 
0.1672 
0.1672 
0.1672 
0.1672 
0.1672 
0.1672 
0.1672 
0.1672 
0.1672 
0.1672 
0.1672 
0.1672 
0.1672 
0.1672 
0.1672 
0.1672 
0.1672 
0.1672 
0.1672 
0.1672 
0.1672 
0.1672 
0.1672 
0.1672 
0.1672 
0.1672 
0.1672 
0.1672 
0.1672 
0.1672 
0.1672 
0.1672 
0.1672 
0.1672 
0.1672 
0.1672 
0.1672 
0.1672 
0.1672 
0.1672 
0.1672 
0.1672 
0.1672 
0.1672 
0.1672 
0.1672 
0.1672 
0.1672 
0.1672 
0.1672 
0.1672 
0.1672 
0.1672 
0.1672 
0.1672 
0.1672 
0.1672 
0.1672 
0.1672 
0.1672 
0.1672 
0.1672 
0.1672 
0.1672 
0.1672 
0.1672 
0.1672 
0.1672 
0.1672 
0.1672 
0.1672 
0.1672 
0.1672 
0.1672 
0.1672 
0.1672 
0.1672 
0.1672 
0.1672 
0.1672 
0.1672 
0.1672 
0.1672 
0.1672 
0.1672 
0.1672 
0.1672 
0.1672 
0.1672 
0.1672 
0.1672 
0.1672 
0.1672 
0.1672 
0.1672 
0.1672 
0.1672 
0.1672 
0.1672 
0.1672 
0.1672 
0.1672 
0.1672 
0.1672 
0.1672 
0.1672 
0.1672 
0.1672 
0.1672 
0.1672 
0.1672 
0.1672 
0.1672 
0.1672 
0.1672 
0.1672 
0.1672 
0.1672 
0.1672 
0.1672 
0.1672 
0.1672 
0.1672 
0.1672 
0.1672 
0.1672 
0.1672 
0.1672 
0.1672 
0.1672 
0.1672 
0.1672 
0.1672 
0.1672 
0.1672 
0.1672 
0.1672 
0.1672 
0.1672 
0.1672 
0.1672 
0.1672 
0.1672 
0.1672 
0.1672 
0.1672 
0.1672 
0.1672 
0.1672 
0.1672 
0.1672 
0.1672 
0.1672 
0.1672 
0.1672 
0.1672 
0.1672 
0.1672 
0.1672 
0.1672 
0.1672 
0.1672 
0.1672 
0.1672 
0.1672 
0.1672 
0.1672 
0.1672 
0.1672 
0.1672 
0.1672 
0.1672 
0.1672 
0.1672 
0.1672 
0.1672 
0.1672 
0.1672 
0.1672 
0.1672 
0.1672 
0.1672 
0.1672 
0.1672 
0.1672 
0.1672 
0.1672 
0.1672 
0.1672 
0.1672 
0.1672 
0.1672 
0.1672 
0.1672 
0.1672 
0.1672 
0.1672 
0.1672 
0.1672 
0.1672 
0.1672 
0.1672 
0.1672 
0.1672 
0.1672 
0.1672 
0.1672 
0.1672 
0.1672 
0.1672 
0.1672 
0.1672 
0.1672 
0.1672 
0.1672 
0.1672 
0.1672 
0.1672 
0.1672 
0.1672 
0.1672 
0.1672 
0.1672 
0.1672 
0.1672 
0.1672 
0.1672 
0.1672 
0.1672 
0.1672 
0.1672 
0.1672 
0.1672 
0.1672 
0.1672 
0.1672 
0.1672 
0.1672 
0.1672 
0.1672 
0.1672 
0.1672 
0.1672 
0.1672 
0.1672 
0.1672 
0.1672 
0.1672 
0.1672 
0.1672 
0.1672 
0.1672 
0.1672 
0.1672 
0.1672 
0.1672 
0.1672 
0.1672 
0.1672 
0.1672 
0.1672 
0.1672 
0.1672 
0.1672 
0.1672 
0.1672 
0.1672 
0.1672 
0.1672 
0.1672 
0.1672 
0.1672 
0.1672 
0.1672 
0.1672 
0.1672 
0.1672 
0.1672 
0.1672 
0.1672 
0.1672 
0.1672 
0.1672 
0.1672 
0.1672 
0.1672 
0.1672 
0.1672 
0.1672 
0.1672 
0.1672 
0.1672 
0.1672 
0.1672 
0.1672 
0.1672 
0.1672 
0.1672 
0.1672 
0.1672 
0.1672 
0.1672 
0.1672 
0.1672 
0.1672 
0.1672 
0.1672 
0.1672 
0.1672 
0.1672 
0.1672 
0.1672 
0.1672 
0.1672 
0.1672 
0.1672 
0.1672 
0.1672 
0.1672 
0.1672 
0.1672 
0.1672 
0.1672 
0.1672 
0.1672 
0.1672 
0.1672 
0.1672 
0.1672 
0.1672 
0.1672 
0.1672 
0.1672 
0.1672 
0.1672 
0.1672 
0.1672 
0.1672 
0.1672 
0.1672 
0.1672 
0.1672 
0.1672 
0.1672 
0.1672 
0.1672 
0.1672 
0.1672 
0.1672 
0.1672 
0.1672 
0.1672 
0.1672 
0.1672 
0.1672 
0.1672 
0.1672 
0.1672 
0.1672 
0.1672 
0.1672 
0.1672 
0.1672 
0.1672 
0.1672 
0.1672 
0.1672 
0.1672 
0.1672 
0.1672 
0.1672 
0.1672 
0.1672 
0.1672 
0.1672 
0.1672 
0.1672 
0.1672 
0.1672 
0.1672 
0.1672 
0.1672 
0.1672 
0.1672 
0.1672 
0.1672 
0.1672 
0.1672 
0.1672 
0.1672 
0.1672 
0.1672 
0.1672 
0.1672 
0.1672 
0.1672 
0.1672 
0.1672 
0.1672 
0.1672 
0.1672 
0.1672 
0.1672 
0.1672 
0.1672 
0.1672 
0.1672 
0.1672 
0.1672 
0.1672 
0.1672 
0.1672 
0.1672 
0.1672 
0.1672 
0.1672 
0.1672 
0.1672 
0.1672 
0.1672 
0.1672 
0.1672 
0.1672 
0.1672 
0.1672 
0.1672 
0.1672 
0.1672 
0.1672 
0.1672 
0.1672 
0.1672 
0.1672 
0.1672 
0.1672 
0.1672 
0.1672 
0.1672 
0.1672 
0.1672 
0.1672 
0.1672 
0.1672 
0.1672 
0.1672 
0.1672 
0.1672 
0.1672 
0.1672 
0.1672 
0.1672 
0.1672 
0.1672 
0.1672 
0.1672 
0.1672 
0.1672 
0.1672 
0.1672 
0.1672 
0.1672 
0.1672 
0.1672 
0.1672 
0.1672 
0.1672 
0.1672 
0.1672 
0.1672 
0.1672 
0.1672 
0.1672 
0.1672 
0.1672 
0.1672 
0.1672 
0.1672 
0.1672 
0.1672 
0.1672 
0.1672 
0.1672 
0.1672 
0.1672 
0.1672 
0.1672 
0.1672 
0.1672 
0.1672 
0.1672 
0.1672 
0.1672 
0.1672 
0.1672 
0.1672 
0.1672 
0.1672 
0.1672 
0.1672 
0.1672 
0.1672 
0.1672 
0.1672 
0.1672 
0.1672 
0.1672 
0.1672 
0.1672 
0.1672 
0.1672 
0.1672 
0.1672 
0.1672 
0.1672 
0.1672 
0.1672 
0.1672 
0.1672 
0.1672 
0.1672 
0.1672 
0.1672 
0.1672 
0.1672 
0.1672 
0.1672 
0.1672 
0.1672 
0.1672 
0.1672 
0.1672 
0.1672 
0.1672 
0.1672 
0.1672 
0.1672 
0.1672 
0.1672 
0.1672 
0.1672 
0.1672 
0.1672 
0.1672 
0.1672 
0.1672 
0.1672 
0.1672 
0.1672 
0.1672 
0.1672 
0.1672 
0.1672 
0.1672 
0.1672 
0.1672 
0.1672 
0.1672 
0.1672 
0.1672 
0.1672 
0.1672 
0.1672 
0.1672 
0.1672 
0.1672 
0.1672 
0.1672 
0.1672 
0.1672 
0.1672 
0.1672 
0.1672 
0.1672 
0.1672 
0.1672 
0.1672 
0.1672 
0.1672 
0.1672 
0.1672 
0.1672 
0.1672 
0.1672 
0.1672 
0.1672 
0.1672 
0.1672 
0.1672 
0.1672 
0.1672 
0.1672 
0.1672 
0.1672 
0.1672 
0.1672 
0.1672 
0.1672 
0.1672 
0.1672 
0.1672 
0.1672 
0.1672 
0.1672 
0.1672 
0.1672 
0.1672 
0.1672 
0.1672 
0.1672 
0.1672 
0.1672 
0.1672 
0.1672 
0.1672 
0.1672 
0.1672 
0.1672 
0.1672 
0.1672 
0.1672 
0.1672 
0.1672 
0.1672 
0.1672 
0.1672 
0.1672 
0.1672 
0.1672 
0.1672 
0.1672 
0.1672 
0.1672 
0.1672 
0.1672 
0.1672 
0.1672 
0.1672 
0.1672 
0.1672 
0.1672 
0.1672 
0.1672 
0.1672 
0.1672 
0.1672 
0.1672 
0.1672 
0.1672 
0.1672 
0.1672 
0.1672 
0.1672 
0.1672 
0.1672 
0.1672 
0.1672 
0.1672 
0.1672 
0.1672 
0.1672 
0.1672 
0.1672 
0.1672 
0.1672 
0.1672 
0.1672 
0.1672 
0.1672 
0.1672 
0.1672 
0.1672 
0.1672 
0.1672 
0.1672 
0.1672 
0.1672 
0.1672 
0.1672 
0.1672 
0.1672 
0.1672 
0.1672 
0.1672 
0.1672 
0.1672 
0.1672 
0.1672 
0.1672 
0.1672 
0.1672 
0.1672 
0.1672 
0.1672 
0.1672 
0.1672 
0.1672 
0.1672 
0.1672 
0.1672 
0.1672 
0.1672 
0.1672 
0.1672 
0.1672 
0.1672 
0.1672 
0.1672 
0.1672 
0.1672 
0.1672 
0.1672 
0.1672 
0.1672 
0.1672 
0.1672 
0.1672 
0.1672 
0.1672 
0.1672 
0.1672 
0.1672 
0.1672 
0.1672 
0.1672 
0.1672 
0.1672 
0.1672 
0.1672 
0.1672 
0.1672 
0.1672 
0.1672 
0.1672 
0.1672 
0.1672 
0.1672 
0.1672 
0.1672 
0.1672 
0.1672 
0.1672 
0.1672 
0.1672 
0.1672 
0.1672 
0.1672 
0.1672 
0.1672 
0.1672 
0.1672 
0.1672 
0.1672 
0.1672 
0.1672 
0.1672 
0.1672 
0.1672 
0.1672 
0.1672 
0.1672 
0.1672 
0.1672 
0.1672 
0.1672 
0.1672 
0.1672 
0.1672 
0.1672 
0.1672 
0.1672 
