-0.0124 
-0.0144 
-0.0152 
-0.0148 
-0.0152 
-0.0124 
-0.0132 
-0.0152 
-0.0152 
-0.0152 
-0.0136 
-0.0176 
-0.0164 
-0.0168 
-0.018 
-0.0204 
-0.0216 
-0.0204 
-0.0176 
-0.0168 
-0.0196 
-0.0176 
-0.0144 
-0.0172 
-0.0188 
-0.0192 
-0.0192 
-0.016 
-0.0168 
-0.0168 
-0.0192 
-0.02 
-0.0224 
-0.0236 
-0.026 
-0.0292 
-0.0292 
-0.0296 
-0.0292 
-0.0276 
-0.0292 
-0.0324 
-0.0312 
-0.032 
-0.0336 
-0.0344 
-0.0332 
-0.036 
-0.038 
-0.04 
-0.0416 
-0.0416 
-0.0416 
-0.0416 
-0.0428 
-0.0444 
-0.0444 
-0.044 
-0.0464 
-0.0492 
-0.0504 
-0.0512 
-0.0524 
-0.0536 
-0.0544 
-0.054 
-0.054 
-0.0536 
-0.054 
-0.052 
-0.0524 
-0.0528 
-0.0536 
-0.058 
-0.0592 
-0.0612 
-0.0616 
-0.0636 
-0.064 
-0.0648 
-0.0668 
-0.0656 
-0.0668 
-0.0696 
-0.0684 
-0.0692 
-0.0708 
-0.0716 
-0.072 
-0.0724 
-0.0736 
-0.0744 
-0.0772 
-0.0792 
-0.0796 
-0.0808 
-0.0824 
-0.0852 
-0.086 
-0.0884 
-0.0884 
-0.0892 
-0.0884 
-0.0888 
-0.09 
-0.09 
-0.0932 
-0.0936 
-0.096 
-0.098 
-0.0988 
-0.0984 
-0.0972 
-0.0984 
-0.0996 
-0.1008 
-0.102 
-0.102 
-0.1032 
-0.1032 
-0.1036 
-0.1048 
-0.1056 
-0.1076 
-0.11 
-0.1108 
-0.112 
-0.1136 
-0.1164 
-0.1176 
-0.1208 
-0.1248 
-0.128 
-0.1316 
-0.1332 
-0.1348 
-0.1364 
-0.1364 
-0.1376 
-0.1392 
-0.1412 
-0.144 
-0.146 
-0.15 
-0.1532 
-0.156 
-0.1592 
-0.1616 
-0.1636 
-0.1664 
-0.1704 
-0.1728 
-0.174 
-0.1756 
-0.1792 
-0.1812 
-0.184 
-0.1876 
-0.1932 
-0.1952 
-0.1976 
-0.2008 
-0.2032 
-0.2052 
-0.2072 
-0.21 
-0.2116 
-0.2172 
-0.2196 
-0.2224 
-0.2236 
-0.2252 
-0.2288 
-0.232 
-0.234 
-0.236 
-0.2368 
-0.2392 
-0.242 
-0.2444 
-0.2464 
-0.248 
-0.2512 
-0.2544 
-0.2576 
-0.26 
-0.2632 
-0.2652 
-0.2668 
-0.27 
-0.272 
-0.2728 
-0.2748 
-0.2772 
-0.2796 
-0.2832 
-0.2868 
-0.2896 
-0.2924 
-0.2948 
-0.2968 
-0.2996 
-0.3012 
-0.302 
-0.3052 
-0.3072 
-0.3104 
-0.3128 
-0.3156 
-0.318 
-0.32 
-0.322 
-0.3244 
-0.3276 
-0.3304 
-0.3328 
-0.3348 
-0.3372 
-0.3396 
-0.3416 
-0.344 
-0.3452 
-0.3476 
-0.35 
-0.3524 
-0.3556 
-0.3572 
-0.3608 
-0.3624 
-0.3652 
-0.366 
-0.3696 
-0.3716 
-0.3756 
-0.3804 
-0.384 
-0.3872 
-0.3896 
-0.3928 
-0.3956 
-0.3984 
-0.402 
-0.4064 
-0.4096 
-0.4112 
-0.4128 
-0.4144 
-0.4164 
-0.4176 
-0.42 
-0.4228 
-0.4256 
-0.4288 
-0.4312 
-0.434 
-0.4376 
-0.442 
-0.4444 
-0.4464 
-0.4472 
-0.4496 
-0.4536 
-0.456 
-0.4596 
-0.4612 
-0.4616 
-0.4636 
-0.4668 
-0.4684 
-0.4708 
-0.4736 
-0.4764 
-0.478 
-0.4796 
-0.4828 
-0.4864 
-0.4892 
-0.492 
-0.4936 
-0.498 
-0.5012 
-0.5044 
-0.5084 
-0.5104 
-0.5148 
-0.5168 
-0.5176 
-0.52 
-0.5208 
-0.5236 
-0.526 
-0.5288 
-0.5328 
-0.5356 
-0.538 
-0.54 
-0.542 
-0.5452 
-0.5488 
-0.5504 
-0.5532 
-0.5556 
-0.5588 
-0.5616 
-0.5648 
-0.5692 
-0.5724 
-0.5748 
-0.5756 
-0.5772 
-0.58 
-0.5816 
-0.5832 
-0.5852 
-0.588 
-0.5892 
-0.5924 
-0.5952 
-0.5976 
-0.6004 
-0.602 
-0.6052 
-0.608 
-0.6108 
-0.6136 
-0.6148 
-0.6176 
-0.62 
-0.6216 
-0.624 
-0.6272 
-0.6288 
-0.6312 
-0.6312 
-0.6352 
-0.6376 
-0.64 
-0.6424 
-0.6452 
-0.648 
-0.6524 
-0.6544 
-0.656 
-0.6588 
-0.6636 
-0.6688 
-0.6724 
-0.6756 
-0.6784 
-0.6812 
-0.6852 
-0.6872 
-0.6892 
-0.6912 
-0.6928 
-0.6952 
-0.6984 
-0.7004 
-0.7028 
-0.7056 
-0.7088 
-0.712 
-0.7152 
-0.7184 
-0.7208 
-0.7232 
-0.724 
-0.728 
-0.7296 
-0.7324 
-0.7332 
-0.7368 
-0.7376 
-0.7392 
-0.7416 
-0.7428 
-0.7464 
-0.7468 
-0.7484 
-0.75 
-0.754 
-0.7556 
-0.7576 
-0.762 
-0.7656 
-0.7676 
-0.7696 
-0.7732 
-0.774 
-0.7768 
-0.7808 
-0.7828 
-0.7872 
-0.7888 
-0.7908 
-0.7948 
-0.796 
-0.7988 
-0.8008 
-0.802 
-0.8032 
-0.8048 
-0.808 
-0.8096 
-0.812 
-0.8156 
-0.8176 
-0.8188 
-0.8216 
-0.8232 
-0.826 
-0.8304 
-0.8336 
-0.836 
-0.8388 
-0.8408 
-0.8416 
-0.8428 
-0.8456 
-0.8496 
-0.85 
-0.8528 
-0.854 
-0.8556 
-0.8576 
-0.8584 
-0.86 
-0.8628 
-0.8648 
-0.8684 
-0.8688 
-0.87 
-0.8708 
-0.8708 
-0.8708 
-0.8724 
-0.8744 
-0.8752 
-0.8772 
-0.8788 
-0.8796 
-0.882 
-0.8836 
-0.8856 
-0.8872 
-0.888 
-0.8896 
-0.8904 
-0.8916 
-0.8928 
-0.8936 
-0.894 
-0.8944 
-0.8948 
-0.8976 
-0.8992 
-0.8996 
-0.9012 
-0.9012 
-0.902 
-0.9028 
-0.904 
-0.9044 
-0.906 
-0.9068 
-0.9068 
-0.9092 
-0.9104 
-0.9108 
-0.9128 
-0.9132 
-0.9144 
-0.9148 
-0.9156 
-0.9176 
-0.9192 
-0.9192 
-0.9204 
-0.9212 
-0.9232 
-0.9244 
-0.926 
-0.9272 
-0.9276 
-0.928 
-0.9284 
-0.9312 
-0.9316 
-0.932 
-0.9332 
-0.9332 
-0.9348 
-0.9368 
-0.9384 
-0.9396 
-0.9408 
-0.942 
-0.9428 
-0.9432 
-0.9432 
-0.9436 
-0.9444 
-0.9448 
-0.9448 
-0.946 
-0.9464 
-0.9464 
-0.9468 
-0.9468 
-0.9472 
-0.948 
-0.9504 
-0.9508 
-0.9512 
-0.9512 
-0.9516 
-0.952 
-0.9528 
-0.9532 
-0.9536 
-0.9544 
-0.9556 
-0.9568 
-0.9568 
-0.9572 
-0.958 
-0.9584 
-0.9588 
-0.9588 
-0.9588 
-0.9588 
-0.9592 
-0.9596 
-0.9596 
-0.9604 
-0.9608 
-0.9608 
-0.9608 
-0.9608 
-0.9608 
-0.9616 
-0.962 
-0.962 
-0.962 
-0.9628 
-0.9636 
-0.964 
-0.964 
-0.964 
-0.964 
-0.964 
-0.964 
-0.9644 
-0.9648 
-0.9652 
-0.9652 
-0.966 
-0.966 
-0.9664 
-0.9672 
-0.9672 
-0.9672 
-0.9676 
-0.968 
-0.9684 
-0.9684 
-0.9688 
-0.9688 
-0.9688 
-0.9688 
-0.9688 
-0.9692 
-0.9696 
-0.97 
-0.97 
-0.97 
-0.97 
-0.97 
-0.97 
-0.97 
-0.9708 
-0.9708 
-0.9708 
-0.9708 
-0.9716 
-0.9716 
-0.9716 
-0.9716 
-0.9716 
-0.972 
-0.972 
-0.972 
-0.972 
-0.972 
-0.972 
-0.972 
-0.9724 
-0.9728 
-0.9728 
-0.9732 
-0.9732 
-0.9732 
-0.9732 
-0.9736 
-0.9736 
-0.9744 
-0.9748 
-0.9748 
-0.9748 
-0.9748 
-0.9752 
-0.9752 
-0.9752 
-0.9752 
-0.9752 
-0.9752 
-0.9752 
-0.9752 
-0.9752 
-0.9768 
-0.9768 
-0.9768 
-0.9768 
-0.9768 
-0.9772 
-0.9772 
-0.9772 
-0.9776 
-0.9784 
-0.9788 
-0.9788 
-0.9792 
-0.9792 
-0.9796 
-0.98 
-0.98 
-0.98 
-0.98 
-0.98 
-0.98 
-0.98 
-0.98 
-0.98 
-0.98 
-0.98 
-0.98 
-0.98 
-0.98 
-0.98 
-0.98 
-0.98 
-0.98 
-0.98 
-0.9804 
-0.9804 
-0.9804 
-0.9804 
-0.9804 
-0.9804 
-0.9804 
-0.9804 
-0.9804 
-0.9804 
-0.9804 
-0.9804 
-0.9804 
-0.9804 
-0.9804 
-0.9804 
-0.9804 
-0.9804 
-0.9804 
-0.9804 
-0.9804 
-0.9804 
-0.9804 
-0.9804 
-0.9804 
-0.9804 
-0.9804 
-0.9804 
-0.9804 
-0.9804 
-0.9804 
-0.9804 
-0.9804 
-0.9804 
-0.9804 
-0.9804 
-0.9804 
-0.9804 
-0.9804 
-0.9804 
-0.9804 
-0.9804 
-0.9804 
-0.9804 
-0.9804 
-0.9804 
-0.9804 
-0.9804 
-0.9804 
-0.9804 
-0.9804 
-0.9804 
-0.9804 
-0.9804 
-0.9804 
-0.9804 
-0.9804 
-0.9804 
-0.9804 
-0.9804 
-0.9804 
-0.9804 
-0.9804 
-0.9804 
-0.9804 
-0.9804 
-0.9804 
-0.9808 
-0.9808 
-0.9808 
-0.9808 
-0.9808 
-0.9808 
-0.9808 
-0.9808 
-0.9808 
-0.9808 
