0.016162255288170644 
0.016136822983474783 
0.016086876141749834 
0.01604220633204797 
0.016037069058902252 
0.015983069041958117 
0.015962778705476063 
0.015947024299222724 
0.015896779044825404 
0.015876636419594678 
0.015857049410278067 
0.015835280104879737 
0.015810515994109743 
0.015795160777909163 
0.0157895661751677 
0.015768117706308513 
0.015772551347198082 
0.015717300531579843 
0.015682987470504464 
0.01568333842011961 
0.01565651097786477 
0.015672782012138117 
0.015643434916922817 
0.01562695312592957 
0.015585205292199393 
0.015600402046101249 
0.015600402046101249 
0.015601846044619207 
0.015611761719934107 
0.015611761719934107 
0.015600402046101249 
0.015600000000000001 
0.015578167286301686 
0.01557232211328805 
0.015601589662595283 
0.015609578597771304 
0.015599325113606677 
0.015604151242537995 
0.015599325113606677 
0.015590230787259051 
0.015589064885361149 
0.015607052764695838 
0.015623399886068333 
0.015653446904755515 
0.015672536999477783 
0.015692248277413917 
0.015688183578732112 
0.015711193461987537 
0.015734751348527882 
0.01572768260107 
0.015746357547064653 
0.015726022256120586 
0.015746357547064653 
0.015776811338163364 
0.015760306596002503 
0.01576868593130068 
0.015758535972608623 
0.015774206794637882 
0.015801861156205618 
0.01581365688258095 
0.015837422012436243 
0.015826289015432517 
0.015829772455724055 
0.01582311018731779 
0.01582201807608625 
0.01583772710965813 
0.015857919157316953 
0.01585341654029188 
0.015857919157316953 
0.015835352853662596 
0.015860066078046457 
0.01588473682501539 
0.015863505791596007 
0.015852267976538877 
0.015865627753101987 
0.01589785595607156 
0.01588213386166985 
0.01590415090471667 
0.015898477914567798 
0.01587703952253064 
0.015898902603639034 
0.015895869148933005 
0.01592906475597359 
0.01590919029994927 
0.01592634848293858 
0.015945047632415527 
0.015992340166467195 
0.016000917973666387 
0.016015192786850863 
0.016019466158396167 
0.016042232263622166 
0.01605072758475453 
0.016060388040143987 
0.01609133133087502 
0.016115381968789942 
0.016098091315432397 
0.01608490273517375 
0.016113856893990343 
0.01613200545499536 
0.01613673374633169 
0.016146645967506687 
0.016164694367664365 
0.01617634618818477 
0.01617052330631263 
0.016192590898309017 
0.016192590898309017 
0.016185348436162875 
0.01619924738992525 
0.016213377192923133 
0.01621352521816277 
0.016231309990262646 
0.01623720961249192 
0.016235173667072368 
0.016237209612491917 
0.01623920983299372 
0.016260865413624207 
0.016252950501370513 
0.016252950501370513 
0.016254842478473915 
0.01626468272054515 
0.016268583712173594 
0.01628025749182119 
0.016307650229263563 
0.016307326451629033 
0.01632053920677868 
0.01632817638317274 
0.016349385309546046 
0.016374309634302142 
0.016371329084713924 
0.016372785224267737 
0.016373238653363605 
0.016390545567491033 
0.016400195120790485 
0.01639367487783017 
0.016408019502670027 
0.016412543495753485 
0.016417003867941312 
0.016426746969500687 
0.01641787123837923 
0.016441695289719976 
0.016410515653080496 
0.01642515144526832 
0.016422959538402327 
0.016447492210060474 
0.01645514825214285 
0.016459210187612282 
0.016456674755247487 
0.016437584250734653 
0.016424798811553218 
0.016428159239549635 
0.016411749937163923 
0.016421207750954254 
0.016411264424169153 
0.016414196782054247 
0.016393747100647855 
0.01640934562985374 
0.016440729910803836 
0.016439053987380173 
0.016452036469689704 
0.016457180317417684 
0.01647488075829382 
0.01646911485174598 
0.016457335871884003 
0.016461992103023255 
0.01645683031449252 
0.016457217261736566 
0.016458741628690817 
0.01644900191500992 
0.01647514297358296 
0.016474686522055585 
0.016492459367844447 
0.01649345276162635 
0.016507580803982153 
0.016528472403703857 
0.01650265433195521 
0.01650580503943991 
0.01651091469301444 
0.016516456762877444 
0.01650498106633267 
0.01651022277257336 
0.01649347798373648 
0.01649358663238533 
0.01648391409829595 
0.01645455122450928 
0.016444357573344115 
0.01644870815596167 
0.016447805446320185 
0.016430081679650897 
0.01643919414083306 
0.01643776140476555 
0.016429436995831596 
0.016424130540153414 
0.01641566276456726 
0.016428757226278557 
0.016422226889188932 
0.016412163294337527 
0.016411529605737548 
0.016406484571656416 
0.016410999238315745 
0.016384052734290132 
0.016364715212920756 
0.016368748760977426 
0.016366778058005186 
0.01637065667589422 
0.016386005736603416 
0.016366162164661573 
0.016371338857894303 
0.01636283789567079 
0.016346212282972467 
0.01633739269283811 
0.01634625339336204 
0.016345225602603347 
0.016345820750271307 
0.016330073361745804 
0.016332003428850973 
0.016341899032854167 
0.016340244306619164 
0.01633029283264694 
0.016320194116492607 
0.0163182038227251 
0.01629802442015596 
0.016302600528750003 
0.016311642958328876 
0.01627144738491324 
0.016270393234338255 
0.016281875076292654 
0.016277692219722056 
0.01627050533941709 
0.016256275588215158 
0.016255816928103 
0.016228912471265598 
0.016211055980410408 
0.016207571563932703 
0.016170647977122005 
0.016105847882058245 
0.016076616559463002 
0.016065816630349047 
0.01605256166473127 
0.016041298700541672 
0.01600875560435601 
0.01600596688738297 
0.01597493035978561 
0.015925313686078527 
0.015922661084127866 
0.015916212614815118 
0.015909697168708145 
0.01589305055676852 
0.015887240666648185 
0.015879675563436425 
0.015864425612041554 
0.015839698987038863 
0.01582484931997774 
0.015810509922200486 
0.015804639318883554 
0.015768880746584394 
0.015744284550274112 
0.01574085131115849 
0.015723977105045653 
0.01571657774453459 
0.015717660894675137 
0.015690249711206 
0.015654354537955245 
0.015636674838340792 
0.015620087579780083 
0.015611464505292256 
0.015611860106982766 
0.015593268291156925 
0.015575593215027156 
0.01555636769943421 
0.015527361140902212 
0.015488099173236205 
0.01546923449948316 
0.015439119145858032 
0.015429631751924607 
0.015379260840495554 
0.01534946305249796 
0.015319051667776305 
0.015298836557071916 
0.015278207224671355 
0.015205209633543366 
0.015173642410443182 
0.015141738869759972 
0.015098734251585463 
0.01506641085328553 
0.01502239608051925 
0.015000236798130888 
0.014989199311504267 
0.014966629547095767 
0.01497688031600707 
0.014953836163339491 
0.014930827170656018 
0.014907321154385852 
0.014861011540268719 
0.014826093753919136 
0.014791294737108041 
0.014767531953579787 
0.014765310697713068 
0.01471811074832636 
0.014702633233540176 
0.014678689859793346 
0.01463105956518529 
0.014572695563964821 
0.014556683138682382 
0.01453004390908713 
0.014502426831396185 
0.01447219900360688 
0.014443797838518789 
0.014405623346457452 
0.014392840442386624 
0.014378319234180328 
0.014349912891721679 
0.014346308793553832 
0.014342632394368898 
0.014304418338401601 
0.014275237301004842 
0.01426104287911652 
0.014230421497622619 
0.014189248887802342 
0.014171439447000434 
0.014141001944699673 
0.014113766329367934 
0.014070294382137144 
0.014050423481162411 
0.014030300923358701 
0.013987066025439358 
0.013971699395563877 
0.013939443891346597 
0.0139312598138144 
0.01387967492414718 
0.013824962929425887 
0.013766919190581458 
0.01374933540212035 
0.013716946599006647 
0.013716946599006647 
0.013678025588512402 
0.013656738117134708 
0.013623509092741121 
0.013601797528268091 
0.013566384337766642 
0.013495125045734106 
0.013404092509379364 
0.013371022997512192 
0.013327625444917035 
0.013302369112304771 
0.013230798010702151 
0.013192521517890354 
0.013125216036317269 
0.013059320656144409 
0.013007281652981918 
0.012954791545987918 
0.012870135352823607 
0.012808687052153316 
0.012784418015693948 
0.012747432055123886 
0.012712641896946519 
0.012660125749770419 
0.012589478781903562 
0.012525810792120406 
0.012459087607044107 
0.01244071766418642 
0.012354797610645025 
0.012293998535871068 
0.012232562446192538 
0.012157326021786206 
0.012100369581132637 
0.012016351526149691 
0.011997066308060482 
0.011926709521070764 
0.011887537003096985 
0.011811693189378058 
0.011791823607907304 
0.01174948100981486 
0.011729386002685733 
0.011675330573478422 
0.0116142918854315 
0.011590481612081524 
0.011532337837576559 
0.011515029483244928 
0.011445478408524478 
0.011403508232118746 
0.01128333284096503 
0.011254663744421687 
0.011222160932725924 
0.011095152094496045 
0.011031892675330016 
0.010983446453641044 
0.010934639271599225 
0.010854708839945916 
0.010831878876723098 
0.0107737042840427 
0.010672419781848914 
0.010606114462893564 
0.010497926652439517 
0.010480354192487962 
0.01044289921429868 
0.010305201793269263 
0.010260292393494448 
0.010180737890742498 
0.010109784567437628 
0.010079603166791835 
0.010033339623475326 
0.010013929498453642 
0.009910317855649232 
0.009874165078628169 
0.009795019142400895 
0.009699415240105971 
0.009673267079947706 
0.00964088294711641 
0.009586937780125622 
0.009548649328569983 
0.00944296563585826 
0.00933029131378008 
0.009250103566987777 
0.009197912806718705 
0.009121722644325467 
0.009074257214780723 
0.009026836433657143 
0.00899084334197855 
0.008894057341843486 
0.008758535037322166 
0.008752142594816426 
0.008651754966479346 
0.008613570688164113 
0.008568515390661325 
0.008497581773657727 
0.008465209743414512 
0.008399999999999998 
0.008294001687967035 
0.008239440757721364 
0.008175119326346252 
0.008167902056219822 
0.008146164741766522 
0.008131601564267643 
0.008131601564267643 
0.008131601564267643 
0.008082530296881045 
0.00802557511957866 
0.008010616955016637 
0.007932721096824216 
0.007861566256160411 
0.00784611598180909 
0.007737596526053812 
0.0077058689321840915 
0.007644936624982578 
0.0075914731113269455 
0.007553965845832241 
0.007499649058456002 
0.007482989776820492 
0.007436381915958861 
0.007367717692745836 
0.0073506201098954916 
0.007342043312321168 
0.0073115973630937855 
0.007302957209240651 
0.007175353371089119 
0.007139729966882501 
0.007130773871046536 
0.0070947462252007295 
0.0070947462252007295 
0.007053963424912268 
0.007035685041273522 
0.006985241584941784 
0.006975977064182478 
0.006892430630771701 
0.006850219266563663 
0.006850219266563663 
0.006697920871434658 
0.006668488284461479 
0.006634556805092561 
0.0065359363521992776 
0.006525818262869416 
0.006495310308214689 
0.00646037026802644 
0.006439771424515004 
0.006337514970396519 
0.00626965262195602 
0.00626965262195602 
0.006185914322070748 
0.006138096121762839 
0.006056459691932243 
0.006022778096526552 
0.005977424194416856 
0.005916085192084374 
0.0059045148826978155 
0.005892910995424926 
0.005881273331515888 
0.00579884678190414 
0.005786931483955897 
0.005774980519447664 
0.005710963491390922 
0.005710963491390922 
0.0056337894884349385 
0.005542770426420347 
0.005462799282419225 
0.005424088494853306 
0.005384992479103384 
0.005345502782713709 
0.005318953280486679 
0.005305610615188416 
0.005305610615188416 
0.005261902317603396 
0.0052348310383430715 
0.0052212243774808235 
0.0052212243774808235 
0.005149135849829562 
0.005135252282020817 
0.005135252282020817 
0.005121318580209593 
0.005121318580209593 
0.0051073343340729115 
0.0050476132973911545 
0.004929090788370611 
0.00491444238952905 
0.004899737135806368 
0.004899737135806368 
0.00485211046865176 
0.0048371892665059115 
0.004773768322824224 
0.0047585611270635165 
0.0047094390324113975 
0.004678488644851027 
0.004631571655496653 
0.0045490113211554 
0.0045490113211554 
0.004532908999748396 
0.004428814739859864 
0.0044122302750423175 
0.004395568677657079 
0.004395568677657079 
0.004395568677657079 
0.004395568677657079 
0.0043788290672279045 
0.0043620105456085275 
0.0043620105456085275 
0.004291006408757741 
0.004236194518668848 
0.004236194518668848 
0.004236194518668848 
0.004236194518668848 
0.004236194518668848 
0.004201211253912376 
0.0041835869777022685 
0.0041835869777022685 
0.0041835869777022685 
0.00414806750186156 
0.00411217898443149 
0.004094093306215674 
0.004094093306215674 
0.004094093306215674 
0.004094093306215674 
0.004094093306215674 
0.004094093306215674 
0.004075911677158866 
0.004057632807438347 
0.004039255376922831 
0.004039255376922831 
0.004002199395332522 
0.004002199395332522 
0.0039835180431372465 
0.0039050818173247026 
0.0039050818173247026 
0.0039050818173247026 
0.0038858841979657606 
0.0038665747115502634 
0.0038471516736411633 
0.0038471516736411633 
0.0038276133556042467 
0.0038276133556042467 
0.0038276133556042467 
0.0038276133556042467 
0.0038276133556042467 
0.0038079579829614716 
0.003788183733664458 
0.0037682887362833544 
0.0037682887362833544 
0.0037682887362833544 
0.0037682887362833544 
0.0037682887362833544 
0.0037682887362833544 
0.0037682887362833544 
0.003728128753141447 
0.003728128753141447 
0.003728128753141447 
0.003728128753141447 
0.003687461999804202 
0.003687461999804202 
0.003687461999804202 
0.003687461999804202 
0.003687461999804202 
0.003666933323637069 
0.003666933323637069 
0.003666933323637069 
0.003666933323637069 
0.003666933323637069 
0.003666933323637069 
0.003666933323637069 
0.0036462715203341616 
0.003625474313796748 
0.003625474313796748 
0.0036045393603066672 
0.0036045393603066672 
0.0036045393603066672 
0.0036045393603066672 
0.003583464245670661 
0.003583464245670661 
0.003540883505567502 
0.003519372671371988 
0.003519372671371988 
0.003519372671371988 
0.003519372671371988 
0.0034516639465625846 
0.0034516639465625846 
0.0034516639465625846 
0.0034516639465625846 
0.0034516639465625846 
0.0034516639465625846 
0.0034516639465625846 
0.0034516639465625846 
0.0034516639465625846 
0.003362246867795403 
0.003362246867795403 
0.003362246867795403 
0.003362246867795403 
0.003362246867795403 
0.003339470616729544 
0.003339470616729544 
0.003339470616729544 
0.003316518656663942 
0.003270072782064644 
0.0032465711142680986 
0.0032465711142680986 
0.0031728447803193905 
0.0031728447803193905 
0.003148576821359136 
0.003072458299147443 
0.003072458299147443 
0.003072458299147443 
0.003072458299147443 
0.003072458299147443 
0.003072458299147443 
0.003072458299147443 
0.003072458299147443 
0.003072458299147443 
0.003072458299147443 
0.003072458299147443 
0.003072458299147443 
0.003072458299147443 
0.003072458299147443 
0.003072458299147443 
0.003072458299147443 
0.003072458299147443 
0.003072458299147443 
0.003072458299147443 
0.003047349011846198 
0.003047349011846198 
0.003047349011846198 
0.003047349011846198 
0.003047349011846198 
0.003047349011846198 
0.003047349011846198 
0.003047349011846198 
0.003047349011846198 
0.003047349011846198 
0.003047349011846198 
0.003047349011846198 
0.003047349011846198 
0.003047349011846198 
0.003047349011846198 
0.003047349011846198 
0.003047349011846198 
0.003047349011846198 
0.003047349011846198 
0.003047349011846198 
0.003047349011846198 
0.003047349011846198 
0.003047349011846198 
0.003047349011846198 
0.003047349011846198 
0.003047349011846198 
0.003047349011846198 
0.003047349011846198 
0.003047349011846198 
0.003047349011846198 
0.003047349011846198 
0.003047349011846198 
0.003047349011846198 
0.003047349011846198 
0.003047349011846198 
0.003047349011846198 
0.003047349011846198 
0.003047349011846198 
0.003047349011846198 
0.003047349011846198 
0.003047349011846198 
0.003047349011846198 
0.003047349011846198 
0.003047349011846198 
0.003047349011846198 
0.003047349011846198 
0.003047349011846198 
0.003047349011846198 
0.003047349011846198 
0.003047349011846198 
0.003047349011846198 
0.003047349011846198 
0.003047349011846198 
0.003047349011846198 
0.003047349011846198 
0.003047349011846198 
0.003047349011846198 
0.003047349011846198 
0.003047349011846198 
0.003047349011846198 
0.003047349011846198 
0.003047349011846198 
0.003047349011846198 
0.003047349011846198 
0.003047349011846198 
0.003047349011846198 
0.003047349011846198 
0.0030220099271842243 
0.0030220099271842243 
0.0030220099271842243 
0.0030220099271842243 
0.0030220099271842243 
0.0030220099271842243 
0.0030220099271842243 
0.0030220099271842243 
0.0030220099271842243 
0.0030220099271842243 
