0.3353903433547298 
0.3367075474883352 
0.3383613575661967 
0.3384920423169971 
0.33873289572570653 
0.33973836605933644 
0.341032965592552 
0.3419963774754853 
0.34267764692451697 
0.34322293739629034 
0.3434920800272282 
0.34352577138074963 
0.3438057804360695 
0.34485056836519645 
0.3452431938997132 
0.34604826198332983 
0.34640029486177903 
0.3481828841135798 
0.34941787289842197 
0.3493103495467358 
0.35014846831200935 
0.35039405706649895 
0.3513045409596457 
0.3520104267626348 
0.3527036870497311 
0.3527840053816734 
0.35323536909360037 
0.3547604846861572 
0.35402348042729814 
0.35437922712629405 
0.3555239656811182 
0.35551481776260646 
0.35607395611211434 
0.3570778363957063 
0.3576382242513876 
0.35856592936926807 
0.35911049543704643 
0.3598460438914047 
0.360339708811236 
0.36143979681313104 
0.361900358586293 
0.3621185041841143 
0.36192340186206395 
0.3618287214201189 
0.36220697101517424 
0.36279606341551085 
0.36240529230248064 
0.36310965942475004 
0.36404185755724805 
0.36493233150936344 
0.3649042761241455 
0.36587750888356974 
0.36679026188067104 
0.36714387396322173 
0.367266049308594 
0.3676879339890414 
0.36856525901985265 
0.3683980827666454 
0.3689025417629321 
0.369009901035312 
0.36939483792115385 
0.36986454813865444 
0.36969537354269644 
0.3697132430136842 
0.37001688258599513 
0.37026374159676617 
0.36996678079463735 
0.3696036863518658 
0.3701198684397652 
0.3699229093329298 
0.3699579445684369 
0.3701801915761201 
0.37087087277427055 
0.3714100402905549 
0.37147862015038724 
0.3717450786655144 
0.37219533504803787 
0.37263421300467053 
0.3731338708125267 
0.3740607345793754 
0.3746205353889816 
0.3745211448705577 
0.37469529858044237 
0.3751294803441489 
0.3749944815321118 
0.37492602749888426 
0.3750919145919685 
0.3758964774160683 
0.3761897672529528 
0.3762302879587628 
0.3768757909508123 
0.37697546790895936 
0.3778490308931038 
0.37783371941675825 
0.37843479000265756 
0.37912727578824823 
0.3795411260718316 
0.38002495768928674 
0.3799767182531772 
0.38064696701822515 
0.3807747114581321 
0.38156646649462983 
0.3817703719720709 
0.3818658227046601 
0.3822960920665772 
0.38204105901757285 
0.3822674532832577 
0.3828350500266135 
0.38318088154323077 
0.3834362706686515 
0.38429078683441875 
0.38445648932470844 
0.38504874341849626 
0.38581796707591215 
0.38512892459266074 
0.38556329480859797 
0.38592396830345693 
0.3861045864192427 
0.3865654502612035 
0.38659007881379465 
0.38652168893315814 
0.38677484266097956 
0.3872188739737227 
0.3876301789700887 
0.3883556932481846 
0.38847336934764887 
0.38912430469294235 
0.389670545194114 
0.3899680081285697 
0.3901895526288408 
0.3913820002967367 
0.3923982481945139 
0.39345443365414273 
0.39445807978536124 
0.3954724964712939 
0.39574985744891295 
0.3962032653963594 
0.396147197065653 
0.39592687869416565 
0.3967056292852239 
0.39650395695797286 
0.3976758194391826 
0.3984157826379761 
0.3996907764488706 
0.4014739602598276 
0.40188333233821477 
0.40318537075610705 
0.403991034210083 
0.4037399260256843 
0.4046413130136643 
0.4060848183323363 
0.40734815907746597 
0.408090201032878 
0.4081435179353536 
0.40869449363813637 
0.40944922662440875 
0.41111343416484725 
0.41206776858320754 
0.41353608555771887 
0.4140096155093537 
0.41594570391589714 
0.4173258507917153 
0.41752605457522796 
0.4182703225762773 
0.41917223402394305 
0.41959724091428696 
0.4198311561753051 
0.4210387020111018 
0.4226869828707711 
0.42328640059731226 
0.42374541432211243 
0.42484204439476925 
0.4259825770065353 
0.4273487436664152 
0.427968970099224 
0.4287485857494167 
0.4295888816764987 
0.4307704370447973 
0.4321610882984253 
0.43294567068766 
0.4337300989229414 
0.43464493687215855 
0.4356993180372949 
0.4365826732130208 
0.4382162284221775 
0.43944119871540144 
0.4398791311143091 
0.440700284579591 
0.441397160377208 
0.4420668856083872 
0.44291231363158995 
0.4429445708616141 
0.44424808351826467 
0.445747421349763 
0.44742734864395034 
0.4493684579641575 
0.45099644007805284 
0.45214984974563766 
0.45361413540896867 
0.45435317407414966 
0.45517708673783525 
0.4567280239815587 
0.45816924989136626 
0.45874280565021125 
0.4610110662893464 
0.46101577782482955 
0.4628843522644291 
0.4639572208317485 
0.4652848753870715 
0.46592368201599854 
0.46738446463587807 
0.4683972421913839 
0.46960041555831167 
0.4712152602044953 
0.47296696166091895 
0.474744066136768 
0.4761887567865053 
0.47725135473148766 
0.47851319190709 
0.47973510839520533 
0.48067259963888137 
0.4811805239070074 
0.4832505782914405 
0.4839266407878948 
0.485541831786136 
0.4879724055661137 
0.48899176979762543 
0.49184856979970853 
0.4926106005583998 
0.49421591578582247 
0.49380624789047933 
0.49568226618299976 
0.4963479632492271 
0.4977628178044635 
0.49955220786103627 
0.5009165463027162 
0.503045669073519 
0.5047703473645514 
0.5069327126555534 
0.5082718528780144 
0.5103375034731984 
0.5114271167046308 
0.5127778670170292 
0.5159911456455396 
0.5171103558637226 
0.5177205007620003 
0.5190550179620937 
0.5209291543944589 
0.5215167043262623 
0.5224654865489884 
0.5241421585033791 
0.5260754815638713 
0.5281547725083237 
0.5295269068851624 
0.5307479267301627 
0.5328829876094124 
0.5369652516696226 
0.5380339790894985 
0.5393217206776469 
0.5404192202476709 
0.5410118534682067 
0.5439087820249815 
0.5453873803532946 
0.5481089162937955 
0.5489254362130171 
0.5494945642407146 
0.5506390115175833 
0.5528175476880858 
0.5533944435376773 
0.5548759197431785 
0.5553086455417613 
0.5568766710208666 
0.556933331772432 
0.5577001512967587 
0.5587887555235419 
0.5604546556508734 
0.5623260826537934 
0.56420516895639 
0.5651058263500176 
0.5666915491919136 
0.5688916519264174 
0.5709728012219257 
0.573376444741173 
0.5743098507757453 
0.5769642253534846 
0.5784210895250178 
0.5789112388718507 
0.5806703575159061 
0.5820337718620292 
0.5839904016883681 
0.5857020955621974 
0.5878646126502916 
0.5895930681760136 
0.5914558986077918 
0.5924841281038637 
0.5937629506098757 
0.595554227202329 
0.5975064708447566 
0.6009137395265836 
0.6017603010063111 
0.6026022764840322 
0.6033566323168242 
0.6057482835757376 
0.607396311046111 
0.6108963556101356 
0.6139249294703863 
0.6159137709481032 
0.6171331987831313 
0.6177427910769329 
0.6194102943770918 
0.6210644483642083 
0.6230078468019051 
0.6248608158740592 
0.6258534178485645 
0.6280976949432119 
0.6288546972596226 
0.6306170120037417 
0.6325125556236068 
0.6352329074194472 
0.6371679946090879 
0.6381812452232988 
0.6400285256609097 
0.642050297243392 
0.6448151416913667 
0.6468441842414138 
0.6476078293308121 
0.6493110687490704 
0.6516538574742889 
0.6512719615133262 
0.6520042420659351 
0.6539725861599202 
0.654826371558362 
0.6559679758859905 
0.6559679758859905 
0.6590191022600509 
0.6614854009873621 
0.6633117296938728 
0.6651099723015222 
0.6671951277363847 
0.668391812048651 
0.6706460471347497 
0.6713650436736333 
0.6714756220449828 
0.6737730834540614 
0.6770237881726251 
0.6816674708102195 
0.6844031176685869 
0.6861268557387024 
0.6874414841902933 
0.6891576257828395 
0.6917756849190152 
0.6927633120699834 
0.6946629665769993 
0.695996279889398 
0.6970905669633899 
0.6981956421292194 
0.6998493710744187 
0.7002743149255555 
0.700941827781895 
0.7038411559925692 
0.7054040777870164 
0.7081765310847108 
0.711314337920132 
0.7130090307800824 
0.714288536031683 
0.714299563155578 
0.7147304934005939 
0.7182372046884016 
0.7195387880959724 
0.7212236465369085 
0.7215862771978666 
0.7254945441937423 
0.7258400713107392 
0.7265802990596029 
0.7284663274288985 
0.729125412337178 
0.7320410759724864 
0.7321235832053968 
0.732126844552457 
0.7328328724704635 
0.7341013614408861 
0.7347872338595016 
0.7367608015176611 
0.739340448441455 
0.7426351213047763 
0.7440843222955348 
0.7457562964439284 
0.748298315588214 
0.748759661533482 
0.7506189512332704 
0.7539751148169186 
0.7549380150704148 
0.7584162178587099 
0.7599459187054178 
0.761445012350612 
0.763746122038939 
0.7643709020704709 
0.7664312605175446 
0.7675977976131364 
0.7688826947985139 
0.7691986236033166 
0.7713263332097043 
0.7736439795076618 
0.7753217856402677 
0.7765085141312549 
0.7803158999374731 
0.7823080766912679 
0.7834798006251514 
0.7870008898677429 
0.7886365700014648 
0.789822263439883 
0.7946321369804381 
0.7972186373061382 
0.7994101553728703 
0.801800811762123 
0.8036932733879721 
0.8036434011315736 
0.8044762533010945 
0.8063767623167087 
0.8096323595387233 
0.8100648699974919 
0.8126930424850841 
0.8140493332430244 
0.815109004154723 
0.8175864863320363 
0.81809409139036 
0.8194212364869867 
0.8219157999418388 
0.8242123887659074 
0.8290092340431938 
0.8294587011467008 
0.8305970770072046 
0.8320268768436064 
0.8320268768436064 
0.8320268768436064 
0.833859571361923 
0.8358256732801472 
0.8370686660147638 
0.8390708418936303 
0.8408703854461917 
0.8419422294729934 
0.8436404824940184 
0.8457388800801731 
0.8480498743159316 
0.8494657409849967 
0.8505517115614032 
0.8522966815874721 
0.8532064826140777 
0.8546904324499476 
0.8550685090453984 
0.8560586038218129 
0.8565058029855056 
0.8566280252077279 
0.8573061674841626 
0.8587770451626424 
0.8613402169832057 
0.8619554077688723 
0.8642267793969893 
0.8642267793969893 
0.8649922537992079 
0.8664144153448465 
0.8676857668003404 
0.8684052754252283 
0.8698849730701306 
0.870400153968585 
0.870400153968585 
0.8718578587722741 
0.8734267737938086 
0.8735389972270846 
0.8752858691395371 
0.875787362942219 
0.8779126674792471 
0.877954772742405 
0.8789773815635629 
0.8810630589363625 
0.882966022485608 
0.882966022485608 
0.883736176693168 
0.8843430554732384 
0.8867860108204438 
0.888856678925976 
0.8912534243925465 
0.8925123008948567 
0.8931990739340608 
0.8936686767111464 
0.8942585143023037 
0.8992848070026481 
0.9000279771640018 
0.9005162271276335 
0.9019398424106737 
0.9019398424106737 
0.9037070319539695 
0.9066456612533208 
0.9088287635153797 
0.9105937407612668 
0.9127702970597013 
0.9146006485748188 
0.9156207948069476 
0.9162470347102762 
0.9162470347102762 
0.9163237013769431 
0.9172711165389296 
0.9179670354027542 
0.9179670354027542 
0.9195705017869723 
0.9202813090779386 
0.9202813090779386 
0.9209074973139639 
0.9209074973139639 
0.9214824939119411 
0.9220650175167532 
0.9257139179652162 
0.926383028504715 
0.9271891998308258 
0.9271891998308258 
0.9272222328638589 
0.9279071072059444 
0.9286389047946001 
0.9292482699568066 
0.929173873821541 
0.9305506171068507 
0.9328156119315836 
0.9339659597128673 
0.9339659597128673 
0.9346197266906212 
0.9345752822461767 
0.9352787350690576 
0.9360096092202362 
0.9360096092202362 
0.9360096092202362 
0.9360096092202362 
0.9366799882022097 
0.9373759097332699 
0.9373759097332699 
0.9381279858855374 
0.9382374464055243 
0.9382374464055243 
0.9382374464055243 
0.9382374464055243 
0.9382374464055243 
0.9395577349904466 
0.9403318335419321 
0.9403318335419321 
0.9403318335419321 
0.9420274722005321 
0.9433241107709226 
0.9440907989662138 
0.9440907989662138 
0.9440907989662138 
0.9440907989662138 
0.9440907989662138 
0.9440907989662138 
0.9447298297359285 
0.9452251280070472 
0.9458614856632012 
0.9458614856632012 
0.9470988721150184 
0.9470988721150184 
0.9480330869360157 
0.9488490827465488 
0.9488490827465488 
0.9488490827465488 
0.9495518567055838 
0.9500363623561853 
0.9508122866434405 
0.9508122866434405 
0.9514778511532007 
0.9514778511532007 
0.9514778511532007 
0.9514778511532007 
0.9514778511532007 
0.9521611808980395 
0.9526617600650862 
0.9533360611102325 
0.9533360611102325 
0.9533360611102325 
0.9533360611102325 
0.9533360611102325 
0.9533360611102325 
0.9533360611102325 
0.9547942901664661 
0.9547942901664661 
0.9547942901664661 
0.9547942901664661 
0.9561050016591768 
0.9561050016591768 
0.9561050016591768 
0.9561050016591768 
0.9561050016591768 
0.9568054975332844 
0.9568054975332844 
0.9568054975332844 
0.9568054975332844 
0.9568054975332844 
0.9568054975332844 
0.9568054975332844 
0.9575316662582998 
0.9582128601632689 
0.9582128601632689 
0.9592699841065463 
0.9592699841065463 
0.9592699841065463 
0.9592699841065463 
0.9599640926528366 
0.9599640926528366 
0.9612482118512309 
0.9618499899098839 
0.9618499899098839 
0.9618499899098839 
0.9618499899098839 
0.9618848383947323 
0.9618848383947323 
0.9618848383947323 
0.9618848383947323 
0.9618848383947323 
0.9618848383947323 
0.9618848383947323 
0.9618848383947323 
0.9618848383947323 
0.964937686424345 
0.964937686424345 
0.964937686424345 
0.964937686424345 
0.964937686424345 
0.9655760351360979 
0.9655760351360979 
0.9655760351360979 
0.9662056597290595 
0.9675209644895288 
0.9682985625344754 
0.9682985625344754 
0.9682985625344754 
0.9682985625344754 
0.9689327873408143 
0.96896756994951 
0.96896756994951 
0.96896756994951 
0.96896756994951 
0.96896756994951 
0.96896756994951 
0.96896756994951 
0.96896756994951 
0.96896756994951 
0.96896756994951 
0.96896756994951 
0.96896756994951 
0.96896756994951 
0.96896756994951 
0.96896756994951 
0.96896756994951 
0.96896756994951 
0.96896756994951 
0.96896756994951 
0.9696387181852447 
0.9696387181852447 
0.9696387181852447 
0.9696387181852447 
0.9696387181852447 
0.9696387181852447 
0.9696387181852447 
0.9696387181852447 
0.9696387181852447 
0.9696387181852447 
0.9696387181852447 
0.9696387181852447 
0.9696387181852447 
0.9696387181852447 
0.9696387181852447 
0.9696387181852447 
0.9696387181852447 
0.9696387181852447 
0.9696387181852447 
0.9696387181852447 
0.9696387181852447 
0.9696387181852447 
0.9696387181852447 
0.9696387181852447 
0.9696387181852447 
0.9696387181852447 
0.9696387181852447 
0.9696387181852447 
0.9696387181852447 
0.9696387181852447 
0.9696387181852447 
0.9696387181852447 
0.9696387181852447 
0.9696387181852447 
0.9696387181852447 
0.9696387181852447 
0.9696387181852447 
0.9696387181852447 
0.9696387181852447 
0.9696387181852447 
0.9696387181852447 
0.9696387181852447 
0.9696387181852447 
0.9696387181852447 
0.9696387181852447 
0.9696387181852447 
0.9696387181852447 
0.9696387181852447 
0.9696387181852447 
0.9696387181852447 
0.9696387181852447 
0.9696387181852447 
0.9696387181852447 
0.9696387181852447 
0.9696387181852447 
0.9696387181852447 
0.9696387181852447 
0.9696387181852447 
0.9696387181852447 
0.9696387181852447 
0.9696387181852447 
0.9696387181852447 
0.9696387181852447 
0.9696387181852447 
0.9696387181852447 
0.9696387181852447 
0.9696387181852447 
0.9703315545102338 
0.9703315545102338 
0.9703315545102338 
0.9703315545102338 
0.9703315545102338 
0.9703315545102338 
0.9703315545102338 
0.9703315545102338 
0.9703315545102338 
0.9703315545102338 
