0.01633273963546839 
0.016269391629683022 
0.01620972103399685 
0.016122729297485584 
0.016055024883194668 
0.016009976389738993 
0.015969807011983583 
0.015947024299222724 
0.015891431653567278 
0.015845017387178847 
0.015802840757281583 
0.015767193789638027 
0.015728649020179706 
0.015695824158036432 
0.01564511987809617 
0.015621832927028763 
0.015585765813716053 
0.015552806049070373 
0.015527399782320284 
0.01548756197727712 
0.01548200710502356 
0.015475105686230386 
0.015441191663858071 
0.01542276291719483 
0.015407384722917772 
0.015393912563088048 
0.015362497713588115 
0.015342623504472762 
0.015303558279040858 
0.015268475234940784 
0.015241835060123174 
0.015255267418173962 
0.015239102860732979 
0.015215131415797894 
0.015198423076095756 
0.015190160499481235 
0.015192669811458418 
0.015170563074586254 
0.015143904912538246 
0.01512103647241154 
0.015110193115906894 
0.015096286165809126 
0.015082619931563615 
0.015064456711079892 
0.015064726482747703 
0.015061108060166091 
0.01505048092254862 
0.015043469812513333 
0.015042646575652836 
0.015048516737539286 
0.015046525711937623 
0.015067514725395161 
0.015068292006727239 
0.015062981909303351 
0.01506220435394501 
0.015057669939270152 
0.015050073222413238 
0.015044507835087196 
0.01503562436349086 
0.015027237137943888 
0.015026962434237998 
0.015011257642183083 
0.015016031965869012 
0.015026400234254375 
0.015036169725033032 
0.015049613416961911 
0.015054022718197287 
0.015045894589554985 
0.015029621951333307 
0.015013327412669052 
0.01501550718424123 
0.01501300556184537 
0.015034626699722211 
0.015039299983709349 
0.015025162361851536 
0.015014509782207343 
0.01501949613003046 
0.015014509782207343 
0.015011675456124142 
0.015043274111708527 
0.015030822199733453 
0.015024476563261694 
0.015038636108370999 
0.015039299983709349 
0.01501949613003046 
0.01501700369581096 
0.01501949613003046 
0.01503014517561291 
0.015034773027884392 
0.015034419709453373 
0.015041861586918021 
0.015055689157258793 
0.015047893673202237 
0.015053209093080451 
0.01506064487331137 
0.015074452029841746 
0.015093538220046353 
0.015105906659317077 
0.015106609943994714 
0.015111904711187136 
0.015120359254991268 
0.01512879955581407 
0.015136223571287523 
0.015142575738625182 
0.015136930203974648 
0.015126356335879436 
0.01513446873861121 
0.015136194501921545 
0.015143177473700822 
0.015148074993212834 
0.015153739604467276 
0.015162598194240985 
0.015172395987450366 
0.015190649229048772 
0.015197970390812056 
0.015197187108146035 
0.015205278557132718 
0.01525136111958536 
0.01524529619259659 
0.015266271843511764 
0.015273085346451776 
0.01526982645611927 
0.015293598137783011 
0.015308421734457149 
0.01531604074165383 
0.015328874714081266 
0.01534452345301085 
0.015349736154084213 
0.015355814012939856 
0.01536707961845711 
0.015372703080460508 
0.015373117315626001 
0.01537713575409933 
0.015392336274912915 
0.01540792056054288 
0.015412302099297172 
0.0154226799227631 
0.01544102794505599 
0.015440207252495024 
0.015445387661046259 
0.015455743269089326 
0.015474464643405279 
0.015491518195451342 
0.015491518195451342 
0.015522471968085493 
0.0155319356166577 
0.015541807359506166 
0.015545650967392776 
0.015542856880252096 
0.015553587881900432 
0.01557414832342366 
0.015578222748439568 
0.015593196465125424 
0.015601525566430994 
0.015619671699494839 
0.01564291072658794 
0.01565037200835814 
0.015679744895883987 
0.015700566104443495 
0.01569504380369803 
0.0157001401267632 
0.01570883827658812 
0.015725596968000927 
0.0157455039932039 
0.01574143017644839 
0.015744193088246854 
0.01574231240955407 
0.015752034027388336 
0.01576262668466141 
0.015781029624203868 
0.01578884618963653 
0.015809100670183616 
0.015814160236952198 
0.015826588261530026 
0.015833521402391824 
0.015838136759101434 
0.015862932389693905 
0.01586797479201426 
0.015878054792700522 
0.01588494431844191 
0.0158973059352835 
0.01589501355771677 
0.015904175049338456 
0.015915577275110067 
0.015927471111259313 
0.015932493088026117 
0.01594253229571764 
0.015955295547247 
0.015955738779511276 
0.015963477816566162 
0.015983070543547008 
0.015999911999757997 
0.01601173119934256 
0.016026257953745786 
0.01604621276189494 
0.016048476563213093 
0.016067479702803426 
0.01608869366977941 
0.01610679558447303 
0.016116726218435306 
0.0161316107069319 
0.016140104584543433 
0.016144578780507096 
0.016159437613976545 
0.016163902499087276 
0.016176996507386653 
0.016201704107901737 
0.01621331995613483 
0.01622589288760406 
0.01623352777433174 
0.016247822746448214 
0.01625496404179351 
0.01627906582086331 
0.016283979366236007 
0.016290111847375388 
0.01631464814208385 
0.01632395246256249 
0.016326151291716 
0.01633544318345848 
0.016347934915456448 
0.016372384554486866 
0.016386531054497167 
0.01639898484662999 
0.016401170689923326 
0.01642117462302865 
0.016438965904216726 
0.016447492210060474 
0.016454542959316736 
0.016471794073506383 
0.016472996084501444 
0.016490231775205585 
0.016498241845724047 
0.016498241845724043 
0.016507937000122094 
0.016514960974825223 
0.016532344056424668 
0.016541514320037327 
0.016545841290185277 
0.01655118412682307 
0.01655715482804941 
0.016567928536784557 
0.01657007954114886 
0.016579732687833058 
0.016581881196052514 
0.01658831926386757 
0.016603843410487828 
0.016610249847609157 
0.016611830001538062 
0.016624692478358807 
0.01663589180056182 
0.016645506781110632 
0.016660470101410706 
0.01666849051354081 
0.016678086700817933 
0.016677541785287183 
0.016678086700817933 
0.016692470637985263 
0.01670417624428095 
0.016702053047454975 
0.016709506755137927 
0.016725985053203895 
0.016738208267314637 
0.016747223769926763 
0.016758890178051766 
0.016763117132562188 
0.016764205200366644 
0.016771091318098535 
0.016785935064809465 
0.016797035452722008 
0.016806558243733307 
0.01681609895308659 
0.016819797858476183 
0.016825084130547462 
0.016827196557953436 
0.016839342504979225 
0.01685516609232908 
0.016865187339605806 
0.01687045749231478 
0.01688467755096318 
0.016887308370489358 
0.01688309166000114 
0.0168804620789835 
0.016887829463847627 
0.016895192689046195 
0.01690624689279084 
0.01690782493403572 
0.016919385331624785 
0.016928839298664275 
0.016926740501348746 
0.016930936890792548 
0.016926211153119885 
0.016937757112439653 
0.0169398517112754 
0.016948758066595914 
0.016955567345270404 
0.016960284903267397 
0.01696237294720288 
0.016967088612958914 
0.016983312280000037 
0.016992730681088312 
0.017000500698508853 
0.017000500698508853 
0.017016685928817044 
0.017024013157889654 
0.017037550997722646 
0.01703962018356043 
0.0170542546011252 
0.01706045532803858 
0.017055204484262274 
0.017057830577186538 
0.017057830577186538 
0.017065700806002664 
0.017063633845110483 
0.017058389607462948 
0.017078243937829207 
0.017095449686978112 
0.017093380707162643 
0.017100128654486783 
0.017118831735839918 
0.01713023946125681 
0.01713230212201501 
0.017141091680520235 
0.017145758192625954 
0.017157144284524743 
0.017153574088218465 
0.01715877804507069 
0.017154652313585376 
0.017165039353290164 
0.01717435809571933 
0.01719298042807006 
0.017210043579259177 
0.0172208761681861 
0.0172301647119231 
0.017232222839784775 
0.017225521066139046 
0.017232222839784775 
0.01724249587501763 
0.01724659688170394 
0.01724918548801653 
0.017255871580421547 
0.017266644839111042 
0.017273865114675407 
0.017278495767861276 
0.01727645148750171 
0.01728829384294471 
0.01729700598369556 
0.017301630443400415 
0.017299588896849544 
0.01730625366738856 
0.017308835200555813 
0.01731291494809583 
0.017314953075304593 
0.01731236968181999 
0.01731847522156613 
0.017321060475617534 
0.017327711447274276 
0.017323644420271386 
0.017329743217947575 
0.017332327714418512 
0.017331773827280347 
0.017334910902568838 
0.017344686333283746 
0.017357970388268324 
0.017374367787059187 
0.0173824734718624 
0.01738651937565423 
0.01739425192412712 
0.017399400449440782 
0.017403997701677623 
0.017411164693954276 
0.017419804361702804 
0.017429534015572533 
0.017432642484718146 
0.01743007745249573 
0.017437230972835106 
0.017446404328686185 
0.01745503205382333 
0.017461087709532874 
0.017467684448718438 
0.017481418706729725 
0.01748800686184678 
0.017492580827310762 
0.017505743514629708 
0.01751141296412143 
0.017522556891047605 
0.017536248173426378 
0.01754226484807478 
0.017558494696300136 
0.01756305030454562 
0.017563940787875595 
0.01756082002641107 
0.017567369296511072 
0.01757448150017519 
0.01757391521545498 
0.017579886233989116 
0.017585007705429076 
0.017588985189600906 
0.017601207231323652 
0.017606878655798137 
0.017607436610705147 
0.017607436610705147 
0.0176185134446695 
0.017623609164980937 
0.017622166041664687 
0.017628147945828 
0.01762869978188976 
0.017634676747817067 
0.017636666805266803 
0.017639212680842647 
0.017634676747817067 
0.017634676747817067 
0.017642308692458593 
0.017650824343355753 
0.017650824343355753 
0.017657897496587752 
0.017665513974973953 
0.01766949506918633 
0.017683619086601023 
0.017685059909426374 
0.017683072583688616 
0.017689582923291324 
0.01769156861332539 
0.01769266469472589 
0.017697185764974047 
0.017704236781064583 
0.017704236781064583 
0.017715258507851363 
0.017719773813454843 
0.017724287968773244 
0.01772880097468523 
0.017730784979802783 
0.017730784979802783 
0.01773331283206835 
0.017738364749886052 
0.017738364749886052 
0.017745933167912023 
0.017748983520190668 
0.017751500668957542 
0.017754016559640807 
0.017757995832863572 
0.01775600675827761 
0.017754016559640807 
0.01775852201057284 
0.017765015508014622 
0.01776951817016995 
0.017778520073391937 
0.017785530748335852 
0.017789502972258668 
0.017791487402687836 
0.01779796617594269 
0.01779994786509219 
0.017806953697923743 
0.017806421762948332 
0.017812355262569853 
0.01781289240971269 
0.017812355262569853 
0.017818821060889525 
0.017820795043992844 
0.017820795043992844 
0.017818278704745866 
0.017820795043992844 
0.017823310130276028 
0.017820795043992844 
0.0178227679107371 
0.0178320610138032 
0.017842994815893434 
0.017849997198879333 
0.017864277203402324 
0.0178732313810346 
0.0178732313810346 
0.017879094384224276 
0.01788047381922526 
0.017882997511603025 
0.017892512847557215 
0.017894463501317945 
0.017895839069459695 
0.01790030882415161 
0.017902830614179424 
0.01791176551878681 
0.01790729862374557 
0.01791176551878681 
0.017913711396581114 
0.017916231300136757 
0.017918176692956235 
0.017911190245207046 
0.017916802839792596 
0.017924584681381042 
0.017924584681381042 
0.01792652738262489 
0.01792652738262489 
0.017922064166830783 
0.0179309894874767 
0.017935450482215384 
0.01794882681402882 
0.017951343570886277 
0.01796082804327239 
0.017965851607981184 
0.017972813246678997 
0.017972813246678997 
0.017979205321704293 
0.01798866798848653 
0.01798616179177759 
0.01798616179177759 
0.0179975602791045 
0.01799950043751215 
0.01799950043751215 
0.01800143949799571 
0.018007820523317085 
0.01800975691118567 
0.01801032548290008 
0.018012829205874353 
0.0180108904832604 
0.018012829205874353 
0.01801726993747943 
0.018021709574843336 
0.01802477184321621 
0.01801726993747943 
0.018016703361048048 
0.018021709574843336 
0.018027516301476473 
0.018033886325470726 
0.018036389439131103 
0.018041607023765924 
0.0180454608142879 
0.018048545647780044 
0.018061260642601887 
0.018067613456126407 
0.018070117210466564 
0.018075884487349436 
0.01808089201339359 
0.018090317410150655 
0.0180947391249501 
0.0180966609074713 
0.018098581601882508 
0.01809357897155784 
0.018098581601882508 
0.018103001298127336 
0.018101081072687344 
0.018105500158791525 
0.01810741991560366 
0.018111256168471587 
0.0181220038627079 
0.01812641784799192 
0.018135242595565135 
0.018139653359422282 
0.01814156597430332 
0.018144063051036833 
0.018145975201129313 
0.018146558902447592 
0.018149053529041125 
0.018152293959717597 
0.018154790442194587 
0.018166828672060514 
0.018177538227163767 
0.01818633816907626 
0.018184434662644865 
0.018187517037792707 
0.018194406173327005 
0.01820070811809255 
0.01820261255973988 
0.01820451592325377 
0.01821021954837448 
0.01821341747174319 
0.01821211860273263 
0.018209623829173405 
0.0182140165806447 
0.018215913482447155 
0.01821470834243579 
0.018217206811144238 
0.018225381861568773 
0.018227272313761044 
0.01822598760012746 
0.018229770815893432 
0.018229161692189796 
0.018233549736680458 
0.018233549736680458 
0.018236048256132686 
0.0182354375872914 
0.01823982412195907 
0.018242322659135266 
0.018248594028034047 
0.018252363792122927 
0.01825612927211023 
0.01825612927211023 
0.018253628242078337 
0.018255508757632585 
0.018255508757632585 
0.01825989047064631 
0.018266149676382265 
0.01826552424651425 
0.018274281818993602 
0.01827177889533474 
0.01827552636724863 
0.018280533471428016 
0.018283645588339323 
0.01828738362915811 
0.018292982698291712 
0.018299219218316395 
0.0183067393055126 
0.0183111087594389 
0.018313612423549865 
0.01831734085504771 
0.01832413534112865 
0.01832162612870375 
0.018320971153298615 
0.018315283235593165 
0.01832216537421273 
0.01833089588645356 
0.018332081605753343 
0.018335776612949887 
0.018335776612949887 
0.018335776612949887 
0.01833208160575334 
0.018337109914051342 
0.018338292614090333 
0.018340139148872343 
0.01833762252856133 
0.01834315392728306 
0.01835254925071719 
0.01836562179726023 
0.018364947481547555 
0.018370462813984845 
0.018367944250786476 
0.018373448233796507 
0.018369093608558915 
0.01836725956695772 
0.018366571373013528 
0.018372758529954066 
0.018372758529954066 
0.018372065316670304 
0.01837824801225623 
0.018378248012256227 
0.018380772127416192 
0.018382600468921692 
0.01838442775829588 
0.018389903316765967 
0.01838737610427328 
0.0183884903132367 
0.018385959425605183 
0.018388879683112837 
0.018390695038524238 
0.018389972920045315 
0.018394322602368375 
0.018389247292915495 
0.018392868183075742 
0.01839975608533983 
0.018404103455479704 
0.018404103455479704 
0.018408449798937444 
0.018410258010142063 
0.018408790943459593 
0.018403705713795796 
0.018405508305939282 
0.018407309852338554 
0.01840911035330062 
0.018412708220139698 
0.01841016067284585 
0.018406857417821217 
0.01840251069827158 
0.018406857417821217 
0.018408651878939968 
0.018420645374144742 
0.018424234041066672 
0.018426026809922967 
0.01843752694913285 
0.01844186541540741 
0.01843931408702612 
0.01844722244675333 
0.018453088196830364 
0.018453088196830364 
0.018452325165138405 
0.018452325165138405 
0.01845742300539271 
0.018454874694779154 
0.018459209083815053 
0.018459209083815053 
0.01846354245533614 
0.01846354245533614 
0.01846634300558722 
0.018472455169792668 
0.018469903735536898 
0.018469903735536905 
0.018475005385655507 
0.01847678543470157 
0.018477790344086056 
0.018480561030444934 
0.01848154755424989 
0.018485086313025426 
0.018481731520612457 
0.01848605961258375 
0.01848605961258375 
0.018487824750359358 
0.018479326394649782 
0.018482846534016342 
0.01848027662130629 
0.018476889781562263 
0.018473494525941755 
0.01846916348944911 
0.018464006499132303 
0.018465759014998546 
0.018477000189424688 
0.01847875147297566 
0.018483906080696257 
0.01848225094516358 
0.01848483010471019 
0.01848483010471019 
0.018489157471339793 
0.018485746292752153 
0.018487492420552875 
0.018484070547365915 
0.018485813371339654 
0.018482380799020454 
0.018479791773718664 
0.018480677043874773 
0.0184780843162921 
0.01848588261349725 
0.01848242408343668 
0.018489347852209393 
0.018491078930121953 
0.018494538004502844 
0.018491940298411093 
0.018487613583153453 
0.018491068114092277 
0.01849624221294693 
0.01850661243988213 
0.01850661243988213 
0.01850833325829206 
0.018514374523596527 
0.018519526559823283 
0.01852206295205801 
0.0185263816218926 
0.01852377456135763 
0.01852287623453766 
0.018525485148842932 
0.018534119887386073 
0.018530699285240156 
0.018532410096908605 
0.018540144120259693 
0.018546165533608286 
0.018546165533608286 
0.018545263114876535 
0.01854004271839739 
0.018539133097316064 
0.01853651919859821 
0.018541618483832525 
0.018546848788945258 
0.018549462094626892 
0.018550245712658366 
0.01855363856498234 
0.018556254363421516 
0.018554557822810007 
0.018550245712658363 
0.018557171767271004 
0.018558868931052887 
0.018559644393145037 
0.01855702734815035 
0.01855872021449755 
0.01856210289810936 
0.018560237498480455 
0.01855592670819757 
0.01855854994335495 
0.01855854994335495 
0.018564547287774083 
0.01856885607677544 
0.01857147748564987 
0.01857222657626166 
0.018573910304510464 
0.018573910304510464 
0.018577274719398428 
0.01858063508064243 
0.018587343650990046 
0.018594994595320536 
0.01860096814684655 
0.018603597071534313 
0.01860860833055497 
0.018611237895422215 
0.018611237895422215 
0.018618163604394496 
0.018617204516253236 
0.018627463595454963 
0.018625796734636615 
0.018625796734636612 
0.01862912944825925 
0.018632458130906936 
0.018632458130906936 
0.018637443601524323 
0.018634810865688977 
0.01863217689911729 
0.018636470052024335 
0.0186407622161756 
0.018646710809148082 
0.018644076807393817 
0.018645732594886156 
0.018650022627332122 
0.01865431167317626 
0.018654982819611494 
0.01865828459424928 
0.018660921735005484 
0.018655646223060728 
0.01865828459424928 
0.01865828459424928 
0.01866355764585091 
0.018665208276362737 
0.018669493833524252 
0.018669493833524252 
0.018666857903782308 
0.018666857903782308 
0.018665868744850853 
0.018665868744850853 
0.01867015415040808 
0.018671800770145335 
0.01867344638785246 
0.018668165844560092 
0.018669809211665767 
0.018667166469499327 
0.018667166469499327 
0.01866452249590115 
0.018669442841177664 
0.018672088688735388 
0.018672088688735388 
0.018672088688735388 
0.018670448950145788 
0.01866780372727333 
0.01866780372727333 
0.01866780372727333 
0.01866780372727333 
0.018669442841177664 
0.018674354178926777 
0.018684554476893475 
0.01868353885108493 
0.01868618784022038 
0.01868618784022038 
0.01869046858695629 
0.018690468586956294 
0.018693731569700042 
0.018693731569700042 
0.018693731569700042 
0.01869474835348152 
0.01869474835348152 
0.01869739489875528 
0.0186990271404691 
0.01870431779028575 
0.018705950283265483 
0.01870758177851964 
0.01871287000970188 
0.018715512282595954 
0.018712870009701878 
0.018717144654033104 
0.018720406405844933 
0.018723049324295443 
0.018727936351878176 
0.018729563369176548 
0.01873383420445478 
0.01873383420445478 
0.01873383420445478 
0.01873383420445478 
0.01873647779066279 
0.01873647779066279 
0.018738104066313644 
0.018738104066313644 
0.018740747050211205 
0.01874399786598366 
0.018749282652944354 
0.018749282652944354 
0.01874664087243365 
0.01874826541309889 
0.018750907818023105 
0.018753548997456456 
0.018756188951916646 
0.01876146518798572 
0.01876146518798572 
0.018767355061382517 
0.018768980366551617 
0.018768980366551617 
0.018774253007776368 
0.018771617298464188 
0.018773242234627455 
0.018774866177951842 
0.018773850324320794 
0.018778111087114163 
0.01877648912869496 
0.018774866177951842 
0.018775471658522988 
0.01877283100653708 
0.018775471658522988 
0.018778111087114163 
0.01878764487635425 
0.018789266723318394 
0.018792507443127434 
0.01878986918528173 
0.018791487434474154 
0.01879412631648516 
0.018791487434474154 
0.01879310469294523 
0.01879897699344302 
0.018800591905575738 
0.018802205828040496 
0.018804846609318568 
0.018804846609318568 
0.0188074861690764 
0.01881012450782823 
0.018808508712813997 
0.01881012450782823 
0.018811739313524416 
0.01881496595798143 
0.018817604948558143 
0.018817604948558143 
0.018822879269654792 
0.01882551460120015 
0.018825514601200147 
0.018829763673503714 
0.018834011787189686 
0.018829763673503714 
0.0188271289367232 
0.018828742284071977 
0.01883299062815038 
0.018835625394448684 
0.01883460262389414 
0.01883460262389414 
0.018837238014103874 
0.018837238014103874 
0.018837238014103874 
0.018837238014103874 
0.01883884964640888 
0.01883884964640888 
0.01883884964640888 
0.01883884964640888 
0.01883884964640888 
0.01884411802128187 
0.01884836289973217 
0.018844118021281872 
0.018844118021281872 
0.01885201145766679 
0.01885201145766679 
0.01885464017158641 
0.018856254559164183 
0.018860496706078554 
0.018862109744140498 
0.01886796226411321 
0.01886796226411321 
0.01886796226411321 
0.018872201779336722 
0.018878050323060377 
0.01887965931896018 
0.01887965931896018 
0.01887965931896018 
0.018882287573278828 
0.018883896208145182 
0.018885503858780153 
0.01889134574348794 
0.018892951066469207 
0.018892951066469207 
0.018892951066469207 
0.018892951066469207 
0.018892951066469207 
0.01889558001226742 
0.018892951066469207 
0.018890320907808844 
0.01888768953577965 
0.018886659418753757 
0.018889292628364883 
0.018891924624029176 
0.018893527357272386 
0.018893527357272386 
0.018891924624029176 
0.018891924624029176 
0.018891924624029176 
0.018891924624029176 
0.018889292628364883 
0.01888768953577965 
0.01888768953577965 
0.01888768953577965 
0.018890894737941876 
0.018893527357272386 
0.01889455540625394 
0.018891924624029176 
0.01889455540625394 
0.018896158763092565 
0.01889455540625394 
0.01889718497554596 
0.018902440477356355 
0.018902440477356355 
0.018899813332411513 
0.018899813332411513 
0.018899813332411513 
0.018899813332411513 
0.018899813332411513 
0.01890404570455753 
0.018902440477356355 
0.01890827712934206 
0.01890564994915541 
0.018907253211400115 
0.018907253211400115 
0.018907253211400115 
0.018909881014961466 
0.018909881014961466 
0.018909881014961466 
0.018912507607400982 
0.018912507607400982 
0.0189157136793725 
0.0189157136793725 
0.018914111134282784 
0.018914111134282784 
0.018916737139369463 
0.018916737139369463 
0.0189157136793725 
0.018920965725881964 
0.018923589934259303 
0.018925193367572236 
0.018926795819683796 
0.018929420065073307 
0.018929420065073307 
0.018934664929699706 
0.018934664929699706 
0.018934664929699706 
0.01893728554994089 
0.018939904962802744 
0.018937285549940893 
0.018940916978858233 
0.018942523168786148 
0.01894514016839147 
0.01894674600030306 
0.01894936241671471 
0.018951977627677804 
0.018951977627677804 
0.018954591633691294 
0.018959816032862765 
0.018959816032862765 
0.018959816032862765 
0.018965035618210686 
0.018970862289310945 
0.018972470160735527 
0.018972470160735527 
0.01897768626571743 
0.018982897565967112 
0.018982897565967112 
0.01898029251618636 
0.01898029251618636 
0.018982897565967112 
0.018982897565967112 
0.018983890433733542 
0.018983890433733542 
0.018989093290623437 
0.018993305768085764 
0.018993305768085764 
0.0189985026778428 
0.0189985026778428 
0.0189985026778428 
0.0189985026778428 
0.018996888587345034 
0.018999484624589166 
0.019002079465153282 
0.019002079465153282 
0.019003694798643767 
0.019003694798643767 
0.01900726555820168 
0.01900564800263332 
0.019008882134412854 
0.019008882134412854 
0.01901147400913459 
0.019009856811664838 
0.019009856811664838 
0.01901147400913459 
0.01901147400913459 
0.01901309022752483 
0.01901049773151666 
0.01901049773151666 
0.019012112349762716 
0.019010497731516657 
0.019008882134412854 
0.019008882134412854 
0.019008882134412854 
0.019008882134412854 
0.019008882134412854 
0.01901147400913459 
0.01901147400913459 
0.01901147400913459 
0.01901147400913459 
0.019016654174696453 
0.019016654174696453 
0.019016654174696453 
0.01901503573491252 
0.01901503573491252 
0.01901503573491252 
0.019016654174696453 
0.019016654174696453 
0.019016654174696453 
0.019016654174696453 
0.0190192424665127 
0.019021829565002417 
0.019024415470652443 
0.019027000183949126 
0.019026034794459933 
0.019026034794459933 
0.019026034794459933 
