0.11187756798712735 
0.11241502972584408 
0.1129790529219106 
0.11500892751750313 
0.1165225611870798 
0.11736923681306421 
0.11865171239238093 
0.11933801231726963 
0.12085289424277448 
0.12199978395057874 
0.12326788459206173 
0.1244495933838446 
0.12535986642220995 
0.12645139597236055 
0.12688139865381637 
0.12777463537517478 
0.1283534686002663 
0.12940879800756103 
0.1297759337868993 
0.13120573622319667 
0.13220654402138232 
0.13302944095557664 
0.13365842876259848 
0.133953307366745 
0.13462267935848093 
0.13474801288366742 
0.1359505117268694 
0.1365645902185649 
0.1379020136335149 
0.13923202987112787 
0.14052174032573653 
0.14086251361290733 
0.14075480773214893 
0.14087225324281866 
0.1414561541886284 
0.14258531020019186 
0.14294080332438727 
0.14403637582355974 
0.14534531999809852 
0.14656259911678468 
0.14739723886075967 
0.14798844592818453 
0.14897677336883972 
0.14965841257784857 
0.14973273624104258 
0.15084420778095853 
0.1514025874570718 
0.15178473491722247 
0.15242209917796673 
0.15254377514001458 
0.15311622720424414 
0.1544392681095843 
0.154718515477394 
0.15516605370480083 
0.15529446557849919 
0.15528168032055734 
0.15590717167594498 
0.156356346814109 
0.1565036035630583 
0.1573768036434445 
0.15824108831848196 
0.159005415875372 
0.15909991084598687 
0.15942640092937332 
0.1593914438571683 
0.1593738072080885 
0.15980779138316045 
0.16065656036996212 
0.16123571061049882 
0.16161705332375936 
0.16167731885389616 
0.16235911552862015 
0.1620018575313954 
0.16223573117959916 
0.1626430773043567 
0.16315848021830096 
0.16350964778808333 
0.16392252181213676 
0.16414379220834324 
0.16427473013125285 
0.16426034922244379 
0.16471036991865295 
0.16513574305554612 
0.16510880149496596 
0.16588796753421878 
0.16610653032901443 
0.16643402707198388 
0.16679624226815326 
0.16687162674036696 
0.1674095456453593 
0.167622642375244 
0.16802136603571133 
0.1682548554580522 
0.16827893566978766 
0.16825089562282916 
0.16858046277772296 
0.1685237375175124 
0.1688570662220698 
0.16950402348173504 
0.17030261762966667 
0.17069895948061067 
0.17110128146293752 
0.17108180758513825 
0.17120878093242667 
0.17127345049951204 
0.17170518448902913 
0.17217049172576668 
0.1726075677337747 
0.1728255602311547 
0.1731443770492726 
0.1733223516743123 
0.173592990637158 
0.17400534413850546 
0.17443647235201432 
0.17405878156915564 
0.17363060327816698 
0.1738822330310997 
0.17327731286043682 
0.17348276396139733 
0.1737202866636823 
0.17394701830496925 
0.17430760245385363 
0.1739643847714481 
0.17410215457845626 
0.17476860167186323 
0.17477659127595954 
0.17507655373899436 
0.1760651038145009 
0.17695648678121662 
0.17732038739038267 
0.17724516762271117 
0.1777939971124565 
0.17847896003724814 
0.1784623927176459 
0.17837896330931652 
0.1790538480436127 
0.1799060871748526 
0.18037119624835843 
0.18068366428732574 
0.1811878376748934 
0.18170464462566058 
0.18185020946413868 
0.18219106143357927 
0.18231587657684212 
0.18205909503525386 
0.1821496984305222 
0.18257409420095605 
0.1826650838406672 
0.18352180281346922 
0.18318895742340213 
0.18400973407218635 
0.18444633482311784 
0.184662156195928 
0.1848638175545212 
0.18529661514738965 
0.1854722923115009 
0.18607775501106466 
0.18661818814293185 
0.18726199928814002 
0.18779218654406912 
0.1876415652693456 
0.1881162561834469 
0.188599196502054 
0.18956943680456667 
0.18978965576474296 
0.18979067982417724 
0.18978337642069698 
0.19045381285645868 
0.19113099051136795 
0.19154730772127415 
0.19197963640194626 
0.1927622687508222 
0.19296945103610502 
0.1934236842433862 
0.19404233106381225 
0.19467286726905317 
0.19565954530210655 
0.1963435647684942 
0.19672644609301845 
0.196912392278838 
0.1971001988475062 
0.19730605421869143 
0.1978339206040684 
0.19837382624091907 
0.19857635067002957 
0.1988885009316115 
0.19987019540868298 
0.20054997213977246 
0.20050825433365202 
0.2012826457899672 
0.20213722181360208 
0.20259750368807944 
0.20295309417123913 
0.20344907939173676 
0.20372976188305614 
0.20377274176235757 
0.2044415142301353 
0.205351388827288 
0.2058891647697477 
0.20611363225613158 
0.20662285952366405 
0.20692336519047513 
0.2073384313279576 
0.20746252497955842 
0.20801210662779854 
0.2085299192875247 
0.2084529776312159 
0.20880307688660923 
0.20951177958928915 
0.21024852399399985 
0.21032305250782143 
0.2108895266813102 
0.21225873377075363 
0.21235564289087347 
0.21271874042592462 
0.21385473904029595 
0.21446411375550428 
0.21469303837637135 
0.21494453060053892 
0.2149736303274213 
0.21545487229672636 
0.21587043289946364 
0.21617342010920193 
0.21658383963234468 
0.21690628122268854 
0.21781561791198756 
0.21855483272511966 
0.21945995594095466 
0.22028408572377348 
0.22072850018853993 
0.2214631312509109 
0.22245273545089778 
0.22257928415230113 
0.22246154038181376 
0.22306672041608352 
0.22350129012537914 
0.22465645073988877 
0.22453289222598474 
0.22500648062294434 
0.22512704369830935 
0.22559649267170556 
0.22569539902601032 
0.22622317888137322 
0.226469128431741 
0.22735085492275262 
0.22781771988080404 
0.22831076919420426 
0.2290372074428054 
0.22920145563465621 
0.23023207588808972 
0.23087821417891688 
0.23186717459168077 
0.23203077456357252 
0.2324233314722409 
0.23231419990374166 
0.23249875118243354 
0.23319487673221556 
0.23378865120502593 
0.23368440825721967 
0.23436794975555691 
0.23573266311813654 
0.23602877134208242 
0.23615104098646744 
0.23748715676061102 
0.23829158344623147 
0.23867383822673474 
0.23921441061187007 
0.23954591748018697 
0.24032227166985953 
0.24055042715736627 
0.24126719718768622 
0.2416889911584833 
0.24180841786751603 
0.24228485112352474 
0.24288771546072213 
0.24384665633386476 
0.24436999155699032 
0.2445439288944522 
0.24576555780917994 
0.24625811041774492 
0.24653309987610647 
0.24687535074373865 
0.24702504787094787 
0.24726385821818417 
0.24843287272742773 
0.24879093730287113 
0.2494770278607221 
0.2495149277952049 
0.24978437599422346 
0.24976618716821758 
0.25006715159006765 
0.2503775860433424 
0.25114026934894507 
0.2513500772696422 
0.2520077470241549 
0.25182720220705285 
0.2522037496463988 
0.2529194670896061 
0.25416469781098205 
0.25480538858317825 
0.25552588222333195 
0.25599882004113217 
0.25666961150155065 
0.2579001374380018 
0.2588590351553873 
0.25892696663505815 
0.26003971692789685 
0.26038394863408915 
0.2606350537678157 
0.26065168456780025 
0.26073927625571824 
0.26091069366242964 
0.26103017730343164 
0.2608851531164067 
0.26203729961284783 
0.26284813344611696 
0.26337864474309314 
0.2637248195443855 
0.2648221697878419 
0.26533398802515795 
0.26559062251474286 
0.26576791521759624 
0.2658776136918592 
0.26631462604291256 
0.26616310217330846 
0.2668408731483481 
0.2674129467874869 
0.26735993229047444 
0.26803906718251913 
0.26859682395458423 
0.2699562609829083 
0.2701038996391157 
0.2703893875679738 
0.27122688171914 
0.27154488352829 
0.27196316976721735 
0.27239571821602115 
0.2727256998578679 
0.2728174630490408 
0.27297783250448165 
0.27335237037980753 
0.27433556465312436 
0.2746657315408543 
0.2747039133590361 
0.2751587267902131 
0.27559181394908117 
0.2757367589932943 
0.27606692930645776 
0.27646322318997124 
0.27658258548619397 
0.27673638167236825 
0.27713074188123243 
0.27709302258298685 
0.2775458204674391 
0.2777584818274754 
0.2788161400266776 
0.27905104671202013 
0.2791313674850485 
0.27943014119246634 
0.2792016751331778 
0.27905295651170875 
0.2795263367377072 
0.2803269724096253 
0.2811746617156009 
0.28123125212402794 
0.28151895703325375 
0.2820291470995293 
0.2820881272454149 
0.2824941570447806 
0.28264132437749834 
0.28339980735847176 
0.2840469694663836 
0.2841543109920994 
0.28428372644412714 
0.2846382287899559 
0.2845733831578233 
0.2854180037401237 
0.2856987184710245 
0.2859896178969449 
0.28674925920100874 
0.2874140932211372 
0.28770576813112075 
0.28866609978434254 
0.28938878632445564 
0.29012739263618714 
0.29113787401074126 
0.29161145811719125 
0.29241127615954265 
0.29267952545220666 
0.2935259951035282 
0.29351105631995217 
0.29396758349035934 
0.29471836713333494 
0.2952942716507667 
0.2962442932833842 
0.29651884643139237 
0.29711352849517497 
0.29735920435509355 
0.2982127060837372 
0.29847089974784485 
0.29883966373481213 
0.29979046784907093 
0.30048483664141423 
0.3006379266673223 
0.30095404890459915 
0.30106394362156313 
0.30135456462449806 
0.3015054177407429 
0.3016610032106768 
0.30252198566773636 
0.30252198566773636 
0.30302224949800083 
0.30381471112826763 
0.30404170921435314 
0.30444947257109173 
0.30482061649752235 
0.3056970372514783 
0.3064358123017005 
0.30705485943407196 
0.3071829737781084 
0.30765800175818575 
0.3085022662897389 
0.3085926911968008 
0.3086353898459569 
0.3091257933947633 
0.3089886582970571 
0.30981299322309946 
0.30997051171869594 
0.3106565843435773 
0.31096632426586995 
0.31141380186081813 
0.31141380186081813 
0.31186092435224927 
0.3123423282836372 
0.3125772751684777 
0.3129778834095072 
0.3130019176618887 
0.31290702668138975 
0.3133884627931161 
0.3139587116733622 
0.3141529936972409 
0.31427457031632294 
0.3141901532518072 
0.31451631511774547 
0.31504076806769055 
0.31523046164744895 
0.3159076173626704 
0.31604198183960125 
0.31577995006744514 
0.3160182628737136 
0.31646832671252473 
0.3167367421847643 
0.3168074697230381 
0.3171891612867959 
0.31716670204149 
0.3178703351292102 
0.3180692387552951 
0.3184804825910399 
0.3185239554536423 
0.3184199930971583 
0.31884716850752964 
0.319169195413761 
0.3190228601392213 
0.31920939503473694 
0.32000704628492865 
0.3205211921767894 
0.3209259992285778 
0.3223104993519602 
0.32344627631117934 
0.32385414568622584 
0.32413970618881943 
0.3247688400522721 
0.32467977361384426 
0.32518859595826555 
0.3254931850472208 
0.32606332464202525 
0.3263829976847587 
0.3268534600455247 
0.3275349223288951 
0.3276366467587042 
0.32784125649612716 
0.32799294976202953 
0.3282926244644926 
0.3286354289230376 
0.3287522907304433 
0.32932956281343323 
0.33018714563928425 
0.33018714563928425 
0.33013479610266533 
0.33013479610266533 
0.33002845240225914 
0.33042365841037175 
0.3308723531019549 
0.33176200869350253 
0.33194561041526766 
0.3324304409760924 
0.33256334794934755 
0.3331376234895066 
0.3333119643471613 
0.3341319733995454 
0.33529651079287703 
0.3352168618346229 
0.3353817169712945 
0.33608918224349665 
0.3363546276473795 
0.3363546276473795 
0.33680325907299824 
0.33727797541456966 
0.33743332429263234 
0.33760208174066003 
0.3378717986118257 
0.3383601147992047 
0.33868117910435797 
0.3391970104977159 
0.33959431878578467 
0.340036691313249 
0.34009801116160243 
0.3404408995467479 
0.3404742570921734 
0.3409999764994969 
0.3410897521828 
0.34126097584885495 
0.3417332730240849 
0.34203855593161137 
0.34252634397909393 
0.3436705888691367 
0.3441386321057412 
0.34444099136716655 
0.3453784754397311 
0.34569385439642436 
0.3469002103342108 
0.34739659851189686 
0.3472404390674497 
0.3474187986768135 
0.3473266325574922 
0.34745448599060885 
0.34806408348237494 
0.3479469213297989 
0.3484692636071711 
0.3486103956598271 
0.34874554743739206 
0.3489035480164741 
0.34903958860814943 
0.3492546118554989 
0.34966906778255674 
0.34996899956917144 
0.35099998890363043 
0.3517483605259751 
0.3518824180815688 
0.35218226268513203 
0.3526449250798037 
0.35288027539952793 
0.35327489530770867 
0.3541543387478581 
0.3547054645820119 
0.3546492983072096 
0.35461645174454 
0.3556983880919835 
0.3560119779315518 
0.35603690200659255 
0.35606703378280974 
0.35648299745787515 
0.3566272594492789 
0.3566859676104858 
0.3568446157110568 
0.3579035147973709 
0.358065748664868 
0.35830594425920115 
0.358395311267543 
0.358945939320879 
0.3590796465287039 
0.3590290000396919 
0.35920107492505415 
0.3596490887678412 
0.3602830174529376 
0.36060886272296905 
0.3608985557397085 
0.3608914872841353 
0.36099568717095215 
0.36179516514117555 
0.3623340246947474 
0.36329792059105315 
0.36357360403900696 
0.3637737277895335 
0.3636038016277852 
0.36384092330063716 
0.36428756256256395 
0.3645379743285399 
0.36484297465621723 
0.3652442101507588 
0.36614204585413707 
0.36629072015056213 
0.3674837723289332 
0.36805058799811136 
0.368288387950678 
0.3685298193235584 
0.3691423210936047 
0.3696079178559482 
0.3700741028606171 
0.3702942942977424 
0.37031362984641597 
0.3706779209847057 
0.37071599763718416 
0.37054811374330027 
0.3704744171504618 
0.37043341423155995 
0.37130947728479646 
0.3721888578610754 
0.3726851912199796 
0.3731669614567458 
0.37378191121760307 
0.37401158233930043 
0.37418069331867976 
0.3745432880432895 
0.3748049768641299 
0.37505699358296574 
0.37501438272379645 
0.37557042890931563 
0.37598512916833 
0.3777139561900241 
0.377936781489371 
0.37902093477151905 
0.3791974680544067 
0.37932296338475735 
0.37930993055014556 
0.37947957864178244 
0.38017128460629573 
0.38074342190562965 
0.38092871467997236 
0.3810305593596107 
0.38183791124913763 
0.3822973103046153 
0.38250621415074465 
0.3829201579062857 
0.3831010367931369 
0.383636035894693 
0.3836948930859804 
0.3840569000284999 
0.38389443815881874 
0.38434707837921983 
0.38444076169348984 
0.38459387782990095 
0.38506652933253027 
0.3853055564832733 
0.38563149759423526 
0.38622554922735064 
0.38667569668372287 
0.3870675155797094 
0.38740421357429167 
0.38759446313166307 
0.3878060504884876 
0.38776615854038976 
0.3883296487945725 
0.3886340422205729 
0.38865447734100805 
0.3891243825018419 
0.38908549361295297 
0.38933572373193803 
0.3893233369943201 
0.39002392769911676 
0.3902116389942319 
0.39120998914287486 
0.39226553543254034 
0.39232021071646345 
0.39326379436199993 
0.39417587453860964 
0.3941605686602775 
0.3951468499614246 
0.3956955967869973 
0.3955777265916932 
0.39560073869836054 
0.3957553958242092 
0.3960469866178085 
0.3960718908323679 
0.396257385807887 
0.396257385807887 
0.3965788115528098 
0.3965788115528098 
0.3974325890980284 
0.3980695863957918 
0.3980200560676175 
0.39827572773310227 
0.39883061151589844 
0.3989334938187808 
0.3993863586455223 
0.3998201331914159 
0.4002288507750842 
0.40056238918769865 
0.40102868431280986 
0.4012036623957488 
0.40130531575680417 
0.4016791548274627 
0.4014806902975861 
0.40237731512731756 
0.4024422523742811 
0.4031327041530706 
0.4034817480640119 
0.40349474614764863 
0.40343254150232516 
0.4034463463804515 
0.40444526562609745 
0.4046353483865513 
0.4048144023869225 
0.40502714738948176 
0.4050553495046404 
0.405156757738546 
0.4058288910666812 
0.40631381847087306 
0.4063666045282354 
0.40701292774665343 
0.40739483009567895 
0.4080446291348941 
0.4080223916461973 
0.4087698519377276 
0.4088641324386941 
0.4100590909588963 
0.4100517047247884 
0.41035719533504145 
0.410721961600424 
0.41134591152258043 
0.41186997422184896 
0.411843440545576 
0.41184217845368365 
0.41215310891856277 
0.4136843129024452 
0.4136843129024452 
0.4138472691149644 
0.41502775764562555 
0.415103781296919 
0.41549473695338285 
0.41578680274433866 
0.4157636130479704 
0.4156870718293324 
0.41576027598880944 
0.4165834080497242 
0.41636630392169266 
0.4165175534697848 
0.41679731640179263 
0.41707842106902254 
0.4171576967423105 
0.4171787811606735 
0.4170184311718932 
0.4173370781650401 
0.41736522631318823 
0.4180434162444035 
0.41836000891450587 
0.4187174031943721 
0.4193229008051854 
0.4196535041487217 
0.4199600829447574 
0.41978344949269825 
0.41973450519754807 
0.41986436270648575 
0.42017177071368317 
0.42020216184248177 
0.4201942745544542 
0.42015450836486445 
0.42046004124620595 
0.42096572629441154 
0.42085791188659716 
0.42126432614388715 
0.42170940890677266 
0.4220406294362557 
0.42248959150459886 
0.42273261511833027 
0.42314088710332853 
0.423099419570861 
0.423099419570861 
0.42377562282807274 
0.42426801478302223 
0.425020167588503 
0.4258307893323439 
0.42676750567718347 
0.4269572898752989 
0.42772370635208046 
0.42801077693093165 
0.4282746639983603 
0.4291700918283175 
0.4293403582247886 
0.43048640370041275 
0.4303124038421138 
0.4305822447062222 
0.4311583995307483 
0.4313321428816403 
0.4313321428816403 
0.4320488221106517 
0.4320017388402032 
0.43207307004147105 
0.43245632280417584 
0.4328006835503603 
0.4335036827959204 
0.43358268740525435 
0.4338065011681676 
0.4341099892868973 
0.434525325143162 
0.4352567096056141 
0.4360215765957231 
0.4363518555209676 
0.43632555376210586 
0.43669475914116357 
0.43669475914116357 
0.4371946022276836 
0.43751086149434404 
0.4387347955543916 
0.4387347955543916 
0.43872952546216504 
0.43872952546216504 
0.43896759135063423 
0.43896759135063423 
0.4394207535437861 
0.4398228092965055 
0.440131668980723 
0.43998925585756343 
0.44048305783631886 
0.4403827605846257 
0.44060399322430066 
0.44058293499518647 
0.44169641333297677 
0.4422356640762637 
0.44260387324697603 
0.44260387324697603 
0.44254148194262827 
0.44250491738959064 
0.4424546859118453 
0.4424546859118453 
0.4424546859118453 
0.44293448140294156 
0.443777847562996 
0.44471626649272394 
0.4448483777734337 
0.44505041176183324 
0.4453200236634339 
0.44575889971503846 
0.44575267374609867 
0.4461485931714553 
0.4460080944716099 
0.4465012642444082 
0.4464710386293329 
0.44671609502579174 
0.4470097600206827 
0.44720933760136566 
0.4478955887981574 
0.44843001868184074 
0.448830597270802 
0.4491796519441923 
0.44926134509195964 
0.44898991431818613 
0.4496845742579703 
0.450461125857757 
0.4507891297156522 
0.4517145141579742 
0.452022162560364 
0.45279848225735625 
0.45279848225735625 
0.45292050397832534 
0.45292050397832534 
0.45299406751991994 
0.45299406751991994 
0.4529659193717717 
0.4529659193717717 
0.45322418678272325 
0.45383222070361606 
0.4542742479555168 
0.4542742479555168 
0.4542810770708898 
0.45460397013101866 
0.45478865694333054 
0.4550291784410475 
0.4554300790117357 
0.4557279942201685 
0.4557279942201685 
0.45646417510277953 
0.45672310469170907 
0.45672310469170907 
0.45751423405835023 
0.4575795694247382 
0.457812247564847 
0.4581747342622095 
0.45829804693143444 
0.45883468095583885 
0.45864132731619583 
0.4584191762493547 
0.4594133426339758 
0.45937371471803207 
0.4595833455767857 
0.4596480135084747 
0.4606473461747449 
0.4606789251221133 
0.4609412496356749 
0.46098335489883285 
0.4610373966699272 
0.46148854952357016 
0.46144763788387183 
0.4615173270640874 
0.4623605697799441 
0.4625069012552321 
0.4627386299681978 
0.4630899609394088 
0.4631114729216285 
0.4633325143460892 
0.4635316174463511 
0.4633745749255192 
0.46367264849851025 
0.4639607636346926 
0.46463246647613715 
0.4650194567330698 
0.4650194567330698 
0.4653172414551724 
0.46577659657306414 
0.4659930712843782 
0.466504471406611 
0.46675351870815496 
0.4665115793983609 
0.46661753525574634 
0.46660593360635577 
0.4670168797330502 
0.46728495469092 
0.4677034681319268 
0.4677034681319268 
0.46799041306229794 
0.46799041306229794 
0.4683432541093788 
0.4683432541093788 
0.46871332896000684 
0.46871332896000684 
0.46871332896000684 
0.46871332896000684 
0.46871332896000684 
0.46940644130344356 
0.46974773307598705 
0.4693594992460891 
0.4696409637857885 
0.4702871751023671 
0.4700696620685974 
0.4702609428439315 
0.47038347091162314 
0.47093219291911154 
0.47129195165213406 
0.4722790768018628 
0.4722790768018628 
0.4722790768018628 
0.4727639090019052 
0.47329597965537434 
0.47382568309119416 
0.47382568309119416 
0.47382568309119416 
0.47416736581082175 
0.47471638909241964 
0.4751791761045266 
0.4758498329626266 
0.4761909137729146 
0.4761909137729146 
0.4761909137729146 
0.4761632529413979 
0.4761632529413979 
0.4769509699602703 
0.47675922521837893 
0.47672340640853383 
0.47687158357080717 
0.47686938576973353 
0.47704607744316846 
0.47720935105419987 
0.47747524942199615 
0.4774491892121178 
0.4772160328485221 
0.4772160328485221 
0.4772160328485221 
0.4772160328485221 
0.4773500029780619 
0.4771736214258909 
0.4771736214258909 
0.4771736214258909 
0.47764506746875796 
0.47786505731602036 
0.4781676536547202 
0.47794801671212217 
0.4782920390240866 
0.478592088984315 
0.47844118768550964 
0.47865255566387915 
0.4792731618303006 
0.4797237132379905 
0.47975440527902746 
0.4799451893452016 
0.4799451893452016 
0.4799451893452016 
0.47998181952339675 
0.48015559359503057 
0.48012496217085526 
0.4810413941005158 
0.4810186482898398 
0.4811511259582442 
0.4811511259582442 
0.4811511259582442 
0.48134024876136683 
0.48134024876136683 
0.48134024876136683 
0.481529268054767 
0.481529268054767 
0.48237355506159757 
0.48237355506159757 
0.4820572065618336 
0.4820572065618336 
0.4821684944837064 
0.4821684944837064 
0.48258884076569064 
0.4829037101703092 
0.4830650010527442 
0.4830650010527442 
0.48367124443834847 
0.483815526222975 
0.483815526222975 
0.48453575449077035 
0.4845348997014238 
0.4845348997014238 
0.48469428990008984 
0.4849125583900712 
0.4849125583900712 
0.4851536173678408 
0.4853213938020479 
0.4857757795498381 
0.4862034764618771 
0.4864332868405877 
0.48681915277416976 
0.48681915277416976 
0.48700671877419227 
0.48782821517827063 
0.48782821517827063 
0.48782821517827063 
0.48807394296476 
0.48916830912713805 
0.48954746819270284 
0.48954746819270284 
0.4899536850107889 
0.49043482036633634 
0.49043482036633634 
0.4903104248395928 
0.4903104248395928 
0.49065710114747774 
0.49065710114747774 
0.4908380897695404 
0.4908380897695404 
0.49138135239093644 
0.49178266486753963 
0.4919790168499243 
0.4925915425542693 
0.4927125915482052 
0.4927125915482052 
0.4927125915482052 
0.4926627833739234 
0.49299878376181877 
0.4933150019591204 
0.4933150019591204 
0.49364560700189986 
0.49364560700189986 
0.4936238184198286 
0.49352120210450456 
0.49428223302409213 
0.49428223302409213 
0.4947846289716481 
0.4946420955963763 
0.4946420955963763 
0.49508322101564406 
0.49508322101564406 
0.4953554234584287 
0.49531697952250187 
0.49531697952250187 
0.49561118421839084 
0.4952863290561667 
0.49524927642458777 
0.49524927642458777 
0.49524927642458777 
0.49524927642458777 
0.49524927642458777 
0.4953225634884012 
0.4953225634884012 
0.4953225634884012 
0.4953225634884012 
0.4957759486380849 
0.4957759486380849 
0.4957759486380849 
0.4956709579077824 
0.4956709579077824 
0.4956709579077824 
0.4957464544752881 
0.4957464544752881 
0.4957464544752881 
0.4957464544752881 
0.49588302820046126 
0.49624889721695464 
0.49638426333244917 
0.4966953165312969 
0.4968188691278306 
0.4968188691278306 
0.4968188691278306 
