[ 0.0036 -0.024 ] 
[ 0.0044 -0.0208] 
[ 0.0024 -0.0236] 
[ 0.002 -0.026] 
[-0.0004 -0.0272] 
[ 0.     -0.0284] 
[-0.0004 -0.0288] 
[-0.0008 -0.0296] 
[-0.0028 -0.0292] 
[-0.0052 -0.0316] 
[-0.0008 -0.0324] 
[-0.0008 -0.0332] 
[-0.0028 -0.0332] 
[-0.0028 -0.032 ] 
[-0.0032 -0.03  ] 
[-0.0036 -0.0308] 
[-0.0048 -0.0304] 
[-0.0044 -0.0288] 
[-0.004  -0.0276] 
[-0.0068 -0.03  ] 
[-0.0076 -0.0308] 
[-0.0056 -0.0292] 
[-0.0052 -0.0308] 
[-0.0044 -0.0328] 
[-0.0036 -0.0328] 
[-0.004  -0.0344] 
[-0.0052 -0.034 ] 
[-0.0024 -0.0328] 
[-0.0028 -0.032 ] 
[-0.0048 -0.0344] 
[-0.0048 -0.036 ] 
[-0.0052 -0.0344] 
[-0.0056 -0.0356] 
[-0.0056 -0.0368] 
[-0.006  -0.0396] 
[-0.0068 -0.04  ] 
[-0.006  -0.0412] 
[-0.006  -0.0444] 
[-0.0056 -0.0456] 
[-0.0052 -0.0432] 
[-0.0052 -0.044 ] 
[-0.0064 -0.0448] 
[-0.0068 -0.0456] 
[-0.006  -0.0452] 
[-0.0056 -0.0448] 
[-0.0064 -0.0468] 
[-0.0056 -0.0476] 
[-0.004  -0.0464] 
[-0.0048 -0.048 ] 
[-0.0024 -0.0488] 
[-0.0012 -0.048 ] 
[-0.0016 -0.0484] 
[-0.0004 -0.0472] 
[-0.0008 -0.0468] 
[-0.0016 -0.0484] 
[-0.0004 -0.0472] 
[-0.0004 -0.046 ] 
[ 0.0008 -0.048 ] 
[-0.0016 -0.0484] 
[-0.0016 -0.0496] 
[-0.0028 -0.0492] 
[-0.0024 -0.0488] 
[-0.0044 -0.0484] 
[-0.0048 -0.0488] 
[-0.006 -0.05 ] 
[-0.006  -0.0496] 
[-0.0064 -0.0516] 
[-0.006  -0.0524] 
[-0.0068 -0.0524] 
[-0.0072 -0.0528] 
[-0.0076 -0.0536] 
[-0.0072 -0.0536] 
[-0.0068 -0.0532] 
[-0.0068 -0.0548] 
[-0.0076 -0.056 ] 
[-0.0072 -0.0564] 
[-0.0084 -0.056 ] 
[-0.0072 -0.0564] 
[-0.0068 -0.0572] 
[-0.0076 -0.0572] 
[-0.006  -0.0568] 
[-0.006  -0.0592] 
[-0.0056 -0.0576] 
[-0.006  -0.0556] 
[-0.0076 -0.0568] 
[-0.0068 -0.0572] 
[-0.0084 -0.056 ] 
[-0.0092 -0.0552] 
[-0.0096 -0.0564] 
[-0.0088 -0.058 ] 
[-0.0088 -0.0592] 
[-0.0076 -0.0592] 
[-0.0076 -0.0588] 
[-0.0068 -0.0596] 
[-0.0068 -0.0608] 
[-0.0072 -0.0592] 
[-0.006  -0.0592] 
[-0.0064 -0.0608] 
[-0.006  -0.0596] 
[-0.0068 -0.0588] 
[-0.0056 -0.0588] 
[-0.006  -0.0572] 
[-0.0072 -0.0572] 
[-0.0088 -0.0592] 
[-0.01   -0.0588] 
[-0.0104 -0.0584] 
[-0.01   -0.0584] 
[-0.0112 -0.0592] 
[-0.0124 -0.06  ] 
[-0.0128 -0.0604] 
[-0.0124 -0.06  ] 
[-0.0112 -0.0592] 
[-0.0112 -0.0608] 
[-0.012  -0.0604] 
[-0.0116 -0.062 ] 
[-0.0116 -0.0636] 
[-0.0116 -0.0632] 
[-0.0124 -0.0648] 
[-0.0132 -0.0656] 
[-0.0116 -0.0672] 
[-0.0116 -0.0692] 
[-0.0112 -0.0708] 
[-0.012  -0.0696] 
[-0.0124 -0.0708] 
[-0.0124 -0.0712] 
[-0.0136 -0.0704] 
[-0.0148 -0.0692] 
[-0.014 -0.07 ] 
[-0.0144 -0.068 ] 
[-0.0148 -0.066 ] 
[-0.0152 -0.0648] 
[-0.0148 -0.0644] 
[-0.014  -0.0624] 
[-0.0144 -0.0628] 
[-0.0136 -0.0636] 
[-0.014  -0.0648] 
[-0.014  -0.0648] 
[-0.0152 -0.0632] 
[-0.0156 -0.0644] 
[-0.0156 -0.0644] 
[-0.0156 -0.0644] 
[-0.0152 -0.0636] 
[-0.0164 -0.0644] 
[-0.0164 -0.0644] 
[-0.0152 -0.0656] 
[-0.0148 -0.0676] 
[-0.0152 -0.068 ] 
[-0.016  -0.0696] 
[-0.0156 -0.0704] 
[-0.0152 -0.07  ] 
[-0.016  -0.0692] 
[-0.014  -0.0684] 
[-0.014  -0.0692] 
[-0.014 -0.068] 
[-0.0132 -0.0684] 
[-0.0132 -0.068 ] 
[-0.0128 -0.0688] 
[-0.014 -0.07 ] 
[-0.0136 -0.0696] 
[-0.0136 -0.0704] 
[-0.0136 -0.0704] 
[-0.014 -0.068] 
[-0.0148 -0.0692] 
[-0.0152 -0.0696] 
[-0.016  -0.0716] 
[-0.016  -0.0712] 
[-0.0148 -0.0712] 
[-0.0156 -0.0712] 
[-0.0148 -0.0712] 
[-0.014  -0.0708] 
[-0.0132 -0.0712] 
[-0.0128 -0.0716] 
[-0.0124 -0.072 ] 
[-0.012  -0.0728] 
[-0.0128 -0.0732] 
[-0.0124 -0.0744] 
[-0.0124 -0.0752] 
[-0.012  -0.0756] 
[-0.012  -0.0756] 
[-0.012  -0.0768] 
[-0.0116 -0.0776] 
[-0.012  -0.0768] 
[-0.0128 -0.0776] 
[-0.012 -0.076] 
[-0.0124 -0.0768] 
[-0.0124 -0.0768] 
[-0.012  -0.0772] 
[-0.012  -0.0768] 
[-0.012 -0.076] 
[-0.0112 -0.0764] 
[-0.0124 -0.076 ] 
[-0.012  -0.0776] 
[-0.012  -0.0788] 
[-0.012  -0.0796] 
[-0.0116 -0.08  ] 
[-0.012 -0.08 ] 
[-0.0136 -0.08  ] 
[-0.0144 -0.0812] 
[-0.0152 -0.0792] 
[-0.0152 -0.0792] 
[-0.0148 -0.0796] 
[-0.0164 -0.0804] 
[-0.016  -0.0816] 
[-0.0164 -0.0812] 
[-0.0164 -0.082 ] 
[-0.0164 -0.0808] 
[-0.016  -0.0812] 
[-0.0156 -0.0828] 
[-0.0156 -0.0824] 
[-0.0152 -0.0824] 
[-0.0148 -0.0836] 
[-0.0156 -0.0832] 
[-0.0164 -0.0832] 
[-0.016  -0.0836] 
[-0.0168 -0.0848] 
[-0.018  -0.0836] 
[-0.0192 -0.0832] 
[-0.0192 -0.0836] 
[-0.0192 -0.0844] 
[-0.0192 -0.084 ] 
[-0.018  -0.0852] 
[-0.0172 -0.0868] 
[-0.0164 -0.0872] 
[-0.0168 -0.0872] 
[-0.0164 -0.0868] 
[-0.016 -0.086] 
[-0.0156 -0.0844] 
[-0.0164 -0.084 ] 
[-0.0152 -0.0848] 
[-0.0172 -0.0848] 
[-0.0172 -0.0844] 
[-0.0172 -0.0832] 
[-0.0172 -0.0832] 
[-0.0172 -0.0832] 
[-0.018  -0.0828] 
[-0.0188 -0.0852] 
[-0.0184 -0.0864] 
[-0.0188 -0.0868] 
[-0.0188 -0.086 ] 
[-0.0196 -0.0872] 
[-0.0204 -0.0884] 
[-0.0208 -0.0884] 
[-0.0208 -0.0884] 
[-0.0212 -0.0884] 
[-0.022  -0.0888] 
[-0.0224 -0.0904] 
[-0.0232 -0.0908] 
[-0.0236 -0.0916] 
[-0.0232 -0.0908] 
[-0.024  -0.0912] 
[-0.0244 -0.0908] 
[-0.0248 -0.0896] 
[-0.0248 -0.0884] 
[-0.0244 -0.0888] 
[-0.0248 -0.0892] 
[-0.0244 -0.0888] 
[-0.0248 -0.0884] 
[-0.0244 -0.0892] 
[-0.0244 -0.0888] 
[-0.0248 -0.088 ] 
[-0.0252 -0.088 ] 
[-0.0248 -0.088 ] 
[-0.0252 -0.0884] 
[-0.026 -0.088] 
[-0.0268 -0.088 ] 
[-0.0264 -0.0868] 
[-0.0264 -0.0872] 
[-0.0264 -0.0864] 
[-0.026 -0.088] 
[-0.0264 -0.0876] 
[-0.0252 -0.0852] 
[-0.0256 -0.0864] 
[-0.0252 -0.086 ] 
[-0.0252 -0.0864] 
[-0.0248 -0.0864] 
[-0.0248 -0.0876] 
[-0.0244 -0.0872] 
[-0.0244 -0.0864] 
[-0.0244 -0.0864] 
[-0.0236 -0.0868] 
[-0.0236 -0.086 ] 
[-0.0244 -0.0856] 
[-0.0248 -0.0848] 
[-0.024  -0.0852] 
[-0.0244 -0.086 ] 
[-0.0252 -0.0864] 
[-0.0256 -0.0864] 
[-0.026 -0.086] 
[-0.0256 -0.086 ] 
[-0.0264 -0.086 ] 
[-0.0264 -0.086 ] 
[-0.026  -0.0868] 
[-0.0256 -0.0876] 
[-0.0248 -0.0892] 
[-0.0248 -0.0896] 
[-0.026  -0.0884] 
[-0.0264 -0.0884] 
[-0.0268 -0.088 ] 
[-0.026  -0.0892] 
[-0.0256 -0.0896] 
[-0.0264 -0.0912] 
[-0.0268 -0.0908] 
[-0.0268 -0.0912] 
[-0.0268 -0.0908] 
[-0.0272 -0.0912] 
[-0.0272 -0.0916] 
[-0.0272 -0.0908] 
[-0.0276 -0.0916] 
[-0.0284 -0.0916] 
[-0.0288 -0.0908] 
[-0.0288 -0.0908] 
[-0.0284 -0.09  ] 
[-0.0288 -0.0892] 
[-0.0284 -0.0904] 
[-0.0292 -0.088 ] 
[-0.0296 -0.0864] 
[-0.0292 -0.0864] 
[-0.0292 -0.0868] 
[-0.0284 -0.0876] 
[-0.0288 -0.0876] 
[-0.0292 -0.0876] 
[-0.0296 -0.088 ] 
[-0.0296 -0.088 ] 
[-0.0288 -0.0892] 
[-0.0284 -0.088 ] 
[-0.0276 -0.088 ] 
[-0.0284 -0.0864] 
[-0.0276 -0.0856] 
[-0.0272 -0.086 ] 
[-0.0288 -0.0844] 
[-0.028 -0.084] 
[-0.0288 -0.0844] 
[-0.0292 -0.084 ] 
[-0.0296 -0.084 ] 
[-0.0296 -0.0836] 
[-0.03   -0.0836] 
[-0.0304 -0.0852] 
[-0.0308 -0.0856] 
[-0.0308 -0.0852] 
[-0.0312 -0.0852] 
[-0.0324 -0.0852] 
[-0.0328 -0.0844] 
[-0.0332 -0.084 ] 
[-0.0328 -0.084 ] 
[-0.0328 -0.0836] 
[-0.0336 -0.0836] 
[-0.0332 -0.084 ] 
[-0.0336 -0.0832] 
[-0.0344 -0.0828] 
[-0.034  -0.0828] 
[-0.034  -0.0836] 
[-0.0336 -0.0844] 
[-0.034  -0.0844] 
[-0.0348 -0.0848] 
[-0.0336 -0.0856] 
[-0.034  -0.0856] 
[-0.0336 -0.0852] 
[-0.0344 -0.0856] 
[-0.0344 -0.0852] 
[-0.034  -0.0864] 
[-0.034  -0.0852] 
[-0.0336 -0.0848] 
[-0.034  -0.0852] 
[-0.0332 -0.0856] 
[-0.034  -0.0864] 
[-0.0352 -0.086 ] 
[-0.0352 -0.0848] 
[-0.0352 -0.084 ] 
[-0.036  -0.0832] 
[-0.0352 -0.0836] 
[-0.0364 -0.0832] 
[-0.036  -0.0828] 
[-0.0356 -0.082 ] 
[-0.0356 -0.0824] 
[-0.0352 -0.0824] 
[-0.0352 -0.0824] 
[-0.036  -0.0824] 
[-0.0364 -0.0832] 
[-0.0364 -0.0836] 
[-0.0356 -0.0844] 
[-0.0364 -0.084 ] 
[-0.0364 -0.084 ] 
[-0.0368 -0.0844] 
[-0.0356 -0.084 ] 
[-0.0352 -0.0848] 
[-0.0352 -0.0848] 
[-0.036  -0.0852] 
[-0.036  -0.0848] 
[-0.0364 -0.0844] 
[-0.038  -0.0848] 
[-0.0388 -0.0852] 
[-0.0388 -0.0856] 
[-0.0392 -0.0848] 
[-0.0396 -0.0852] 
[-0.0404 -0.0856] 
[-0.04   -0.0852] 
[-0.0392 -0.0868] 
[-0.038  -0.0868] 
[-0.036  -0.0872] 
[-0.0356 -0.0868] 
[-0.0356 -0.0868] 
[-0.036  -0.0868] 
[-0.0356 -0.0864] 
[-0.0344 -0.0864] 
[-0.0348 -0.0872] 
[-0.0344 -0.0868] 
[-0.0356 -0.0868] 
[-0.036  -0.0868] 
[-0.0356 -0.0868] 
[-0.0356 -0.0868] 
[-0.0356 -0.0868] 
[-0.0344 -0.0868] 
[-0.0356 -0.0864] 
[-0.0356 -0.0864] 
[-0.0348 -0.0868] 
[-0.0344 -0.086 ] 
[-0.0344 -0.0868] 
[-0.0344 -0.086 ] 
[-0.036  -0.0856] 
[-0.0356 -0.0856] 
[-0.0364 -0.0852] 
[-0.0368 -0.0852] 
[-0.0352 -0.0852] 
[-0.0348 -0.0856] 
[-0.0344 -0.0856] 
[-0.034 -0.086] 
[-0.0344 -0.086 ] 
[-0.034  -0.0864] 
[-0.034  -0.0864] 
[-0.034  -0.0864] 
[-0.0344 -0.0864] 
[-0.0344 -0.0864] 
[-0.0344 -0.086 ] 
[-0.034  -0.0856] 
[-0.034  -0.0856] 
[-0.0336 -0.0848] 
[-0.0324 -0.0848] 
[-0.032  -0.0848] 
[-0.0312 -0.0852] 
[-0.032  -0.0852] 
[-0.0324 -0.0844] 
[-0.032  -0.0844] 
[-0.032  -0.0844] 
[-0.0324 -0.0844] 
[-0.0324 -0.0844] 
[-0.0324 -0.0844] 
[-0.032  -0.0844] 
[-0.0324 -0.0848] 
[-0.0324 -0.0852] 
[-0.0328 -0.0852] 
[-0.0324 -0.086 ] 
[-0.032 -0.086] 
[-0.0332 -0.0856] 
[-0.0336 -0.0864] 
[-0.0336 -0.0856] 
[-0.0336 -0.0864] 
[-0.034  -0.0864] 
[-0.0348 -0.086 ] 
[-0.0344 -0.0864] 
[-0.0348 -0.0864] 
[-0.0348 -0.086 ] 
[-0.0344 -0.086 ] 
[-0.0344 -0.0864] 
[-0.0348 -0.0864] 
[-0.0372 -0.0868] 
[-0.0372 -0.0872] 
[-0.0368 -0.0872] 
[-0.0376 -0.0884] 
[-0.0376 -0.0884] 
[-0.038 -0.088] 
[-0.0392 -0.088 ] 
[-0.04   -0.0884] 
[-0.0396 -0.0884] 
[-0.0388 -0.0884] 
[-0.0384 -0.0892] 
[-0.04   -0.0888] 
[-0.0404 -0.0884] 
[-0.0404 -0.088 ] 
[-0.0404 -0.088 ] 
[-0.0404 -0.088 ] 
[-0.0408 -0.0876] 
[-0.0408 -0.088 ] 
[-0.0408 -0.0876] 
[-0.0416 -0.0872] 
[-0.0416 -0.0876] 
[-0.0404 -0.0872] 
[-0.0412 -0.088 ] 
[-0.0412 -0.088 ] 
[-0.0416 -0.088 ] 
[-0.0416 -0.088 ] 
[-0.0416 -0.088 ] 
[-0.0416 -0.088 ] 
[-0.0416 -0.088 ] 
[-0.0428 -0.0868] 
[-0.0428 -0.0864] 
[-0.042  -0.0864] 
[-0.0412 -0.0864] 
[-0.0412 -0.086 ] 
[-0.0412 -0.086 ] 
[-0.042  -0.0856] 
[-0.042  -0.0848] 
[-0.0424 -0.0848] 
[-0.0424 -0.0848] 
[-0.0424 -0.0844] 
[-0.0428 -0.0844] 
[-0.0428 -0.0844] 
[-0.0436 -0.084 ] 
[-0.0436 -0.0844] 
[-0.044  -0.0844] 
[-0.0436 -0.084 ] 
[-0.0436 -0.0836] 
[-0.0432 -0.0836] 
[-0.0436 -0.0836] 
[-0.0436 -0.0836] 
[-0.0432 -0.084 ] 
[-0.042 -0.084] 
[-0.0432 -0.084 ] 
[-0.0444 -0.0836] 
[-0.0436 -0.0836] 
[-0.0448 -0.0836] 
[-0.0448 -0.084 ] 
[-0.0448 -0.0836] 
[-0.046  -0.0844] 
[-0.0464 -0.0848] 
[-0.0452 -0.0848] 
[-0.0468 -0.084 ] 
[-0.0468 -0.0844] 
[-0.0472 -0.0836] 
[-0.0484 -0.0836] 
[-0.048  -0.0832] 
[-0.0476 -0.0828] 
[-0.0476 -0.0828] 
[-0.048  -0.0828] 
[-0.0484 -0.0828] 
[-0.0492 -0.0828] 
[-0.0484 -0.0828] 
[-0.0484 -0.0828] 
[-0.0484 -0.0824] 
[-0.0484 -0.0824] 
[-0.0488 -0.0824] 
[-0.0492 -0.0828] 
[-0.0496 -0.0828] 
[-0.0492 -0.0832] 
[-0.0492 -0.0832] 
[-0.0492 -0.0832] 
[-0.05   -0.0828] 
[-0.0496 -0.0828] 
[-0.05   -0.0828] 
[-0.05  -0.082] 
[-0.05   -0.0816] 
[-0.0504 -0.0828] 
[-0.05   -0.0828] 
[-0.0516 -0.0828] 
[-0.0524 -0.0824] 
[-0.0524 -0.0824] 
[-0.0528 -0.0816] 
[-0.052  -0.0812] 
[-0.0512 -0.0816] 
[-0.0516 -0.0816] 
[-0.052  -0.0816] 
[-0.052 -0.082] 
[-0.0532 -0.082 ] 
[-0.054  -0.0828] 
[-0.0536 -0.082 ] 
[-0.0544 -0.0816] 
[-0.0548 -0.0812] 
[-0.0552 -0.0812] 
[-0.0564 -0.0816] 
[-0.056  -0.0816] 
[-0.0568 -0.0816] 
[-0.0572 -0.0816] 
[-0.0564 -0.0812] 
[-0.0572 -0.0812] 
[-0.058  -0.0812] 
[-0.058  -0.0812] 
[-0.058  -0.0812] 
[-0.0576 -0.0812] 
[-0.0584 -0.0812] 
[-0.0584 -0.0812] 
[-0.058  -0.0812] 
[-0.0584 -0.0812] 
[-0.0592 -0.0812] 
[-0.0596 -0.0816] 
[-0.0596 -0.0816] 
[-0.0596 -0.082 ] 
[-0.06  -0.082] 
[-0.0596 -0.0824] 
[-0.0596 -0.0824] 
[-0.06   -0.0824] 
[-0.0608 -0.0824] 
[-0.0608 -0.0824] 
[-0.0612 -0.0824] 
[-0.062  -0.0824] 
[-0.0616 -0.082 ] 
[-0.0628 -0.0824] 
[-0.0636 -0.0824] 
[-0.0648 -0.0824] 
[-0.0652 -0.0824] 
[-0.0644 -0.082 ] 
[-0.0644 -0.082 ] 
[-0.064 -0.082] 
[-0.0644 -0.0824] 
[-0.0664 -0.0828] 
[-0.0668 -0.0828] 
[-0.0676 -0.0828] 
[-0.0688 -0.0832] 
[-0.0688 -0.0828] 
[-0.0684 -0.0832] 
[-0.0692 -0.0836] 
[-0.07   -0.0836] 
[-0.07   -0.0836] 
[-0.07   -0.0836] 
[-0.0692 -0.0836] 
[-0.068 -0.084] 
[-0.0692 -0.084 ] 
[-0.0696 -0.084 ] 
[-0.07  -0.084] 
[-0.0712 -0.084 ] 
[-0.0704 -0.084 ] 
[-0.0696 -0.0848] 
[-0.0704 -0.0848] 
[-0.0716 -0.0848] 
[-0.0716 -0.0852] 
[-0.0728 -0.0852] 
[-0.0728 -0.0852] 
[-0.0724 -0.0852] 
[-0.0732 -0.0852] 
[-0.0736 -0.0852] 
[-0.0736 -0.0852] 
[-0.0744 -0.0852] 
[-0.0748 -0.0852] 
[-0.0748 -0.0852] 
[-0.0748 -0.0848] 
[-0.0752 -0.0848] 
[-0.0756 -0.0848] 
[-0.0768 -0.0848] 
[-0.0772 -0.0848] 
[-0.0784 -0.0848] 
[-0.0788 -0.0848] 
[-0.08   -0.0852] 
[-0.0804 -0.0852] 
[-0.0812 -0.0852] 
[-0.0812 -0.0852] 
[-0.082  -0.0852] 
[-0.0824 -0.0856] 
[-0.082  -0.0856] 
[-0.082  -0.0856] 
[-0.082  -0.0856] 
[-0.082  -0.0856] 
[-0.0824 -0.0856] 
[-0.084  -0.0856] 
[-0.0848 -0.0856] 
[-0.0852 -0.0856] 
[-0.0856 -0.0856] 
[-0.0856 -0.086 ] 
[-0.086  -0.0864] 
[-0.0864 -0.0864] 
[-0.0876 -0.0864] 
[-0.0876 -0.0864] 
[-0.0876 -0.0864] 
[-0.088  -0.0864] 
[-0.0868 -0.0864] 
[-0.0876 -0.0864] 
[-0.088  -0.0864] 
[-0.0892 -0.0868] 
[-0.0896 -0.0864] 
[-0.09   -0.0864] 
[-0.0908 -0.0864] 
[-0.0892 -0.0864] 
[-0.0888 -0.0868] 
[-0.0896 -0.0868] 
[-0.09   -0.0864] 
[-0.0896 -0.086 ] 
[-0.09  -0.086] 
[-0.0896 -0.0864] 
[-0.0896 -0.0864] 
[-0.0896 -0.0864] 
[-0.0896 -0.0864] 
[-0.0908 -0.0868] 
[-0.0908 -0.0872] 
[-0.0912 -0.0872] 
[-0.0912 -0.0872] 
[-0.0904 -0.0872] 
[-0.0904 -0.0876] 
[-0.0916 -0.0876] 
[-0.0932 -0.0876] 
[-0.0944 -0.0876] 
[-0.0952 -0.0876] 
[-0.0964 -0.0876] 
[-0.0964 -0.0876] 
[-0.0964 -0.0876] 
[-0.0968 -0.0876] 
[-0.0988 -0.0876] 
[-0.0992 -0.088 ] 
[-0.0996 -0.088 ] 
[-0.1008 -0.088 ] 
[-0.102 -0.088] 
[-0.102 -0.088] 
[-0.1028 -0.088 ] 
[-0.1032 -0.088 ] 
[-0.1024 -0.0884] 
[-0.1024 -0.0888] 
[-0.1016 -0.0888] 
[-0.1032 -0.0888] 
[-0.1028 -0.0888] 
[-0.1028 -0.0888] 
[-0.1024 -0.0892] 
[-0.1036 -0.0892] 
[-0.104  -0.0892] 
[-0.1052 -0.0892] 
[-0.1056 -0.0892] 
[-0.1068 -0.0892] 
[-0.1072 -0.0892] 
[-0.108  -0.0896] 
[-0.1084 -0.0896] 
[-0.1092 -0.0896] 
[-0.1104 -0.0896] 
[-0.11   -0.0896] 
[-0.11 -0.09] 
[-0.1108 -0.09  ] 
[-0.1112 -0.09  ] 
[-0.1112 -0.09  ] 
[-0.112 -0.09 ] 
[-0.1132 -0.09  ] 
[-0.1136 -0.09  ] 
[-0.1136 -0.09  ] 
[-0.114 -0.09 ] 
[-0.114  -0.0904] 
[-0.1152 -0.0904] 
[-0.1168 -0.0904] 
[-0.1168 -0.0904] 
[-0.1176 -0.09  ] 
[-0.118  -0.0904] 
[-0.118 -0.09 ] 
[-0.118 -0.09 ] 
[-0.1176 -0.0896] 
[-0.118  -0.0896] 
[-0.1184 -0.09  ] 
[-0.1188 -0.09  ] 
[-0.1188 -0.09  ] 
[-0.1196 -0.09  ] 
[-0.1204 -0.09  ] 
[-0.1212 -0.09  ] 
[-0.1216 -0.09  ] 
[-0.1224 -0.0904] 
[-0.1216 -0.0904] 
[-0.1212 -0.0904] 
[-0.1224 -0.0904] 
[-0.1228 -0.0908] 
[-0.122  -0.0912] 
[-0.1216 -0.0912] 
[-0.1216 -0.0912] 
[-0.1216 -0.0908] 
[-0.122  -0.0908] 
[-0.1232 -0.0908] 
[-0.1236 -0.0908] 
[-0.124  -0.0908] 
[-0.1248 -0.0908] 
[-0.1264 -0.0908] 
[-0.1264 -0.0908] 
[-0.126  -0.0908] 
[-0.1256 -0.0912] 
[-0.1256 -0.0916] 
[-0.126  -0.0912] 
[-0.126  -0.0908] 
[-0.1272 -0.0908] 
[-0.1276 -0.0908] 
[-0.1276 -0.0908] 
[-0.1284 -0.0908] 
[-0.1292 -0.0908] 
[-0.1308 -0.0908] 
[-0.1312 -0.0912] 
[-0.1316 -0.0912] 
[-0.1312 -0.0912] 
[-0.1324 -0.0912] 
[-0.132  -0.0912] 
[-0.132  -0.0912] 
[-0.132  -0.0908] 
[-0.1328 -0.0908] 
[-0.1332 -0.0908] 
[-0.1332 -0.0904] 
[-0.1332 -0.0904] 
[-0.134  -0.0904] 
[-0.1348 -0.0904] 
[-0.1348 -0.0904] 
[-0.136  -0.0904] 
[-0.1364 -0.0904] 
[-0.1368 -0.0904] 
[-0.1368 -0.0904] 
[-0.1368 -0.0904] 
[-0.1372 -0.0904] 
[-0.1372 -0.0908] 
[-0.1372 -0.0912] 
[-0.1368 -0.0916] 
[-0.1368 -0.0916] 
[-0.138  -0.0916] 
[-0.1392 -0.0912] 
[-0.1388 -0.0912] 
[-0.14   -0.0908] 
[-0.14   -0.0904] 
[-0.14   -0.0904] 
[-0.1392 -0.0904] 
[-0.1396 -0.0904] 
[-0.1396 -0.0904] 
[-0.1396 -0.0904] 
[-0.14   -0.0904] 
[-0.14   -0.0904] 
[-0.1404 -0.0908] 
[-0.1404 -0.0908] 
[-0.14   -0.0912] 
[-0.1404 -0.0912] 
[-0.1404 -0.0916] 
[-0.1412 -0.0916] 
[-0.142  -0.0912] 
[-0.142  -0.0916] 
[-0.142  -0.0916] 
[-0.1424 -0.0916] 
[-0.1428 -0.0924] 
[-0.142  -0.0928] 
[-0.1424 -0.0924] 
[-0.1424 -0.0924] 
[-0.142  -0.0924] 
[-0.1424 -0.0924] 
[-0.1424 -0.0924] 
[-0.1424 -0.0924] 
[-0.1424 -0.0924] 
[-0.1424 -0.0928] 
[-0.1432 -0.0932] 
[-0.1436 -0.0932] 
[-0.1436 -0.094 ] 
[-0.1432 -0.094 ] 
[-0.1436 -0.0936] 
[-0.1436 -0.0936] 
[-0.1432 -0.094 ] 
[-0.1432 -0.0948] 
[-0.1432 -0.0948] 
[-0.1432 -0.0948] 
[-0.1432 -0.094 ] 
[-0.1436 -0.0936] 
[-0.1436 -0.0932] 
[-0.144  -0.0932] 
[-0.1436 -0.0928] 
[-0.1436 -0.0932] 
[-0.1436 -0.0936] 
[-0.1428 -0.0936] 
[-0.1424 -0.0936] 
[-0.1428 -0.0936] 
[-0.1432 -0.0932] 
[-0.1444 -0.0928] 
[-0.144  -0.0928] 
[-0.1444 -0.0936] 
[-0.1444 -0.094 ] 
[-0.144  -0.0944] 
[-0.144  -0.0944] 
[-0.1436 -0.0948] 
[-0.1436 -0.0948] 
[-0.1432 -0.0948] 
[-0.1432 -0.0948] 
[-0.1436 -0.0948] 
[-0.1436 -0.0948] 
[-0.1432 -0.0948] 
[-0.1436 -0.0952] 
[-0.1432 -0.0948] 
[-0.1432 -0.0948] 
[-0.1436 -0.0948] 
[-0.1436 -0.0952] 
[-0.1432 -0.0952] 
[-0.1428 -0.0952] 
[-0.142  -0.0956] 
[-0.1416 -0.0952] 
[-0.1416 -0.0952] 
[-0.1416 -0.0956] 
[-0.142  -0.0956] 
[-0.142  -0.0956] 
[-0.1412 -0.0956] 
[-0.1416 -0.0956] 
[-0.1416 -0.096 ] 
[-0.1416 -0.0964] 
[-0.1424 -0.0964] 
[-0.142  -0.0968] 
[-0.1412 -0.0972] 
[-0.1408 -0.0972] 
[-0.1416 -0.0976] 
[-0.142  -0.0976] 
[-0.142  -0.0972] 
[-0.142  -0.0968] 
[-0.1412 -0.0968] 
[-0.1416 -0.0968] 
[-0.1416 -0.0976] 
[-0.142  -0.0976] 
[-0.1424 -0.0976] 
[-0.142  -0.0976] 
[-0.1424 -0.0976] 
[-0.1424 -0.098 ] 
[-0.1424 -0.0984] 
[-0.1428 -0.0984] 
[-0.1432 -0.0984] 
[-0.1432 -0.098 ] 
[-0.1436 -0.0976] 
[-0.1436 -0.0972] 
[-0.1436 -0.0968] 
[-0.1436 -0.0964] 
[-0.144  -0.0964] 
[-0.1444 -0.0964] 
[-0.1452 -0.0964] 
[-0.1452 -0.096 ] 
[-0.1452 -0.096 ] 
[-0.1444 -0.096 ] 
[-0.1444 -0.0956] 
[-0.1444 -0.0956] 
[-0.1444 -0.0956] 
[-0.1448 -0.0952] 
[-0.1452 -0.0948] 
[-0.1456 -0.0948] 
[-0.1456 -0.0952] 
[-0.1456 -0.0952] 
[-0.1456 -0.0948] 
[-0.146  -0.0952] 
[-0.146  -0.0952] 
[-0.146  -0.0948] 
[-0.146  -0.0948] 
[-0.146  -0.0948] 
[-0.146  -0.0948] 
[-0.1464 -0.0948] 
[-0.1464 -0.0948] 
[-0.1464 -0.0948] 
[-0.1464 -0.0948] 
[-0.1464 -0.0948] 
[-0.1464 -0.094 ] 
[-0.1468 -0.0936] 
[-0.1468 -0.0936] 
[-0.1476 -0.0928] 
[-0.1472 -0.092 ] 
[-0.1476 -0.0916] 
[-0.1476 -0.0912] 
[-0.148  -0.0912] 
[-0.148  -0.0912] 
[-0.1484 -0.0912] 
[-0.1484 -0.0916] 
[-0.1484 -0.0916] 
[-0.1484 -0.0916] 
[-0.1488 -0.0912] 
[-0.1488 -0.0916] 
[-0.1492 -0.0916] 
[-0.1492 -0.0916] 
[-0.1492 -0.0916] 
[-0.1488 -0.0916] 
[-0.1488 -0.092 ] 
[-0.1492 -0.092 ] 
[-0.1496 -0.092 ] 
[-0.15  -0.092] 
[-0.15  -0.092] 
[-0.15  -0.092] 
[-0.15  -0.092] 
[-0.15  -0.092] 
[-0.15   -0.0916] 
[-0.15  -0.092] 
[-0.1504 -0.092 ] 
[-0.1508 -0.092 ] 
[-0.1508 -0.0928] 
[-0.1508 -0.0924] 
[-0.1508 -0.092 ] 
[-0.1512 -0.092 ] 
[-0.1512 -0.092 ] 
[-0.1508 -0.092 ] 
[-0.1508 -0.092 ] 
[-0.1508 -0.092 ] 
[-0.1508 -0.092 ] 
[-0.1512 -0.092 ] 
[-0.1512 -0.0916] 
[-0.1512 -0.0916] 
[-0.1512 -0.0916] 
[-0.1516 -0.092 ] 
[-0.1516 -0.0916] 
[-0.152  -0.0904] 
[-0.152  -0.0908] 
[-0.152  -0.0904] 
[-0.152  -0.0908] 
[-0.152  -0.0904] 
[-0.152 -0.09 ] 
[-0.1516 -0.0896] 
[-0.1516 -0.0896] 
[-0.1516 -0.09  ] 
[-0.152  -0.0896] 
[-0.152  -0.0896] 
[-0.152  -0.0896] 
[-0.1516 -0.09  ] 
[-0.152  -0.0896] 
[-0.152  -0.0892] 
[-0.1528 -0.0888] 
[-0.1528 -0.0892] 
[-0.1528 -0.0896] 
[-0.1528 -0.0896] 
[-0.1528 -0.0896] 
[-0.1528 -0.0892] 
[-0.1528 -0.0892] 
[-0.1528 -0.0892] 
[-0.1524 -0.0892] 
[-0.1524 -0.0892] 
[-0.1532 -0.0892] 
[-0.1532 -0.0892] 
[-0.1532 -0.0888] 
[-0.1532 -0.0888] 
[-0.1528 -0.0888] 
[-0.1528 -0.0888] 
[-0.1536 -0.0888] 
[-0.1532 -0.0884] 
[-0.1528 -0.0884] 
[-0.1532 -0.0884] 
[-0.154 -0.088] 
[-0.1536 -0.088 ] 
[-0.1536 -0.088 ] 
[-0.1536 -0.0872] 
[-0.1532 -0.0876] 
[-0.1532 -0.0876] 
[-0.1536 -0.0868] 
[-0.1536 -0.0864] 
[-0.1536 -0.0868] 
[-0.1536 -0.0856] 
[-0.1536 -0.086 ] 
[-0.154  -0.0852] 
[-0.154  -0.0856] 
[-0.154  -0.0852] 
[-0.154  -0.0848] 
[-0.154  -0.0848] 
[-0.154  -0.0844] 
[-0.1536 -0.084 ] 
[-0.1536 -0.084 ] 
[-0.1536 -0.084 ] 
[-0.1532 -0.0836] 
[-0.154  -0.0832] 
[-0.154  -0.0836] 
[-0.154  -0.0836] 
[-0.1532 -0.0836] 
[-0.1524 -0.0836] 
[-0.1524 -0.0836] 
[-0.1524 -0.084 ] 
[-0.1524 -0.084 ] 
[-0.1524 -0.0836] 
[-0.1524 -0.0836] 
[-0.152  -0.0832] 
[-0.152  -0.0832] 
[-0.1516 -0.0828] 
[-0.1516 -0.0828] 
[-0.152  -0.0824] 
[-0.152  -0.0816] 
[-0.152  -0.0816] 
[-0.152  -0.0816] 
[-0.152  -0.0816] 
[-0.152  -0.0812] 
[-0.1516 -0.0812] 
[-0.1512 -0.0812] 
[-0.1512 -0.0812] 
[-0.1512 -0.0816] 
[-0.1512 -0.0816] 
[-0.1508 -0.0808] 
[-0.1508 -0.0804] 
[-0.1512 -0.0808] 
[-0.1512 -0.0808] 
[-0.1504 -0.0812] 
[-0.15   -0.0812] 
[-0.15   -0.0812] 
[-0.15   -0.0816] 
[-0.15   -0.0816] 
[-0.1504 -0.0816] 
[-0.1504 -0.082 ] 
[-0.1504 -0.082 ] 
[-0.1508 -0.082 ] 
[-0.1504 -0.082 ] 
[-0.15  -0.082] 
[-0.15  -0.082] 
[-0.15  -0.082] 
[-0.15  -0.082] 
[-0.15  -0.082] 
[-0.1496 -0.082 ] 
[-0.1496 -0.082 ] 
[-0.1496 -0.082 ] 
[-0.1496 -0.082 ] 
[-0.1492 -0.0816] 
[-0.1492 -0.0816] 
[-0.1492 -0.0816] 
[-0.1492 -0.0812] 
[-0.1492 -0.0812] 
[-0.1492 -0.0812] 
[-0.1496 -0.0812] 
[-0.1496 -0.0812] 
[-0.1496 -0.0812] 
[-0.1496 -0.0812] 
[-0.1496 -0.0808] 
[-0.15 -0.08] 
[-0.15   -0.0796] 
[-0.15   -0.0792] 
[-0.1508 -0.0792] 
[-0.1508 -0.0792] 
[-0.1508 -0.0792] 
