0.33492819604853713 
0.3347327464483854 
0.3362577414454555 
0.3374606475591292 
0.3394297630830009 
0.3410041068097658 
0.3424830117263204 
0.34345702959076024 
0.3440215353463379 
0.34406905651453773 
0.34470208858824386 
0.3451574021646473 
0.34701580803117266 
0.34800525117241016 
0.34899630198192133 
0.3495791399862146 
0.35073967628098857 
0.3514862365276952 
0.351562292986174 
0.3521245409615 
0.35279912975134614 
0.35313518125275395 
0.35385075405755 
0.3544577200131187 
0.3548840445033837 
0.3547862699963423 
0.3556927275910263 
0.35599326300871936 
0.3574170573422031 
0.35851539691139456 
0.3578022127807552 
0.35754431384220814 
0.35823245991041464 
0.3586268792325173 
0.3592215164134751 
0.35946877802709265 
0.3597092909528276 
0.3599302719333581 
0.361187268195615 
0.3609359695540299 
0.36186389497274124 
0.36229057761583233 
0.3627007118275643 
0.362262194257351 
0.3627544604968661 
0.3631419598083882 
0.36444503681699886 
0.3643417050256134 
0.3650134475355442 
0.3655554945720468 
0.36461045109351314 
0.36480184515150194 
0.3642555730666599 
0.365270394335689 
0.36517897869006105 
0.364492735819358 
0.36441076612938844 
0.3646199835246222 
0.3652463348624683 
0.36519529372930454 
0.3662025747991453 
0.3661743904796735 
0.3663861079223184 
0.36666055101989664 
0.3673437163372175 
0.3682224796333921 
0.3679560853219758 
0.36802019514860973 
0.36786517676884967 
0.36824594354198664 
0.368778377676594 
0.3687225839539104 
0.36900018114254135 
0.37005257240852035 
0.37007439740607695 
0.370706765677929 
0.3713070736764597 
0.3708633734676391 
0.37075098860616745 
0.37075697693705467 
0.3705963878629178 
0.369913551771846 
0.37004214874397584 
0.3698108087058967 
0.3701086449906414 
0.3700607781515472 
0.3698647964011336 
0.36973524099835314 
0.3696577061115486 
0.36946417055465613 
0.3696499347172613 
0.36960453684406025 
0.36941089031127533 
0.36886004341613865 
0.368406548787251 
0.36882467768070115 
0.368889650685903 
0.36873732221078415 
0.36832102701778446 
0.3682442835209726 
0.36791376423999234 
0.36816273964391755 
0.368285844771633 
0.3682477861442834 
0.3681066324228937 
0.367891729499666 
0.3667704493218305 
0.3667090918313595 
0.3667056168073794 
0.36650070462192363 
0.3664878159778877 
0.36650851469395157 
0.3669374506328824 
0.3666224405592721 
0.3666639079949106 
0.36679495561597286 
0.36671518905536465 
0.3667243919245145 
0.3670482459465482 
0.36690808312901513 
0.36723329031302715 
0.3672427701976915 
0.3672427701976915 
0.3672427701976915 
0.36738109244447487 
0.36728572482482646 
0.3669546372282313 
0.36706881071546515 
0.3672264282758237 
0.3672713460550956 
0.3678915442553551 
0.36741416549126577 
0.36722211253629533 
0.3672310867853268 
0.36688364180005884 
0.3672345008677526 
0.3665270382612226 
0.36662310630154665 
0.36627300220912595 
0.36606570939894967 
0.3659423352284895 
0.3659423352284895 
0.3657952818435391 
0.3661503373128005 
0.3662238741473112 
0.36643053598100994 
0.36629908636947 
0.36605926201228633 
0.3659965873949413 
0.3660623191989396 
0.3661581800687612 
0.36605263405822214 
0.3661762957534535 
0.36635058995298797 
0.36630035932445776 
0.36601870028801375 
0.36595351486682104 
0.36595351486682104 
0.3657525313978796 
0.3659880045843108 
0.36617660957471887 
0.36627782124108993 
0.3661122015256106 
0.3662965584849503 
0.36630935154412025 
0.36635761829780245 
0.3664833648513556 
0.36672281627490483 
0.36659574449538457 
0.3667720969519234 
0.36698349965945365 
0.3672676562338378 
0.36727077928986884 
0.36708689724468174 
0.36708689724468174 
0.36709473469327725 
0.36709473469327725 
0.3674541873070955 
0.3674541873070955 
0.36740671791558993 
0.3669915295920843 
0.3670859653464307 
0.3670859653464307 
0.367178147198377 
0.36725916264179065 
0.36765962952620695 
0.36765962952620695 
0.3671112312817161 
0.3671112312817161 
0.3671112312817161 
0.366881373277339 
0.36691600591061563 
0.36699663397324306 
0.3668803936015015 
0.3668494729180263 
0.3668494729180263 
0.36690963716243125 
0.3668732059287071 
0.3665656537494889 
0.3664560446834964 
0.3663647498677294 
0.3663647498677294 
0.3664483464194767 
0.36646643029495785 
0.36646643029495785 
0.36646643029495785 
0.3665234699512382 
0.36627961158926325 
0.36627961158926325 
0.36618139191871085 
0.3660660754056848 
0.36626423057880686 
0.36626423057880686 
0.36635553134287674 
0.36636673576808115 
0.36636673576808115 
0.3665078638919554 
0.3664824955152749 
0.36650585656254797 
0.36650585656254797 
0.36625069734957094 
0.36577261712883674 
0.36582590594125447 
0.3660237881736905 
0.3660237881736905 
0.3660237881736905 
0.3660237881736905 
0.3660237881736905 
0.36585374550789057 
0.36585374550789057 
0.36585374550789057 
0.36585374550789057 
0.3659451674167523 
0.3659451674167523 
0.3659451674167523 
0.36595871485600445 
0.3660396511289268 
0.3660396511289268 
0.3663767972159964 
0.3662039794957426 
0.3660937603900757 
0.3660937603900757 
0.3660247646326367 
0.3660247646326367 
0.3658688929342661 
0.3658688929342661 
0.3658688929342661 
0.3658688929342661 
0.3658688929342661 
0.3661825165169409 
0.3661825165169409 
0.3661825165169409 
0.3661825165169409 
0.3661825165169409 
0.36629227643551204 
0.36629227643551204 
0.36629227643551204 
0.36629227643551204 
0.36633836766320976 
0.3661239757344683 
0.3661239757344683 
0.3661239757344683 
0.36582379012879396 
0.36582846164930977 
0.36582846164930977 
0.3658618516230587 
0.36585767267518193 
0.36585767267518193 
0.36585767267518193 
0.36560107802825315 
0.36560107802825315 
0.36560107802825315 
0.36560107802825315 
0.36560107802825315 
0.36560107802825315 
0.36560552756339226 
0.36560552756339226 
0.36560552756339226 
0.36560552756339226 
0.3654400997059862 
0.3654400997059862 
0.3654400997059862 
0.3654400997059862 
0.3654400997059862 
0.365593947212785 
0.3656179272437324 
0.3656179272437324 
0.3656179272437324 
0.36549850051793914 
0.36549850051793914 
0.36549850051793914 
0.36549850051793914 
0.3655075819374946 
0.3654864455467441 
0.3654864455467441 
0.3654864455467441 
0.3654864455467441 
0.3654864455467441 
0.3654864455467441 
0.3654864455467441 
0.3654247243517873 
0.3654247243517873 
0.3654247243517873 
0.3654247243517873 
0.3654247243517873 
0.36533634312390306 
0.3654163315381533 
0.3654163315381533 
0.3653779115901065 
0.36537954250211485 
0.36537954250211485 
0.36537954250211485 
0.36537954250211485 
0.36537954250211485 
0.36537954250211485 
0.36537954250211485 
0.36537954250211485 
0.36538945440891324 
0.36541209991763024 
0.36551478691359524 
0.36551478691359524 
0.36551478691359524 
0.36551478691359524 
0.36554135406320126 
0.36554135406320126 
0.36554135406320126 
0.36554135406320126 
0.36554135406320126 
0.36554135406320126 
0.36554135406320126 
0.36554135406320126 
0.3657175374429881 
0.3657175374429881 
0.3657175374429881 
0.3657251373598266 
0.3657251373598266 
0.3657251373598266 
0.3657251373598266 
0.3657251373598266 
0.3657251373598266 
0.3657251373598266 
0.36589983115316566 
0.36589983115316566 
0.36589983115316566 
0.36589983115316566 
0.36589983115316566 
0.36589983115316566 
0.36589600466861427 
0.36589600466861427 
0.36589600466861427 
0.36589600466861427 
0.36589600466861427 
0.36589600466861427 
0.36589600466861427 
0.36589600466861427 
0.36589600466861427 
0.36589600466861427 
0.36589600466861427 
0.36589600466861427 
0.36589600466861427 
0.36589600466861427 
0.36589600466861427 
0.36589600466861427 
0.36589600466861427 
0.36589600466861427 
0.36589600466861427 
0.36610874955547645 
0.36610874955547645 
0.36610874955547645 
0.36610874955547645 
0.36610874955547645 
0.36610874955547645 
0.36610874955547645 
0.36610874955547645 
0.36610874955547645 
0.36610874955547645 
0.36610874955547645 
0.36610874955547645 
0.36610874955547645 
0.36610874955547645 
0.36610874955547645 
0.36610874955547645 
0.36610874955547645 
0.36610874955547645 
0.36610874955547645 
0.36610874955547645 
0.36610874955547645 
0.3660908630961913 
0.3660908630961913 
0.3660908630961913 
0.3660908630961913 
0.3660908630961913 
0.3660908630961913 
0.3660908630961913 
0.3660908630961913 
0.3660908630961913 
0.3660908630961913 
0.3661950571998134 
0.3661950571998134 
0.3661950571998134 
0.3661950571998134 
0.3662572928940656 
0.3662572928940656 
0.3662572928940656 
0.3662572928940656 
0.3662572928940656 
0.3662572928940656 
0.3662572928940656 
0.3662572928940656 
0.3662572928940656 
0.3662572928940656 
0.3662572928940656 
0.3662572928940656 
0.36617051081604934 
0.36617051081604934 
0.36617051081604934 
0.36617051081604934 
0.36612141086205735 
0.36612141086205735 
0.36612141086205735 
0.36612141086205735 
0.36612141086205735 
0.36612141086205735 
0.36612141086205735 
0.36612141086205735 
0.36612141086205735 
0.36612141086205735 
0.36612141086205735 
0.36612141086205735 
0.36612141086205735 
0.36612141086205735 
0.36612141086205735 
0.36612141086205735 
0.36612141086205735 
0.36612141086205735 
0.36612141086205735 
0.36612141086205735 
0.36612141086205735 
0.36612141086205735 
0.36612141086205735 
0.36612141086205735 
0.36612141086205735 
0.36612141086205735 
0.36612141086205735 
0.36612141086205735 
0.36612141086205735 
0.36612141086205735 
0.36612141086205735 
0.36612141086205735 
0.36612141086205735 
0.36612141086205735 
0.36612141086205735 
0.36612141086205735 
0.36612141086205735 
0.36612141086205735 
0.36612141086205735 
0.36612141086205735 
0.36612141086205735 
0.36612141086205735 
0.36612141086205735 
0.36612141086205735 
0.36612141086205735 
0.36612141086205735 
0.36612141086205735 
0.36612141086205735 
0.36612141086205735 
0.36612141086205735 
0.36612141086205735 
0.36612141086205735 
0.36612141086205735 
0.36612141086205735 
0.36612141086205735 
0.36612141086205735 
0.36612141086205735 
0.36612141086205735 
0.36612141086205735 
0.36612141086205735 
0.36612141086205735 
0.36612141086205735 
0.36612141086205735 
0.36612141086205735 
0.36612141086205735 
0.36612141086205735 
0.3661617677644142 
0.3661617677644142 
0.3661617677644142 
0.3661617677644142 
0.3661617677644142 
0.3661617677644142 
0.3661617677644142 
0.3661617677644142 
0.3661617677644142 
0.3661617677644142 
0.3661617677644142 
0.3661617677644142 
0.3661617677644142 
0.3661617677644142 
0.3661617677644142 
0.3661617677644142 
0.3661617677644142 
0.3661617677644142 
0.3661617677644142 
0.3661617677644142 
0.3661617677644142 
0.3661617677644142 
0.3661617677644142 
0.3661617677644142 
0.3661617677644142 
0.3661617677644142 
0.3661617677644142 
0.3661617677644142 
0.3661617677644142 
0.3661617677644142 
0.3661617677644142 
0.3661617677644142 
0.3661617677644142 
0.3661617677644142 
0.3661617677644142 
0.3661617677644142 
0.3661617677644142 
0.3661617677644142 
0.3661617677644142 
0.3661617677644142 
0.3661617677644142 
0.3661617677644142 
0.3661617677644142 
0.3661617677644142 
0.3661617677644142 
0.3661617677644142 
0.3661617677644142 
0.3661617677644142 
0.3661617677644142 
0.3661617677644142 
0.3661617677644142 
0.3661617677644142 
0.3661617677644142 
0.3661617677644142 
0.3661617677644142 
0.3661617677644142 
0.3661617677644142 
0.3661617677644142 
0.3661617677644142 
0.3661617677644142 
0.3661617677644142 
0.3661617677644142 
0.3661617677644142 
0.3661617677644142 
0.3661617677644142 
0.3661617677644142 
0.3661617677644142 
0.3661617677644142 
0.3661617677644142 
0.3661617677644142 
0.3661617677644142 
0.3661617677644142 
0.3661617677644142 
0.36605879613298603 
0.36605879613298603 
0.36605879613298603 
0.36605879613298603 
0.36605879613298603 
0.36605879613298603 
0.36605879613298603 
0.36605879613298603 
0.36605879613298603 
0.36605879613298603 
0.36605879613298603 
0.36605879613298603 
0.36605879613298603 
0.36605879613298603 
0.36605879613298603 
0.36605879613298603 
0.36605879613298603 
0.36605879613298603 
0.36605879613298603 
0.36605879613298603 
0.36605879613298603 
0.36605879613298603 
0.36605879613298603 
0.36605879613298603 
0.36605879613298603 
0.36605879613298603 
0.36605879613298603 
0.36605879613298603 
0.36605879613298603 
0.36605879613298603 
0.36605879613298603 
0.36605879613298603 
0.36605879613298603 
0.36605879613298603 
0.36605879613298603 
0.36605879613298603 
0.36605879613298603 
0.36605879613298603 
0.36605879613298603 
0.36605879613298603 
0.36605879613298603 
0.36605879613298603 
0.36605879613298603 
0.36605879613298603 
0.36605879613298603 
0.36605879613298603 
0.36605879613298603 
0.36605879613298603 
0.36605879613298603 
0.36605879613298603 
0.36605879613298603 
0.36605879613298603 
0.36605879613298603 
0.36605879613298603 
0.36605879613298603 
0.36605879613298603 
0.36605879613298603 
0.36605879613298603 
0.36605879613298603 
0.36605879613298603 
0.36605879613298603 
0.36605879613298603 
0.36605879613298603 
0.36605879613298603 
0.36605879613298603 
0.36605879613298603 
0.36605879613298603 
0.36605879613298603 
0.36605879613298603 
0.36605879613298603 
0.36605879613298603 
0.36605879613298603 
0.36605879613298603 
0.36605879613298603 
0.36605879613298603 
0.36605879613298603 
0.36605879613298603 
0.36605879613298603 
0.36605879613298603 
0.36605879613298603 
0.36605879613298603 
0.36605879613298603 
0.36605879613298603 
0.36605879613298603 
0.36605879613298603 
0.36605879613298603 
0.36605879613298603 
0.36605879613298603 
0.36605879613298603 
0.36605879613298603 
0.36605879613298603 
0.36605879613298603 
0.36605879613298603 
0.36605879613298603 
0.36605879613298603 
0.36605879613298603 
0.36605879613298603 
0.36605879613298603 
0.36605879613298603 
0.36605879613298603 
0.36605879613298603 
0.36605879613298603 
0.36605879613298603 
0.36605879613298603 
0.36605879613298603 
0.36605879613298603 
0.36605879613298603 
0.36605879613298603 
0.36605879613298603 
0.36605879613298603 
0.36605879613298603 
0.36605879613298603 
0.36605879613298603 
0.36605879613298603 
0.36605879613298603 
0.36605879613298603 
0.36605879613298603 
0.36605879613298603 
0.36605879613298603 
0.36605879613298603 
0.36605879613298603 
0.36605879613298603 
0.36605879613298603 
0.36605879613298603 
0.36605879613298603 
0.36605879613298603 
0.36605879613298603 
0.36605879613298603 
0.36605879613298603 
0.36605879613298603 
0.36605879613298603 
0.36605879613298603 
0.36605879613298603 
0.36605879613298603 
0.36605879613298603 
0.36605879613298603 
0.36605879613298603 
0.36605879613298603 
0.36605879613298603 
0.36605879613298603 
0.36605879613298603 
0.36605879613298603 
0.36605879613298603 
0.36605879613298603 
0.36605879613298603 
0.36605879613298603 
0.36605879613298603 
0.36605879613298603 
0.36605879613298603 
0.36605879613298603 
0.36605879613298603 
0.36605879613298603 
0.36605879613298603 
0.36605879613298603 
0.36605879613298603 
0.36605879613298603 
0.36605879613298603 
0.36605879613298603 
0.36605879613298603 
0.36605879613298603 
0.36605879613298603 
0.36605879613298603 
0.36605879613298603 
0.36605879613298603 
0.36605879613298603 
0.36605879613298603 
0.36605879613298603 
0.36605879613298603 
0.36605879613298603 
0.36605879613298603 
0.36605879613298603 
0.36605879613298603 
0.36605879613298603 
0.36605879613298603 
