0.016193112609995647 
0.016113539151905765 
0.016068501361359122 
0.016037643717204845 
0.01597223791458166 
0.01590768568962814 
0.01586295508409451 
0.015842042292583364 
0.01581663731644625 
0.015811714138574604 
0.015796108887950855 
0.015755824827662943 
0.015679336720665196 
0.01563846539785794 
0.015593483767266375 
0.01554734704057255 
0.015572726928832986 
0.015557190491859385 
0.015526305935411681 
0.015510958190904907 
0.015510958190904907 
0.01550591319464932 
0.015495359821572392 
0.015495112003467416 
0.015453488408770366 
0.015428215191654542 
0.015402796629183937 
0.015386435584631028 
0.015364799250234285 
0.015343958289828605 
0.015333527187180385 
0.015327839247591292 
0.015307265725791788 
0.015301555476486697 
0.015284587792937041 
0.015285341474759406 
0.01529001556572131 
0.01530589428945594 
0.01532715446519673 
0.015310929952161626 
0.01527915390327619 
0.015269449760878748 
0.0152161934793167 
0.015220825733185436 
0.01519978736693379 
0.015184202316881844 
0.015136496820598882 
0.015148280430464707 
0.015111455786918747 
0.015080023342156999 
0.015117288645785659 
0.015105582544211925 
0.01513332745961707 
0.015112810989356018 
0.015113107423690207 
0.015119066637858305 
0.015129121058409176 
0.015129645600608099 
0.015135052824486607 
0.015145113535394841 
0.015128833398514244 
0.015128528811487255 
0.01510766692775559 
0.015102796562226479 
0.015103305068758956 
0.01507149043724608 
0.0150556748105158 
0.015055895855112706 
0.01507733875722105 
0.015066519173319365 
0.015044278114951213 
0.015049452348839807 
0.015054909631080488 
0.015032719514445814 
0.015048508231715196 
0.015031646616389038 
0.015035956903370002 
0.01504106166465652 
0.01504659429904322 
0.015052120647935294 
0.015052120647935296 
0.015072940522671744 
0.015072940522671744 
0.015079276375211113 
0.015084773780206317 
0.015100482641293291 
0.015100864081237206 
0.015112167283351519 
0.015117288645785659 
0.015116933022276709 
0.01510634515691999 
0.015116933022276709 
0.015127868851890538 
0.015127513477105219 
0.015142806080776443 
0.015142806080776443 
0.015132616958080977 
0.015143186454640252 
0.015158839005675863 
0.015169002076603457 
0.015185390874126356 
0.015164303347005428 
0.01515921053353373 
0.01515921053353373 
0.015158839005675861 
0.01515921053353373 
0.01516392350284055 
0.015185753323427848 
0.015191195344672519 
0.0151809965417294 
0.015181620466867165 
0.015192155870711701 
0.015186427624691728 
0.015186427624691728 
0.01520206091291572 
0.015202683973562038 
0.015197271334025724 
0.015202683973562036 
0.015207795895526741 
0.015207795895526741 
0.015197566120928705 
0.015213204790575852 
0.015213204790575852 
0.015213204790575852 
0.015218607557854957 
0.015223415648270264 
0.01524472367739081 
0.015239897112513586 
0.01523477915822871 
0.015229655281719282 
0.01521424805897419 
0.015235686528673398 
0.015251525300769099 
0.015256675391447509 
0.015261819550761304 
0.01524618457188552 
0.015262012449215207 
0.015267511126572007 
0.015278138106457865 
0.015288606999985315 
0.015309372815370328 
0.015309372815370328 
0.01532496003257431 
0.015330260793606871 
0.015335396962583004 
0.01534565163165123 
0.015340694117281655 
0.015345985273028252 
0.015340694117281655 
0.015345985273028252 
0.015356407913310978 
0.015361689490417387 
0.015356549612461778 
0.01535667464003845 
0.015361939460888397 
0.015377606575797158 
0.015377698137237574 
0.015377698137237574 
0.015382855911695983 
0.015393253587205013 
0.015403644244139113 
0.015398493432800496 
0.015403644244139113 
0.015398401995012339 
0.015403644244139114 
0.015408789180204911 
0.015403544527153484 
0.015403644244139113 
0.015413928246881132 
0.01540342818985436 
0.015398293931471758 
0.015387774887877716 
0.015393037387078612 
0.015398293931471761 
0.015398293931471761 
0.015398293931471761 
0.015398293931471761 
0.015387899661747213 
0.015387899661747213 
0.015393037387078614 
0.015403428189854362 
0.015408681189511322 
0.015408681189511322 
0.015408681189511322 
0.015408681189511322 
0.015408789180204911 
0.015408789180204911 
0.015408789180204911 
0.015408789180204911 
0.015408789180204911 
0.015414027896692026 
0.01541926068266569 
0.015424404559009725 
0.01542963382585601 
0.01542963382585601 
0.01542963382585601 
0.015434857174590247 
0.015434857174590247 
0.01544007461121869 
0.015445136969285836 
0.015450359219124972 
0.015450359219124972 
0.015460711497211246 
0.015455492745299323 
0.015455492745299323 
0.015455492745299323 
0.01546062042739553 
0.01546574227122643 
0.01546574227122643 
0.0154813043378134 
0.01549152852368029 
0.015486419340828918 
0.015486419340828918 
0.015486303626107813 
0.015481072831041135 
0.015481072831041135 
0.015481072831041135 
0.015486303626107813 
0.015486303626107813 
0.015486303626107813 
0.015491404584478452 
0.015501853308556367 
0.015496631892124173 
0.015496747529723777 
0.015496747529723777 
0.015496747529723777 
0.015496747529723777 
0.015496747529723777 
0.015501960650188735 
0.015501960650188735 
0.015501960650188735 
0.015501960650188735 
0.015507167891010918 
0.015507167891010918 
0.015507167891010918 
0.015512278491569187 
0.015512278491569187 
0.015512278491569187 
0.015507167891010918 
0.015507167891010918 
0.01550725043326508 
0.01550725043326508 
0.015507316466752073 
0.015507316466752073 
0.015512443521250932 
0.015512443521250932 
0.015512443521250932 
0.015512443521250932 
0.015512443521250932 
0.015502125789710261 
0.015502125789710261 
0.015502125789710261 
0.015502125789710261 
0.015502125789710261 
0.015496929244208353 
0.015496929244208353 
0.015496929244208353 
0.015496929244208353 
0.015502125789710261 
0.015507316466752073 
0.015507316466752073 
0.015507316466752073 
0.015517680239004796 
0.015512542538217261 
0.015512542538217261 
0.015517630746992275 
0.015522754394758682 
0.015522754394758682 
0.015522754394758682 
0.015527872230283195 
0.015527872230283195 
0.015527872230283195 
0.015527872230283195 
0.015527872230283195 
0.015527872230283195 
0.015522680180948134 
0.015522680180948134 
0.015522680180948134 
0.015522680180948134 
0.015527872230283195 
0.015527872230283195 
0.015527872230283195 
0.015527872230283195 
0.015527872230283195 
0.01552778979764989 
0.015532984259310894 
0.015532984259310894 
0.015532984259310894 
0.015527872230283195 
0.015527872230283195 
0.015527872230283195 
0.015527872230283195 
0.015538172865559195 
0.015543355622258663 
0.015543355622258663 
0.015543355622258663 
0.015543355622258663 
0.015543355622258663 
0.015543355622258663 
0.015543355622258663 
0.01554846667681415 
0.01554846667681415 
0.01554846667681415 
0.01554846667681415 
0.01554846667681415 
0.015553571937018196 
0.015558671408574707 
0.015558671408574707 
0.015563765097173625 
0.015568853008491024 
0.015568853008491024 
0.015568853008491024 
0.015568853008491024 
0.015568853008491024 
0.015568853008491024 
0.015568853008491024 
0.015568853008491024 
0.015574041993008752 
0.015579225141193642 
0.015574132399591316 
0.015574132399591316 
0.015574132399591316 
0.015574132399591316 
0.015579307301674233 
0.015579307301674233 
0.015579307301674233 
0.015579307301674233 
0.015579307301674233 
0.015579307301674233 
0.015579307301674233 
0.015579307301674233 
0.01558447637875588 
0.01558447637875588 
0.01558447637875588 
0.015589573951843586 
0.015589573951843586 
0.015589573951843586 
0.015589573951843586 
0.015589573951843586 
0.015589573951843586 
0.015589573951843586 
0.015584402458868933 
0.015584402458868933 
0.015584402458868933 
0.015584402458868933 
0.015584402458868933 
0.015584402458868933 
0.015579307301674233 
0.015579307301674233 
0.015579307301674233 
0.015579307301674233 
0.015579307301674233 
0.015579307301674233 
0.015579307301674233 
0.015579307301674233 
0.015579307301674233 
0.015579307301674233 
0.015579307301674233 
0.015579307301674233 
0.015579307301674233 
0.015579307301674233 
0.015579307301674233 
0.015579307301674233 
0.015579307301674233 
0.015579307301674233 
0.015579307301674233 
0.015574206368223069 
0.015574206368223069 
0.015574206368223069 
0.015574206368223069 
0.015574206368223069 
0.015574206368223069 
0.015574206368223069 
0.015574206368223069 
0.015574206368223069 
0.015574206368223069 
0.015574206368223069 
0.015574206368223069 
0.015574206368223069 
0.015574206368223069 
0.015574206368223069 
0.015574206368223069 
0.015574206368223069 
0.015574206368223069 
0.015574206368223069 
0.015574206368223069 
0.015574206368223069 
0.015579307301674233 
0.015579307301674233 
0.015579307301674233 
0.015579307301674233 
0.015579307301674233 
0.015579307301674233 
0.015579307301674233 
0.015579307301674233 
0.015579307301674233 
0.015579307301674233 
0.015574206368223069 
0.015574206368223069 
0.015574206368223069 
0.015574206368223069 
0.015579373029746735 
0.015579373029746735 
0.015579373029746735 
0.015579373029746735 
0.015579373029746735 
0.015579373029746735 
0.015579373029746735 
0.015579373029746735 
0.015579373029746735 
0.015579373029746735 
0.015579373029746735 
0.015579373029746735 
0.01558447637875588 
0.01558447637875588 
0.01558447637875588 
0.01558447637875588 
0.015589639636630475 
0.015589639636630475 
0.015589639636630475 
0.015589639636630475 
0.015589639636630475 
0.015589639636630475 
0.015589639636630475 
0.015589639636630475 
0.015589639636630475 
0.015589639636630475 
0.015589639636630475 
0.015589639636630475 
0.015589639636630475 
0.015589639636630475 
0.015589639636630475 
0.015589639636630475 
0.015589639636630475 
0.015589639636630475 
0.015589639636630475 
0.015589639636630475 
0.015589639636630475 
0.015589639636630475 
0.015589639636630475 
0.015589639636630475 
0.015589639636630475 
0.015589639636630475 
0.015589639636630475 
0.015589639636630475 
0.015589639636630475 
0.015589639636630475 
0.015589639636630475 
0.015589639636630475 
0.015589639636630475 
0.015589639636630475 
0.015589639636630475 
0.015589639636630475 
0.015589639636630475 
0.015589639636630475 
0.015589639636630475 
0.015589639636630475 
0.015589639636630475 
0.015589639636630475 
0.015589639636630475 
0.015589639636630475 
0.015589639636630475 
0.015589639636630475 
0.015589639636630475 
0.015589639636630475 
0.015589639636630475 
0.015589639636630475 
0.015589639636630475 
0.015589639636630475 
0.015589639636630475 
0.015589639636630475 
0.015589639636630475 
0.015589639636630475 
0.015589639636630475 
0.015589639636630475 
0.015589639636630475 
0.015589639636630475 
0.015589639636630475 
0.015589639636630475 
0.015589639636630475 
0.015589639636630475 
0.015589639636630475 
0.015589639636630475 
0.015594739625912324 
0.015594739625912324 
0.015594739625912324 
0.015594739625912324 
0.015594739625912324 
0.015594739625912324 
0.015594739625912324 
0.015594739625912324 
0.015594739625912324 
0.015594739625912324 
0.015594739625912324 
0.015594739625912324 
0.015594739625912324 
0.015594739625912324 
0.015594739625912324 
0.015594739625912324 
0.015594739625912324 
0.015594739625912324 
0.015594739625912324 
0.015594739625912324 
0.015594739625912324 
0.015594739625912324 
0.015594739625912324 
0.015594739625912324 
0.015594739625912324 
0.015594739625912324 
0.015594739625912324 
0.015594739625912324 
0.015594739625912324 
0.015594739625912324 
0.015594739625912324 
0.015594739625912324 
0.015594739625912324 
0.015594739625912324 
0.015594739625912324 
0.015594739625912324 
0.015594739625912324 
0.015594739625912324 
0.015594739625912324 
0.015594739625912324 
0.015594739625912324 
0.015594739625912324 
0.015594739625912324 
0.015594739625912324 
0.015594739625912324 
0.015594739625912324 
0.015594739625912324 
0.015594739625912324 
0.015594739625912324 
0.015594739625912324 
0.015594739625912324 
0.015594739625912324 
0.015594739625912324 
0.015594739625912324 
0.015594739625912324 
0.015594739625912324 
0.015594739625912324 
0.015594739625912324 
0.015594739625912324 
0.015594739625912324 
0.015594739625912324 
0.015594739625912324 
0.015594739625912324 
0.015594739625912324 
0.015594739625912324 
0.015594739625912324 
0.015594739625912324 
0.015594739625912324 
0.015594739625912324 
0.015594739625912324 
0.015594739625912324 
0.015594739625912324 
0.015594739625912324 
0.015599899486855674 
0.015599899486855674 
0.015599899486855674 
0.015599899486855674 
0.015599899486855674 
0.015599899486855674 
0.015599899486855674 
0.015599899486855674 
0.015599899486855674 
0.015599899486855674 
0.015599899486855674 
0.015599899486855674 
0.015599899486855674 
0.015599899486855674 
0.015599899486855674 
0.015599899486855674 
0.015599899486855674 
0.015599899486855674 
0.015599899486855674 
0.015599899486855674 
0.015599899486855674 
0.015599899486855674 
0.015599899486855674 
0.015599899486855674 
0.015599899486855674 
0.015599899486855674 
0.015599899486855674 
0.015599899486855674 
0.015599899486855674 
0.015599899486855674 
0.015599899486855674 
0.015599899486855674 
0.015599899486855674 
0.015599899486855674 
0.015599899486855674 
0.015599899486855674 
0.015599899486855674 
0.015599899486855674 
0.015599899486855674 
0.015599899486855674 
0.015599899486855674 
0.015599899486855674 
0.015599899486855674 
0.015599899486855674 
0.015599899486855674 
0.015599899486855674 
0.015599899486855674 
0.015599899486855674 
0.015599899486855674 
0.015599899486855674 
0.015599899486855674 
0.015599899486855674 
0.015599899486855674 
0.015599899486855674 
0.015599899486855674 
0.015599899486855674 
0.015599899486855674 
0.015599899486855674 
0.015599899486855674 
0.015599899486855674 
0.015599899486855674 
0.015599899486855674 
0.015599899486855674 
0.015599899486855674 
0.015599899486855674 
0.015599899486855674 
0.015599899486855674 
0.015599899486855674 
0.015599899486855674 
0.015599899486855674 
0.015599899486855674 
0.015599899486855674 
0.015599899486855674 
0.015599899486855674 
0.015599899486855674 
0.015599899486855674 
0.015599899486855674 
0.015599899486855674 
0.015599899486855674 
0.015599899486855674 
0.015599899486855674 
0.015599899486855674 
0.015599899486855674 
0.015599899486855674 
0.015599899486855674 
0.015599899486855674 
0.015599899486855674 
0.015599899486855674 
0.015599899486855674 
0.015599899486855674 
0.015599899486855674 
0.015599899486855674 
0.015599899486855674 
0.015599899486855674 
0.015599899486855674 
0.015599899486855674 
0.015599899486855674 
0.015599899486855674 
0.015599899486855674 
0.015599899486855674 
0.015599899486855674 
0.015599899486855674 
0.015599899486855674 
0.015599899486855674 
0.015599899486855674 
0.015599899486855674 
0.015599899486855674 
0.015599899486855674 
0.015599899486855674 
0.015599899486855674 
0.015599899486855674 
0.015599899486855674 
0.015599899486855674 
0.015599899486855674 
0.015599899486855674 
0.015599899486855674 
0.015599899486855674 
0.015599899486855674 
0.015599899486855674 
0.015599899486855674 
0.015599899486855674 
0.015599899486855674 
0.015599899486855674 
0.015599899486855674 
0.015599899486855674 
0.015599899486855674 
0.015599899486855674 
0.015599899486855674 
0.015599899486855674 
0.015599899486855674 
0.015599899486855674 
0.015599899486855674 
0.015599899486855674 
0.015599899486855674 
0.015599899486855674 
0.015599899486855674 
0.015599899486855674 
0.015599899486855674 
0.015599899486855674 
0.015599899486855674 
0.015599899486855674 
0.015599899486855674 
0.015599899486855674 
0.015599899486855674 
0.015599899486855674 
0.015599899486855674 
0.015599899486855674 
0.015599899486855674 
0.015599899486855674 
0.015599899486855674 
0.015599899486855674 
0.015599899486855674 
0.015599899486855674 
0.015599899486855674 
0.015599899486855674 
0.015599899486855674 
0.015599899486855674 
0.015599899486855674 
0.015599899486855674 
0.015599899486855674 
0.015599899486855674 
0.015599899486855674 
0.015599899486855674 
0.015599899486855674 
0.015599899486855674 
0.015599899486855674 
0.015599899486855674 
0.015599899486855674 
0.015599899486855674 
0.015599899486855674 
0.015599899486855674 
0.015599899486855674 
0.015599899486855674 
0.015599899486855674 
