-1	0	1
0.3316	0.3368	0.3316
0.3316	0.3396	0.3288
0.33	0.3428	0.3272
0.3276	0.3456	0.3268
0.3276	0.348	0.3244
0.3248	0.3544	0.3208
0.3224	0.3592	0.3184
0.3224	0.362	0.3156
0.3212	0.3636	0.3152
0.3204	0.3652	0.3144
0.3176	0.3696	0.3128
0.316	0.3732	0.3108
0.314	0.376	0.31
0.3116	0.38	0.3084
0.3108	0.3824	0.3068
0.3084	0.384	0.3076
0.3068	0.3868	0.3064
0.304	0.39	0.306
0.3016	0.394	0.3044
0.3004	0.3964	0.3032
0.2988	0.396	0.3052
0.2984	0.3968	0.3048
0.3	0.3964	0.3036
0.298	0.4008	0.3012
0.2972	0.402	0.3008
0.2964	0.4044	0.2992
0.294	0.4072	0.2988
0.292	0.4092	0.2988
0.2908	0.4136	0.2956
0.29	0.4148	0.2952
0.2888	0.4176	0.2936
0.2904	0.4176	0.292
0.2904	0.4164	0.2932
0.2896	0.4168	0.2936
0.2888	0.4188	0.2924
0.2876	0.422	0.2904
0.2868	0.422	0.2912
0.2852	0.4244	0.2904
0.2852	0.4236	0.2912
0.2836	0.426	0.2904
0.2812	0.4304	0.2884
0.2804	0.4348	0.2848
0.2804	0.434	0.2856
0.28	0.4344	0.2856
0.2788	0.436	0.2852
0.2792	0.4372	0.2836
0.2784	0.4388	0.2828
0.2776	0.4396	0.2828
0.2748	0.4444	0.2808
0.2728	0.4456	0.2816
0.2716	0.4452	0.2832
0.2712	0.4456	0.2832
0.2712	0.4468	0.282
0.2708	0.448	0.2812
0.27	0.4472	0.2828
0.2696	0.4472	0.2832
0.27	0.4472	0.2828
0.2688	0.4492	0.282
0.2684	0.45	0.2816
0.2668	0.4512	0.282
0.2672	0.4516	0.2812
0.2672	0.4528	0.28
0.2676	0.4524	0.28
0.2664	0.4532	0.2804
0.2656	0.454	0.2804
0.266	0.454	0.28
0.2664	0.4548	0.2788
0.2672	0.4544	0.2784
0.2688	0.4524	0.2788
0.2704	0.4492	0.2804
0.2692	0.4508	0.28
0.2692	0.4524	0.2784
0.2692	0.4528	0.278
0.2704	0.4516	0.278
0.2696	0.4528	0.2776
0.2704	0.4516	0.278
0.2692	0.4524	0.2784
0.2688	0.4524	0.2788
0.2684	0.4536	0.278
0.2692	0.4528	0.278
0.2704	0.4508	0.2788
0.2692	0.452	0.2788
0.2696	0.4504	0.28
0.27	0.4484	0.2816
0.2704	0.4484	0.2812
0.2712	0.448	0.2808
0.272	0.448	0.28
0.2716	0.4512	0.2772
0.272	0.4504	0.2776
0.272	0.45	0.278
0.2728	0.45	0.2772
0.2724	0.4496	0.278
0.2728	0.448	0.2792
0.2736	0.4468	0.2796
0.274	0.446	0.28
0.2736	0.4468	0.2796
0.274	0.4468	0.2792
0.2732	0.4488	0.278
0.2728	0.4496	0.2776
0.2724	0.4508	0.2768
0.2724	0.4508	0.2768
0.2732	0.4508	0.276
0.2728	0.4508	0.2764
0.2732	0.4508	0.276
0.2732	0.4508	0.276
0.2744	0.4496	0.276
0.2744	0.4488	0.2768
0.274	0.4484	0.2776
0.274	0.4488	0.2772
0.274	0.4476	0.2784
0.2748	0.4456	0.2796
0.2748	0.446	0.2792
0.2752	0.4456	0.2792
0.2752	0.446	0.2788
0.276	0.4452	0.2788
0.2772	0.4436	0.2792
0.2772	0.4428	0.28
0.2776	0.4424	0.28
0.2784	0.4408	0.2808
0.2788	0.4404	0.2808
0.2796	0.44	0.2804
0.2804	0.4392	0.2804
0.2816	0.4372	0.2812
0.2828	0.436	0.2812
0.2832	0.4356	0.2812
0.2832	0.4356	0.2812
0.2828	0.4364	0.2808
0.2832	0.4352	0.2816
0.2824	0.4348	0.2828
0.282	0.4352	0.2828
0.2832	0.4332	0.2836
0.2832	0.4336	0.2832
0.2828	0.4336	0.2836
0.2824	0.4336	0.284
0.2828	0.4332	0.284
0.282	0.4332	0.2848
0.282	0.4332	0.2848
0.2824	0.4328	0.2848
0.284	0.4312	0.2848
0.2844	0.4312	0.2844
0.2852	0.43	0.2848
0.2844	0.4308	0.2848
0.2844	0.4308	0.2848
0.2844	0.4308	0.2848
0.2836	0.4316	0.2848
0.284	0.4316	0.2844
0.2844	0.4312	0.2844
0.284	0.4316	0.2844
0.284	0.4316	0.2844
0.2848	0.4312	0.284
0.2852	0.4308	0.284
0.2852	0.4308	0.284
0.2852	0.4324	0.2824
0.2856	0.432	0.2824
0.2856	0.4312	0.2832
0.2856	0.4312	0.2832
0.2856	0.4312	0.2832
0.2852	0.4316	0.2832
0.2856	0.4312	0.2832
0.286	0.4308	0.2832
0.2852	0.4316	0.2832
0.2848	0.4324	0.2828
0.2848	0.4328	0.2824
0.286	0.4316	0.2824
0.286	0.4316	0.2824
0.2864	0.4312	0.2824
0.2868	0.4312	0.282
0.2872	0.4312	0.2816
0.2872	0.4316	0.2812
0.2872	0.432	0.2808
0.2872	0.4316	0.2812
0.2876	0.43	0.2824
0.288	0.4292	0.2828
0.2884	0.4288	0.2828
0.2884	0.4288	0.2828
0.2888	0.4284	0.2828
0.2888	0.428	0.2832
0.2888	0.428	0.2832
0.2888	0.4276	0.2836
0.2892	0.4276	0.2832
0.2896	0.4268	0.2836
0.2896	0.4264	0.284
0.29	0.4252	0.2848
0.29	0.4252	0.2848
0.2892	0.4256	0.2852
0.2892	0.4256	0.2852
0.2892	0.4252	0.2856
0.2892	0.4252	0.2856
0.2896	0.4248	0.2856
0.29	0.424	0.286
0.2904	0.4232	0.2864
0.2908	0.4224	0.2868
0.2904	0.4228	0.2868
0.2908	0.4224	0.2868
0.2904	0.4228	0.2868
0.2908	0.4224	0.2868
0.2908	0.4224	0.2868
0.2908	0.422	0.2872
0.2908	0.422	0.2872
0.2912	0.4216	0.2872
0.292	0.4208	0.2872
0.2916	0.4212	0.2872
0.2916	0.4212	0.2872
0.2916	0.4204	0.288
0.2916	0.4192	0.2892
0.292	0.418	0.29
0.292	0.418	0.29
0.292	0.4176	0.2904
0.292	0.418	0.29
0.292	0.4176	0.2904
0.2916	0.4176	0.2908
0.2916	0.4176	0.2908
0.292	0.4172	0.2908
0.2924	0.4168	0.2908
0.2924	0.4168	0.2908
0.2924	0.4168	0.2908
0.292	0.4168	0.2912
0.292	0.4164	0.2916
0.2924	0.416	0.2916
0.2928	0.4152	0.292
0.2928	0.4152	0.292
0.2928	0.4152	0.292
0.2928	0.4152	0.292
0.2924	0.4156	0.292
0.2924	0.4148	0.2928
0.2924	0.4148	0.2928
0.2928	0.4144	0.2928
0.2932	0.414	0.2928
0.2932	0.414	0.2928
0.2928	0.414	0.2932
0.2928	0.414	0.2932
0.2928	0.414	0.2932
0.2928	0.414	0.2932
0.2928	0.4144	0.2928
0.2928	0.414	0.2932
0.2928	0.414	0.2932
0.2932	0.4136	0.2932
0.2936	0.4132	0.2932
0.2936	0.4132	0.2932
0.2936	0.4128	0.2936
0.2932	0.4132	0.2936
0.2932	0.4132	0.2936
0.2932	0.4132	0.2936
0.2932	0.4132	0.2936
0.2932	0.4132	0.2936
0.2932	0.4132	0.2936
0.2932	0.4132	0.2936
0.2936	0.4132	0.2932
0.2936	0.4132	0.2932
0.294	0.4128	0.2932
0.2948	0.412	0.2932
0.2944	0.4124	0.2932
0.2944	0.412	0.2936
0.2944	0.412	0.2936
0.2944	0.412	0.2936
0.2944	0.412	0.2936
0.2944	0.412	0.2936
0.2944	0.4116	0.294
0.2944	0.4116	0.294
0.2944	0.4116	0.294
0.2948	0.4112	0.294
0.2948	0.4104	0.2948
0.2948	0.4104	0.2948
0.2948	0.41	0.2952
0.2952	0.4096	0.2952
0.2956	0.4092	0.2952
0.296	0.4088	0.2952
0.296	0.4088	0.2952
0.2964	0.4084	0.2952
0.2968	0.408	0.2952
0.2968	0.408	0.2952
0.2968	0.408	0.2952
0.2968	0.408	0.2952
0.2968	0.408	0.2952
0.2968	0.408	0.2952
0.2968	0.408	0.2952
0.2968	0.408	0.2952
0.2972	0.4076	0.2952
0.2976	0.4072	0.2952
0.2976	0.4072	0.2952
0.2976	0.4072	0.2952
0.2972	0.4076	0.2952
0.2972	0.4076	0.2952
0.2972	0.4076	0.2952
0.2972	0.4076	0.2952
0.2972	0.4076	0.2952
0.2968	0.408	0.2952
0.2968	0.4076	0.2956
0.2968	0.4072	0.296
0.2968	0.4072	0.296
0.2968	0.4072	0.296
0.2968	0.4072	0.296
0.2968	0.4072	0.296
0.2968	0.4068	0.2964
0.2968	0.4068	0.2964
0.2964	0.4072	0.2964
0.2964	0.4072	0.2964
0.2968	0.4068	0.2964
0.2968	0.4068	0.2964
0.2968	0.4068	0.2964
0.2968	0.4068	0.2964
0.2968	0.4068	0.2964
0.2968	0.4068	0.2964
0.2968	0.4072	0.296
0.2968	0.4072	0.296
0.2968	0.4068	0.2964
0.2968	0.4068	0.2964
0.2968	0.4072	0.296
0.2968	0.4072	0.296
0.2968	0.4072	0.296
0.2968	0.4072	0.296
0.2968	0.4072	0.296
0.2968	0.4072	0.296
0.2968	0.4072	0.296
0.2968	0.4072	0.296
0.2968	0.4072	0.296
0.2968	0.4072	0.296
0.2968	0.4072	0.296
0.2968	0.4072	0.296
0.2964	0.4076	0.296
0.2964	0.4076	0.296
0.2964	0.408	0.2956
0.2964	0.408	0.2956
0.2964	0.408	0.2956
0.2964	0.408	0.2956
0.2964	0.408	0.2956
0.2964	0.408	0.2956
0.2964	0.408	0.2956
0.2964	0.408	0.2956
0.2964	0.408	0.2956
0.2964	0.408	0.2956
0.2964	0.408	0.2956
0.2964	0.408	0.2956
0.2964	0.4076	0.296
0.2964	0.4076	0.296
0.2964	0.4076	0.296
0.2964	0.4076	0.296
0.2964	0.4076	0.296
0.296	0.4076	0.2964
0.296	0.4076	0.2964
0.296	0.4076	0.2964
0.296	0.4076	0.2964
0.296	0.4076	0.2964
0.2956	0.408	0.2964
0.2956	0.408	0.2964
0.2956	0.408	0.2964
0.2956	0.408	0.2964
0.2956	0.408	0.2964
0.2956	0.408	0.2964
0.2956	0.408	0.2964
0.2956	0.408	0.2964
0.2956	0.408	0.2964
0.2956	0.408	0.2964
0.2956	0.408	0.2964
0.2956	0.408	0.2964
0.2956	0.408	0.2964
0.2952	0.4084	0.2964
0.2952	0.4084	0.2964
0.2948	0.4088	0.2964
0.2948	0.4088	0.2964
0.2948	0.4088	0.2964
0.2948	0.4088	0.2964
0.2948	0.4088	0.2964
0.2948	0.4088	0.2964
0.2948	0.4088	0.2964
0.2948	0.4088	0.2964
0.2948	0.4088	0.2964
0.2948	0.4088	0.2964
0.2948	0.4088	0.2964
0.2948	0.4088	0.2964
0.2948	0.4084	0.2968
0.2948	0.4084	0.2968
0.2948	0.4084	0.2968
0.2948	0.4084	0.2968
0.2948	0.4084	0.2968
0.2948	0.4084	0.2968
0.2948	0.4084	0.2968
0.2948	0.4084	0.2968
0.2948	0.4084	0.2968
0.2952	0.4076	0.2972
0.2952	0.4076	0.2972
0.2952	0.4076	0.2972
0.2952	0.4076	0.2972
0.2952	0.4076	0.2972
0.2952	0.4076	0.2972
0.2952	0.4076	0.2972
0.2952	0.4076	0.2972
0.2952	0.4076	0.2972
0.2952	0.4076	0.2972
0.2952	0.4076	0.2972
0.2952	0.4076	0.2972
0.2952	0.4076	0.2972
0.2952	0.4076	0.2972
0.2952	0.4076	0.2972
0.2952	0.4076	0.2972
0.2952	0.4076	0.2972
0.2952	0.4076	0.2972
0.2952	0.4076	0.2972
0.2952	0.4076	0.2972
0.2952	0.4076	0.2972
0.2952	0.4076	0.2972
0.2952	0.4076	0.2972
0.2952	0.4076	0.2972
0.2952	0.4076	0.2972
0.2952	0.4076	0.2972
0.2952	0.4076	0.2972
0.2952	0.4076	0.2972
0.2956	0.4072	0.2972
0.2956	0.4072	0.2972
0.2956	0.4072	0.2972
0.2956	0.4072	0.2972
0.2956	0.4072	0.2972
0.2956	0.4072	0.2972
0.2956	0.4072	0.2972
0.2956	0.4072	0.2972
0.2956	0.4072	0.2972
0.2956	0.4072	0.2972
0.296	0.4068	0.2972
0.296	0.4068	0.2972
0.296	0.4068	0.2972
0.296	0.4068	0.2972
0.296	0.4068	0.2972
0.296	0.4068	0.2972
0.296	0.4068	0.2972
0.296	0.4068	0.2972
0.296	0.4068	0.2972
0.296	0.4068	0.2972
0.296	0.4068	0.2972
0.296	0.4068	0.2972
0.296	0.4068	0.2972
0.296	0.4068	0.2972
0.296	0.4068	0.2972
0.296	0.4068	0.2972
0.296	0.4068	0.2972
0.296	0.4068	0.2972
0.296	0.4068	0.2972
0.296	0.4068	0.2972
0.296	0.4068	0.2972
0.296	0.4068	0.2972
0.296	0.4068	0.2972
0.296	0.4068	0.2972
0.296	0.4068	0.2972
0.296	0.4068	0.2972
0.296	0.4068	0.2972
0.296	0.4068	0.2972
0.296	0.4068	0.2972
0.296	0.4068	0.2972
0.296	0.4068	0.2972
0.2956	0.4072	0.2972
0.2956	0.4072	0.2972
0.2956	0.4072	0.2972
0.2956	0.4072	0.2972
0.2956	0.4072	0.2972
0.2956	0.4072	0.2972
0.2956	0.4072	0.2972
0.2956	0.4072	0.2972
0.2956	0.4072	0.2972
0.2956	0.4072	0.2972
0.2956	0.4072	0.2972
0.2956	0.4072	0.2972
0.2956	0.4072	0.2972
0.296	0.4068	0.2972
0.296	0.4068	0.2972
0.296	0.4068	0.2972
0.296	0.4068	0.2972
0.296	0.4068	0.2972
0.296	0.4068	0.2972
0.296	0.4068	0.2972
0.296	0.4068	0.2972
0.296	0.4064	0.2976
0.296	0.4064	0.2976
0.296	0.4064	0.2976
0.296	0.4064	0.2976
0.296	0.4064	0.2976
0.296	0.4064	0.2976
0.296	0.4064	0.2976
0.296	0.4064	0.2976
0.296	0.4064	0.2976
0.296	0.4064	0.2976
0.296	0.4064	0.2976
0.296	0.4064	0.2976
0.296	0.4064	0.2976
0.296	0.4064	0.2976
0.296	0.4064	0.2976
0.296	0.4064	0.2976
0.296	0.4064	0.2976
0.296	0.4064	0.2976
0.296	0.4064	0.2976
0.296	0.406	0.298
0.296	0.406	0.298
0.296	0.4056	0.2984
0.296	0.4056	0.2984
0.296	0.4056	0.2984
0.296	0.4056	0.2984
0.2956	0.406	0.2984
0.2956	0.406	0.2984
0.2952	0.406	0.2988
0.2952	0.406	0.2988
0.2952	0.406	0.2988
0.2952	0.406	0.2988
0.2952	0.406	0.2988
0.2952	0.406	0.2988
0.2952	0.406	0.2988
0.2952	0.406	0.2988
0.2952	0.406	0.2988
0.2952	0.406	0.2988
0.2952	0.406	0.2988
0.2952	0.406	0.2988
0.2952	0.406	0.2988
0.2952	0.406	0.2988
0.2952	0.406	0.2988
0.2952	0.406	0.2988
0.2952	0.406	0.2988
0.2952	0.406	0.2988
0.2952	0.406	0.2988
0.2952	0.406	0.2988
0.2952	0.406	0.2988
0.2952	0.406	0.2988
0.2952	0.406	0.2988
0.2952	0.406	0.2988
0.2952	0.406	0.2988
0.2952	0.406	0.2988
0.2952	0.406	0.2988
0.2952	0.406	0.2988
0.2952	0.406	0.2988
0.2952	0.406	0.2988
0.2952	0.406	0.2988
0.2952	0.406	0.2988
0.2952	0.406	0.2988
0.2952	0.406	0.2988
0.2952	0.406	0.2988
0.2952	0.406	0.2988
0.2952	0.406	0.2988
0.2952	0.406	0.2988
0.2952	0.406	0.2988
0.2952	0.406	0.2988
0.2952	0.406	0.2988
0.2952	0.406	0.2988
0.2952	0.406	0.2988
0.2952	0.406	0.2988
0.2952	0.406	0.2988
0.2952	0.406	0.2988
0.2952	0.406	0.2988
0.2952	0.406	0.2988
0.2952	0.406	0.2988
0.2952	0.406	0.2988
0.2952	0.406	0.2988
0.2952	0.406	0.2988
0.2952	0.406	0.2988
0.2956	0.4056	0.2988
0.2956	0.4056	0.2988
0.2956	0.4056	0.2988
0.296	0.4052	0.2988
0.296	0.4052	0.2988
0.296	0.4052	0.2988
0.296	0.4052	0.2988
0.296	0.4052	0.2988
0.296	0.4052	0.2988
0.296	0.4052	0.2988
0.296	0.4052	0.2988
0.296	0.4052	0.2988
0.296	0.4052	0.2988
0.296	0.4052	0.2988
0.296	0.4052	0.2988
0.296	0.4052	0.2988
0.296	0.4052	0.2988
0.296	0.4052	0.2988
0.2964	0.4048	0.2988
0.2964	0.4048	0.2988
0.2964	0.4048	0.2988
0.2964	0.4048	0.2988
0.2964	0.4048	0.2988
0.2964	0.4048	0.2988
0.2964	0.4048	0.2988
0.2964	0.4048	0.2988
0.2964	0.4048	0.2988
0.2964	0.4048	0.2988
0.2964	0.4048	0.2988
0.2964	0.4048	0.2988
0.2964	0.4048	0.2988
0.2964	0.4048	0.2988
0.2964	0.4048	0.2988
0.2964	0.4048	0.2988
0.2964	0.4048	0.2988
0.2964	0.4048	0.2988
0.2964	0.4048	0.2988
0.2964	0.4048	0.2988
0.2964	0.4048	0.2988
0.2964	0.4048	0.2988
0.2964	0.4048	0.2988
0.2964	0.4048	0.2988
0.2964	0.4048	0.2988
0.2964	0.4048	0.2988
0.2964	0.4048	0.2988
0.2964	0.4048	0.2988
0.2964	0.4048	0.2988
0.2964	0.4048	0.2988
0.2964	0.4048	0.2988
0.2964	0.4048	0.2988
0.2964	0.4048	0.2988
0.2964	0.4048	0.2988
0.2964	0.4048	0.2988
0.2964	0.4048	0.2988
0.2964	0.4048	0.2988
0.2964	0.4048	0.2988
0.2964	0.4048	0.2988
0.2964	0.4048	0.2988
0.2964	0.4048	0.2988
0.2964	0.4048	0.2988
0.2964	0.4048	0.2988
0.2964	0.4048	0.2988
0.2964	0.4048	0.2988
0.2964	0.4048	0.2988
0.2964	0.4048	0.2988
0.2964	0.4048	0.2988
0.2964	0.4048	0.2988
0.2964	0.4048	0.2988
0.2964	0.4048	0.2988
0.2964	0.4048	0.2988
0.2964	0.4048	0.2988
0.2964	0.4048	0.2988
0.2964	0.4048	0.2988
0.2964	0.4048	0.2988
0.2964	0.4048	0.2988
0.2964	0.4048	0.2988
0.2964	0.4048	0.2988
0.2964	0.4048	0.2988
0.2964	0.4048	0.2988
0.2964	0.4048	0.2988
0.2964	0.4048	0.2988
0.2964	0.4048	0.2988
0.2964	0.4048	0.2988
0.2964	0.4048	0.2988
0.2964	0.4048	0.2988
0.2964	0.4048	0.2988
0.2964	0.4048	0.2988
0.2964	0.4048	0.2988
0.2964	0.4048	0.2988
0.2964	0.4048	0.2988
0.2964	0.4048	0.2988
0.2964	0.4048	0.2988
0.2964	0.4048	0.2988
0.2964	0.4048	0.2988
0.2964	0.4048	0.2988
0.2964	0.4048	0.2988
0.2964	0.4048	0.2988
0.2964	0.4048	0.2988
0.2964	0.4048	0.2988
0.2964	0.4048	0.2988
0.2964	0.4048	0.2988
0.2964	0.4052	0.2984
0.2968	0.4048	0.2984
0.2968	0.4048	0.2984
0.2968	0.4052	0.298
0.2968	0.4052	0.298
0.2968	0.4052	0.298
0.2968	0.4052	0.298
0.2968	0.4052	0.298
0.2968	0.4052	0.298
0.2968	0.4052	0.298
0.2968	0.4052	0.298
0.2968	0.4052	0.298
0.2968	0.4052	0.298
0.2968	0.4052	0.298
0.2972	0.4048	0.298
0.2976	0.4044	0.298
0.2976	0.4044	0.298
0.2976	0.4044	0.298
0.2976	0.4044	0.298
0.2976	0.4044	0.298
0.2976	0.4044	0.298
0.2976	0.4044	0.298
0.2976	0.4044	0.298
0.2976	0.4044	0.298
0.2976	0.4044	0.298
0.2976	0.4044	0.298
0.2976	0.4044	0.298
0.2976	0.4044	0.298
0.2976	0.4044	0.298
0.2976	0.4044	0.298
0.2976	0.4044	0.298
0.2976	0.4044	0.298
0.2976	0.4044	0.298
0.2976	0.4044	0.298
0.2976	0.4044	0.298
0.2976	0.4044	0.298
0.2976	0.4044	0.298
0.2976	0.4044	0.298
0.2976	0.4044	0.298
0.2976	0.4044	0.298
0.2976	0.4048	0.2976
0.298	0.4044	0.2976
0.298	0.4044	0.2976
0.298	0.4044	0.2976
0.298	0.4044	0.2976
0.298	0.4044	0.2976
0.298	0.4044	0.2976
0.298	0.4044	0.2976
0.298	0.4044	0.2976
0.298	0.4044	0.2976
0.298	0.4044	0.2976
0.298	0.4044	0.2976
0.298	0.4044	0.2976
0.298	0.4044	0.2976
0.298	0.4048	0.2972
0.298	0.4048	0.2972
0.298	0.4048	0.2972
0.298	0.4048	0.2972
0.298	0.4048	0.2972
0.298	0.4048	0.2972
0.298	0.4052	0.2968
0.298	0.4052	0.2968
0.298	0.4052	0.2968
0.298	0.4052	0.2968
0.298	0.4052	0.2968
0.298	0.4052	0.2968
0.298	0.4052	0.2968
0.298	0.4052	0.2968
0.298	0.4052	0.2968
0.298	0.4052	0.2968
0.298	0.4052	0.2968
0.298	0.4052	0.2968
0.298	0.4052	0.2968
0.298	0.4052	0.2968
0.298	0.4052	0.2968
0.298	0.4052	0.2968
0.298	0.4052	0.2968
0.298	0.4052	0.2968
0.298	0.4052	0.2968
0.298	0.4052	0.2968
0.298	0.4052	0.2968
0.298	0.4052	0.2968
0.298	0.4052	0.2968
0.298	0.4052	0.2968
0.298	0.4052	0.2968
0.298	0.4052	0.2968
0.298	0.4052	0.2968
0.298	0.4052	0.2968
0.298	0.4052	0.2968
0.298	0.4052	0.2968
0.298	0.4052	0.2968
0.298	0.4052	0.2968
0.298	0.4052	0.2968
0.298	0.4052	0.2968
0.298	0.4052	0.2968
0.298	0.4052	0.2968
0.298	0.4052	0.2968
0.298	0.4052	0.2968
0.298	0.4052	0.2968
0.298	0.4052	0.2968
0.298	0.4052	0.2968
0.298	0.4052	0.2968
0.298	0.4052	0.2968
0.298	0.4052	0.2968
0.2984	0.4048	0.2968
0.2984	0.4048	0.2968
0.2984	0.4048	0.2968
0.2984	0.4048	0.2968
0.2984	0.4048	0.2968
0.2984	0.4048	0.2968
0.2984	0.4048	0.2968
0.2984	0.4048	0.2968
0.2984	0.4048	0.2968
0.2984	0.4048	0.2968
0.2984	0.4052	0.2964
0.2984	0.4052	0.2964
0.2988	0.4048	0.2964
0.2988	0.4048	0.2964
0.2988	0.4048	0.2964
0.2988	0.4048	0.2964
0.2988	0.4048	0.2964
0.2988	0.4048	0.2964
0.2988	0.4048	0.2964
0.2988	0.4048	0.2964
0.2988	0.4048	0.2964
0.2988	0.4048	0.2964
0.2992	0.4044	0.2964
0.2992	0.4044	0.2964
0.2992	0.4044	0.2964
0.2996	0.404	0.2964
0.2996	0.404	0.2964
0.2996	0.404	0.2964
0.2996	0.404	0.2964
0.2996	0.404	0.2964
0.2996	0.404	0.2964
0.2996	0.404	0.2964
0.2996	0.404	0.2964
0.2996	0.404	0.2964
0.2996	0.404	0.2964
0.2996	0.404	0.2964
0.2996	0.404	0.2964
0.2996	0.404	0.2964
0.2996	0.404	0.2964
0.2996	0.404	0.2964
0.2996	0.404	0.2964
0.2996	0.404	0.2964
0.2996	0.404	0.2964
0.2996	0.404	0.2964
0.2996	0.404	0.2964
0.2996	0.404	0.2964
0.2996	0.404	0.2964
0.2996	0.404	0.2964
0.2996	0.404	0.2964
0.2996	0.404	0.2964
0.2996	0.404	0.2964
0.2996	0.404	0.2964
0.2996	0.404	0.2964
0.2996	0.404	0.2964
0.2996	0.404	0.2964
0.2996	0.404	0.2964
0.2996	0.404	0.2964
0.2996	0.404	0.2964
0.2996	0.404	0.2964
0.2996	0.404	0.2964
0.2996	0.404	0.2964
0.2996	0.404	0.2964
0.2996	0.404	0.2964
0.2996	0.404	0.2964
0.2996	0.404	0.2964
0.2996	0.404	0.2964
0.2996	0.404	0.2964
0.2996	0.404	0.2964
0.2996	0.404	0.2964
0.2996	0.404	0.2964
0.2996	0.404	0.2964
0.2996	0.404	0.2964
0.2996	0.404	0.2964
0.2996	0.404	0.2964
0.2996	0.404	0.2964
0.2996	0.404	0.2964
0.2996	0.404	0.2964
0.2996	0.404	0.2964
0.2996	0.404	0.2964
0.2996	0.404	0.2964
0.2996	0.404	0.2964
0.2996	0.404	0.2964
0.2996	0.404	0.2964
0.2996	0.404	0.2964
0.2996	0.404	0.2964
0.2996	0.404	0.2964
0.2996	0.404	0.2964
0.2996	0.404	0.2964
0.2996	0.404	0.2964
0.2996	0.404	0.2964
0.3	0.4036	0.2964
0.3	0.4036	0.2964
0.3	0.4036	0.2964
0.3	0.4036	0.2964
0.3	0.4036	0.2964
0.3	0.4036	0.2964
0.3	0.4036	0.2964
0.3	0.4036	0.2964
0.3	0.4036	0.2964
0.3	0.4036	0.2964
0.3	0.4036	0.2964
0.3	0.4036	0.2964
0.3	0.404	0.296
0.3	0.404	0.296
0.3	0.404	0.296
0.3	0.404	0.296
0.3	0.404	0.296
0.3	0.404	0.296
0.3	0.404	0.296
0.3	0.404	0.296
0.3	0.404	0.296
0.3	0.404	0.296
0.3	0.404	0.296
0.3	0.404	0.296
0.3	0.404	0.296
0.3	0.404	0.296
0.3	0.404	0.296
0.3	0.404	0.296
0.3	0.404	0.296
0.3	0.404	0.296
0.3	0.404	0.296
0.3	0.404	0.296
0.3	0.404	0.296
0.3	0.404	0.296
0.3	0.404	0.296
0.3	0.404	0.296
0.3	0.404	0.296
0.3	0.404	0.296
0.3	0.404	0.296
0.3	0.404	0.296
0.3	0.404	0.296
0.3	0.404	0.296
0.3	0.404	0.296
0.3	0.404	0.296
0.3	0.404	0.296
0.3	0.404	0.296
0.3	0.404	0.296
0.3	0.404	0.296
0.3	0.404	0.296
0.3	0.404	0.296
0.3	0.404	0.296
0.3	0.404	0.296
0.3	0.404	0.296
0.3	0.404	0.296
0.3	0.404	0.296
0.3	0.404	0.296
0.3	0.404	0.296
0.3	0.404	0.296
0.3	0.404	0.296
0.3	0.404	0.296
0.3	0.404	0.296
0.3	0.404	0.296
0.3	0.404	0.296
0.3	0.404	0.296
0.3	0.404	0.296
0.3	0.404	0.296
0.3	0.404	0.296
0.3	0.404	0.296
0.3	0.404	0.296
0.3	0.404	0.296
0.3	0.404	0.296
0.3	0.404	0.296
0.3	0.404	0.296
0.3	0.404	0.296
0.3	0.404	0.296
0.3	0.404	0.296
0.3	0.404	0.296
0.3	0.404	0.296
0.3	0.404	0.296
0.3	0.404	0.296
0.3	0.404	0.296
0.3	0.404	0.296
0.3	0.404	0.296
0.3	0.404	0.296
0.3	0.404	0.296
0.3	0.404	0.296
0.3	0.404	0.296
0.3	0.404	0.296
0.3	0.404	0.296
0.3	0.404	0.296
0.3	0.404	0.296
0.3	0.404	0.296
0.3	0.404	0.296
0.3	0.404	0.296
0.3	0.404	0.296
0.3	0.404	0.296
0.3	0.404	0.296
0.3	0.404	0.296
0.3	0.404	0.296
0.3	0.404	0.296
0.3	0.404	0.296
0.3	0.404	0.296
0.3	0.404	0.296
0.3	0.404	0.296
0.3	0.404	0.296
0.3	0.404	0.296
0.3	0.404	0.296
0.3	0.404	0.296
0.3	0.404	0.296
0.3	0.404	0.296
0.3	0.404	0.296
0.3	0.404	0.296
0.3	0.404	0.296
0.3	0.404	0.296
0.3	0.404	0.296
0.3	0.404	0.296
0.3	0.404	0.296
0.3	0.404	0.296
0.3	0.404	0.296
0.3	0.404	0.296
0.3	0.404	0.296
0.3	0.404	0.296
0.3	0.404	0.296
0.3	0.404	0.296
0.3	0.404	0.296
0.3	0.404	0.296
0.3	0.404	0.296
0.3	0.404	0.296
0.3	0.404	0.296
0.3	0.404	0.296
0.3	0.404	0.296
0.3	0.404	0.296
0.3	0.404	0.296
0.3	0.404	0.296
0.3	0.404	0.296
0.3	0.404	0.296
0.3	0.404	0.296
0.3	0.404	0.296
0.3	0.404	0.296
0.3	0.404	0.296
0.3	0.404	0.296
0.3	0.404	0.296
0.3	0.404	0.296
0.3	0.404	0.296
0.3	0.404	0.296
0.3	0.404	0.296
0.3	0.404	0.296
0.3	0.404	0.296
0.3	0.404	0.296
0.3	0.404	0.296
0.3	0.404	0.296
0.3	0.404	0.296
0.3	0.404	0.296
0.3	0.404	0.296
0.3	0.404	0.296
0.3	0.404	0.296
0.3	0.404	0.296
0.3	0.404	0.296
0.3	0.404	0.296
0.3	0.404	0.296
0.3	0.404	0.296
0.3	0.404	0.296
0.3	0.404	0.296
0.3	0.404	0.296
0.3	0.404	0.296
0.3	0.404	0.296
0.3	0.404	0.296
0.3	0.404	0.296
0.3	0.404	0.296
0.3	0.404	0.296
0.3	0.404	0.296
0.3	0.404	0.296
0.3	0.404	0.296
0.3	0.404	0.296
0.3	0.404	0.296
0.3	0.404	0.296
0.3	0.404	0.296
0.3	0.404	0.296
0.3	0.404	0.296
0.3	0.404	0.296
0.3	0.404	0.296
0.3	0.404	0.296
0.3	0.404	0.296
0.3	0.404	0.296
0.3	0.404	0.296
0.3	0.404	0.296
0.3	0.404	0.296
0.3	0.404	0.296
0.3	0.404	0.296
0.3	0.404	0.296
0.3	0.404	0.296
0.3	0.404	0.296
0.3	0.404	0.296
0.3	0.404	0.296
0.3	0.404	0.296
0.3	0.404	0.296
0.3	0.404	0.296
0.3	0.404	0.296
0.3	0.404	0.296
0.3	0.404	0.296
0.3	0.404	0.296
0.3	0.404	0.296
0.3	0.404	0.296
0.3	0.404	0.296
0.3	0.404	0.296
0.3	0.404	0.296
0.3	0.404	0.296
0.3	0.404	0.296
0.3	0.404	0.296
0.3	0.404	0.296
0.3	0.404	0.296
0.3	0.404	0.296
0.3	0.404	0.296
0.3	0.404	0.296
0.3	0.404	0.296
0.3	0.404	0.296
0.3	0.404	0.296
0.3	0.404	0.296
0.3	0.404	0.296
0.3	0.404	0.296
0.3	0.404	0.296
0.3	0.404	0.296
0.3	0.404	0.296
0.3	0.404	0.296
0.3	0.404	0.296
0.3	0.404	0.296
0.3	0.404	0.296
0.3	0.404	0.296
0.3	0.404	0.296
0.3	0.404	0.296
0.3	0.404	0.296
0.3	0.404	0.296
0.3	0.404	0.296
0.3	0.404	0.296
0.3	0.404	0.296
0.3	0.404	0.296
0.3	0.404	0.296
0.3	0.404	0.296
0.3	0.404	0.296
0.3	0.404	0.296
0.3	0.404	0.296
0.3	0.404	0.296
0.3	0.404	0.296
0.3	0.404	0.296
0.3	0.404	0.296
0.3	0.404	0.296
0.3	0.404	0.296
0.3	0.404	0.296
0.3	0.404	0.296
0.3	0.404	0.296
0.3	0.404	0.296
0.3	0.404	0.296
0.3	0.404	0.296
0.3	0.404	0.296
0.3	0.404	0.296
0.3	0.404	0.296
0.3	0.404	0.296
0.3	0.404	0.296
0.3	0.404	0.296
0.3	0.404	0.296
0.3	0.404	0.296
0.3	0.404	0.296
0.3	0.404	0.296
0.3	0.404	0.296
0.3	0.404	0.296
0.3	0.404	0.296
0.3	0.404	0.296
0.3	0.404	0.296
0.3	0.404	0.296
0.3	0.404	0.296
0.3	0.404	0.296
0.3	0.404	0.296
0.3	0.404	0.296
0.3	0.404	0.296
0.3	0.404	0.296
0.3	0.404	0.296
0.3	0.404	0.296
0.3	0.404	0.296
0.3	0.404	0.296
0.3	0.404	0.296
0.3	0.404	0.296
0.3	0.404	0.296
0.3	0.404	0.296
0.3	0.404	0.296
0.3	0.404	0.296
0.3	0.404	0.296
0.3	0.404	0.296
0.3	0.404	0.296
0.3	0.404	0.296
0.3	0.404	0.296
0.3	0.404	0.296
0.3	0.404	0.296
0.3	0.404	0.296
0.3	0.404	0.296
0.3	0.404	0.296
0.3	0.404	0.296
0.3	0.404	0.296
0.3	0.404	0.296
0.3	0.404	0.296
0.3	0.404	0.296
0.3	0.404	0.296
0.3	0.404	0.296
0.3	0.404	0.296
0.3	0.404	0.296
0.3	0.404	0.296
0.3	0.404	0.296
0.3	0.404	0.296
0.3	0.404	0.296
0.3	0.404	0.296
0.3	0.404	0.296
0.3	0.404	0.296
0.3	0.404	0.296
0.3	0.404	0.296
0.3	0.404	0.296
0.3	0.404	0.296
0.3	0.404	0.296
0.3	0.404	0.296
0.3	0.404	0.296
0.3	0.404	0.296
0.3	0.404	0.296
0.3	0.404	0.296
0.3	0.404	0.296
0.3	0.404	0.296
0.3	0.404	0.296
0.3	0.404	0.296
0.3	0.404	0.296
0.3	0.404	0.296
0.3	0.404	0.296
0.3	0.404	0.296
0.3	0.404	0.296
0.3	0.404	0.296
0.3	0.404	0.296
0.3	0.404	0.296
0.3	0.404	0.296
0.3	0.404	0.296
0.3	0.404	0.296
0.3	0.404	0.296
0.3	0.404	0.296
0.2996	0.4044	0.296
0.2996	0.4044	0.296
0.2996	0.4044	0.296
0.2996	0.4044	0.296
0.2996	0.4044	0.296
0.2996	0.4044	0.296
0.2996	0.4044	0.296
0.2996	0.4044	0.296
0.2996	0.4044	0.296
0.2996	0.4044	0.296
0.2996	0.4044	0.296
0.2996	0.4044	0.296
0.2996	0.4044	0.296
0.2996	0.4044	0.296
0.2996	0.4044	0.296
0.2996	0.4044	0.296
0.2992	0.4048	0.296
0.2992	0.4048	0.296
0.2992	0.4048	0.296
0.2992	0.4048	0.296
0.2992	0.4048	0.296
0.2992	0.4048	0.296
0.2992	0.4048	0.296
0.2992	0.4048	0.296
0.2992	0.4048	0.296
0.2992	0.4048	0.296
0.2992	0.4048	0.296
0.2992	0.4048	0.296
0.2992	0.4048	0.296
0.2992	0.4048	0.296
0.2992	0.4044	0.2964
0.2992	0.4044	0.2964
0.2992	0.4044	0.2964
0.2992	0.4044	0.2964
0.2992	0.4044	0.2964
0.2992	0.4044	0.2964
0.2992	0.4044	0.2964
0.2992	0.4044	0.2964
0.2992	0.4044	0.2964
0.2992	0.404	0.2968
0.2992	0.404	0.2968
0.2992	0.404	0.2968
0.2992	0.404	0.2968
0.2992	0.4036	0.2972
0.2992	0.4036	0.2972
0.2992	0.4036	0.2972
0.2992	0.4036	0.2972
0.2992	0.4036	0.2972
0.2992	0.4036	0.2972
0.2992	0.4036	0.2972
0.2992	0.4036	0.2972
0.2992	0.4036	0.2972
0.2992	0.4036	0.2972
0.2992	0.4036	0.2972
0.2992	0.4036	0.2972
0.2992	0.4036	0.2972
0.2992	0.4036	0.2972
0.2992	0.4036	0.2972
0.2992	0.4036	0.2972
0.2992	0.4036	0.2972
0.2992	0.4036	0.2972
0.2992	0.4036	0.2972
0.2992	0.4036	0.2972
0.2992	0.4036	0.2972
0.2992	0.4036	0.2972
0.2992	0.4036	0.2972
0.2992	0.4036	0.2972
0.2992	0.4036	0.2972
0.2992	0.4036	0.2972
0.2992	0.4036	0.2972
0.2992	0.4036	0.2972
0.2992	0.4036	0.2972
0.2992	0.4036	0.2972
0.2992	0.4032	0.2976
0.2992	0.4032	0.2976
0.2992	0.4032	0.2976
0.2992	0.4032	0.2976
0.2992	0.4032	0.2976
0.2992	0.4032	0.2976
0.2992	0.4032	0.2976
0.2992	0.4032	0.2976
0.2992	0.4032	0.2976
0.2992	0.4032	0.2976
0.2992	0.4032	0.2976
0.2992	0.4032	0.2976
0.2992	0.4032	0.2976
0.2992	0.4032	0.2976
0.2992	0.4032	0.2976
0.2992	0.4032	0.2976
0.2992	0.4032	0.2976
0.2992	0.4032	0.2976
0.2992	0.4032	0.2976
0.2992	0.4032	0.2976
0.2992	0.4032	0.2976
0.2992	0.4032	0.2976
0.2992	0.4032	0.2976
0.2992	0.4032	0.2976
0.2992	0.4032	0.2976
0.2992	0.4032	0.2976
0.2992	0.4032	0.2976
0.2992	0.4032	0.2976
0.2992	0.4032	0.2976
0.2992	0.4032	0.2976
0.2992	0.4032	0.2976
0.2992	0.4032	0.2976
0.2992	0.4032	0.2976
0.2992	0.4032	0.2976
0.2988	0.4036	0.2976
0.2988	0.4036	0.2976
0.2988	0.4036	0.2976
0.2988	0.4036	0.2976
0.2988	0.4036	0.2976
0.2988	0.4036	0.2976
0.2988	0.4036	0.2976
0.2988	0.4036	0.2976
0.2988	0.4036	0.2976
0.2988	0.4036	0.2976
0.2988	0.4036	0.2976
0.2988	0.4036	0.2976
0.2988	0.4036	0.2976
0.2988	0.4036	0.2976
0.2988	0.4036	0.2976
0.2988	0.4036	0.2976
0.2988	0.4036	0.2976
0.2988	0.4036	0.2976
0.2988	0.4036	0.2976
0.2988	0.4036	0.2976
0.2988	0.4036	0.2976
0.2988	0.4036	0.2976
0.2988	0.4036	0.2976
0.2988	0.4036	0.2976
0.2988	0.4036	0.2976
0.2988	0.4036	0.2976
0.2988	0.4036	0.2976
0.2988	0.4036	0.2976
0.2988	0.4036	0.2976
0.2988	0.4036	0.2976
0.2988	0.4036	0.2976
0.2988	0.4036	0.2976
0.2988	0.4036	0.2976
0.2988	0.4036	0.2976
0.2988	0.4036	0.2976
0.2988	0.4036	0.2976
0.2988	0.4036	0.2976
0.2988	0.4032	0.298
0.2988	0.4032	0.298
0.2988	0.4032	0.298
0.2988	0.4032	0.298
0.2988	0.4032	0.298
0.2988	0.4032	0.298
0.2988	0.4032	0.298
0.2988	0.4032	0.298
0.2988	0.4032	0.298
0.2988	0.4032	0.298
0.2988	0.4032	0.298
0.2988	0.4032	0.298
0.2988	0.4032	0.298
0.2988	0.4032	0.298
0.2988	0.4032	0.298
0.2988	0.4032	0.298
0.2988	0.4032	0.298
0.2988	0.4032	0.298
0.2988	0.4032	0.298
0.2988	0.4032	0.298
0.2988	0.4032	0.298
0.2988	0.4032	0.298
0.2988	0.4032	0.298
0.2988	0.4032	0.298
0.2984	0.4036	0.298
0.2984	0.4036	0.298
0.2984	0.4036	0.298
0.2984	0.4036	0.298
0.2984	0.4036	0.298
0.2984	0.4036	0.298
0.2984	0.4036	0.298
0.2984	0.4036	0.298
0.2984	0.4036	0.298
0.2984	0.4036	0.298
0.2984	0.4036	0.298
0.2984	0.4036	0.298
0.2984	0.4036	0.298
0.2984	0.4036	0.298
0.2984	0.4036	0.298
0.2984	0.4036	0.298
0.2984	0.4036	0.298
0.2984	0.4036	0.298
0.2984	0.4036	0.298
0.2984	0.4036	0.298
0.2984	0.4036	0.298
0.2984	0.4036	0.298
0.298	0.404	0.298
0.298	0.404	0.298
0.298	0.404	0.298
0.298	0.4036	0.2984
0.298	0.4036	0.2984
0.298	0.4036	0.2984
0.298	0.4036	0.2984
0.298	0.4036	0.2984
0.298	0.4036	0.2984
0.298	0.4036	0.2984
0.298	0.4036	0.2984
0.298	0.4036	0.2984
0.298	0.4036	0.2984
0.298	0.4036	0.2984
0.298	0.4036	0.2984
0.298	0.4036	0.2984
0.298	0.4036	0.2984
0.298	0.4036	0.2984
0.298	0.4036	0.2984
0.298	0.4036	0.2984
0.298	0.4036	0.2984
0.298	0.4036	0.2984
0.298	0.4036	0.2984
0.298	0.4036	0.2984
0.298	0.4036	0.2984
0.298	0.4036	0.2984
0.298	0.4036	0.2984
0.298	0.4036	0.2984
0.298	0.4036	0.2984
0.298	0.4036	0.2984
0.298	0.4036	0.2984
0.298	0.4036	0.2984
0.298	0.4036	0.2984
0.298	0.4036	0.2984
0.298	0.4036	0.2984
0.298	0.4036	0.2984
0.298	0.4036	0.2984
0.298	0.4036	0.2984
0.298	0.4036	0.2984
0.298	0.4036	0.2984
0.298	0.4036	0.2984
0.298	0.4036	0.2984
0.298	0.4036	0.2984
0.298	0.4036	0.2984
0.298	0.4036	0.2984
0.298	0.4036	0.2984
0.298	0.4036	0.2984
0.298	0.4036	0.2984
0.298	0.4036	0.2984
0.298	0.4036	0.2984
0.298	0.4036	0.2984
0.298	0.4036	0.2984
0.298	0.4036	0.2984
0.298	0.4036	0.2984
0.298	0.4036	0.2984
0.298	0.4036	0.2984
0.298	0.4036	0.2984
0.298	0.4036	0.2984
0.298	0.4036	0.2984
0.298	0.4036	0.2984
0.298	0.4036	0.2984
0.298	0.4036	0.2984
0.298	0.4036	0.2984
0.298	0.4036	0.2984
0.298	0.4036	0.2984
0.298	0.4036	0.2984
0.298	0.4036	0.2984
0.298	0.4036	0.2984
0.298	0.4036	0.2984
0.298	0.4036	0.2984
0.298	0.4036	0.2984
0.298	0.4036	0.2984
0.298	0.4036	0.2984
0.298	0.4036	0.2984
0.298	0.4036	0.2984
0.298	0.4036	0.2984
0.298	0.4036	0.2984
0.298	0.4036	0.2984
0.298	0.4036	0.2984
0.298	0.4036	0.2984
0.298	0.4036	0.2984
0.298	0.4036	0.2984
0.298	0.4036	0.2984
0.298	0.4032	0.2988
0.298	0.4032	0.2988
0.298	0.4032	0.2988
0.298	0.4032	0.2988
0.298	0.4032	0.2988
0.298	0.4032	0.2988
0.298	0.4032	0.2988
0.298	0.4032	0.2988
0.298	0.4032	0.2988
0.298	0.4032	0.2988
0.298	0.4032	0.2988
0.298	0.4032	0.2988
0.298	0.4032	0.2988
0.298	0.4032	0.2988
0.298	0.4032	0.2988
0.298	0.4032	0.2988
0.298	0.4032	0.2988
0.298	0.4032	0.2988
0.298	0.4032	0.2988
0.298	0.4032	0.2988
0.298	0.4032	0.2988
0.298	0.4032	0.2988
0.298	0.4032	0.2988
0.298	0.4032	0.2988
0.298	0.4032	0.2988
0.298	0.4032	0.2988
0.298	0.4032	0.2988
0.298	0.4032	0.2988
0.298	0.4032	0.2988
0.2976	0.4036	0.2988
0.2976	0.4036	0.2988
0.2976	0.4036	0.2988
0.2976	0.4036	0.2988
0.2976	0.4036	0.2988
0.2976	0.4036	0.2988
0.2976	0.4036	0.2988
0.2976	0.4032	0.2992
0.2976	0.4032	0.2992
0.2976	0.4032	0.2992
0.2976	0.4032	0.2992
0.2976	0.4032	0.2992
0.2976	0.4032	0.2992
0.2976	0.4032	0.2992
0.2976	0.4032	0.2992
0.2976	0.4032	0.2992
0.2976	0.4032	0.2992
0.2976	0.4032	0.2992
0.2976	0.4032	0.2992
0.2976	0.4032	0.2992
0.2976	0.4032	0.2992
0.2976	0.4032	0.2992
0.2976	0.4032	0.2992
0.2976	0.4032	0.2992
0.2976	0.4032	0.2992
0.2976	0.4032	0.2992
0.2976	0.4032	0.2992
0.2976	0.4032	0.2992
0.2976	0.4032	0.2992
0.2976	0.4032	0.2992
0.2976	0.4032	0.2992
0.2976	0.4032	0.2992
0.2976	0.4032	0.2992
0.2976	0.4032	0.2992
0.2976	0.4032	0.2992
0.2976	0.4032	0.2992
0.2976	0.4032	0.2992
0.2976	0.4032	0.2992
0.2976	0.4032	0.2992
0.2976	0.4032	0.2992
0.2976	0.4032	0.2992
0.2976	0.4032	0.2992
0.2976	0.4032	0.2992
0.2976	0.4032	0.2992
0.2976	0.4032	0.2992
0.2976	0.4032	0.2992
0.2976	0.4032	0.2992
0.2976	0.4032	0.2992
0.2976	0.4032	0.2992
0.2976	0.4032	0.2992
0.2976	0.4032	0.2992
0.2976	0.4032	0.2992
0.2976	0.4032	0.2992
0.2976	0.4032	0.2992
0.2976	0.4032	0.2992
0.2976	0.4032	0.2992
0.2976	0.4032	0.2992
0.2976	0.4032	0.2992
0.2976	0.4032	0.2992
0.2976	0.4032	0.2992
0.2976	0.4032	0.2992
0.2976	0.4032	0.2992
0.2976	0.4028	0.2996
0.2976	0.4028	0.2996
0.2976	0.4028	0.2996
0.2976	0.4028	0.2996
0.2976	0.4028	0.2996
0.2976	0.4028	0.2996
0.2976	0.4028	0.2996
0.2976	0.4028	0.2996
0.2976	0.4028	0.2996
0.2976	0.4028	0.2996
0.2976	0.4028	0.2996
0.2976	0.4028	0.2996
0.2976	0.4028	0.2996
0.2976	0.4028	0.2996
0.2976	0.4028	0.2996
0.2976	0.4028	0.2996
0.2976	0.4028	0.2996
0.2976	0.4028	0.2996
0.2976	0.4028	0.2996
0.2976	0.4028	0.2996
0.2976	0.4028	0.2996
0.2976	0.4028	0.2996
0.2976	0.4028	0.2996
0.2976	0.4028	0.2996
0.2976	0.4028	0.2996
0.2976	0.4028	0.2996
0.2976	0.4028	0.2996
0.2976	0.4028	0.2996
0.2976	0.4028	0.2996
0.2976	0.4028	0.2996
0.2976	0.4028	0.2996
0.2976	0.4028	0.2996
0.2976	0.4028	0.2996
0.2976	0.4028	0.2996
0.2976	0.4028	0.2996
0.2976	0.4028	0.2996
0.2976	0.4028	0.2996
0.2976	0.4028	0.2996
0.2976	0.4028	0.2996
0.2976	0.4028	0.2996
0.2976	0.4028	0.2996
0.2976	0.4028	0.2996
0.2976	0.4028	0.2996
0.2976	0.4028	0.2996
0.2976	0.4028	0.2996
0.2976	0.4028	0.2996
0.2976	0.4028	0.2996
0.2976	0.4028	0.2996
0.2976	0.4028	0.2996
0.2972	0.4032	0.2996
0.2972	0.4032	0.2996
0.2972	0.4032	0.2996
0.2972	0.4032	0.2996
0.2972	0.4032	0.2996
0.2972	0.4032	0.2996
0.2972	0.4032	0.2996
0.2972	0.4032	0.2996
0.2972	0.4032	0.2996
0.2972	0.4032	0.2996
0.2972	0.4032	0.2996
0.2972	0.4032	0.2996
0.2972	0.4032	0.2996
0.2972	0.4032	0.2996
0.2972	0.4032	0.2996
0.2972	0.4032	0.2996
0.2972	0.4032	0.2996
0.2972	0.4032	0.2996
0.2972	0.4032	0.2996
0.2972	0.4032	0.2996
0.2972	0.4028	0.3
0.2972	0.4028	0.3
0.2972	0.4028	0.3
0.2972	0.4028	0.3
0.2972	0.4024	0.3004
0.2972	0.4024	0.3004
0.2972	0.4024	0.3004
0.2972	0.4024	0.3004
0.2972	0.4024	0.3004
0.2972	0.4024	0.3004
0.2972	0.4024	0.3004
0.2972	0.4024	0.3004
0.2972	0.4024	0.3004
0.2972	0.4024	0.3004
0.2972	0.402	0.3008
0.2972	0.402	0.3008
0.2972	0.402	0.3008
0.2972	0.402	0.3008
0.2972	0.402	0.3008
0.2972	0.402	0.3008
0.2972	0.402	0.3008
0.2972	0.402	0.3008
0.2972	0.402	0.3008
0.2972	0.402	0.3008
0.2972	0.402	0.3008
0.2972	0.402	0.3008
0.2972	0.402	0.3008
0.2972	0.402	0.3008
0.2972	0.402	0.3008
0.2972	0.402	0.3008
0.2972	0.402	0.3008
0.2972	0.402	0.3008
0.2972	0.402	0.3008
0.2972	0.402	0.3008
0.2972	0.402	0.3008
0.2972	0.402	0.3008
0.2972	0.402	0.3008
0.2972	0.402	0.3008
0.2972	0.402	0.3008
0.2972	0.402	0.3008
0.2972	0.402	0.3008
0.2972	0.402	0.3008
0.2972	0.402	0.3008
0.2972	0.402	0.3008
0.2972	0.402	0.3008
0.2972	0.402	0.3008
0.2972	0.402	0.3008
0.2972	0.402	0.3008
0.2972	0.402	0.3008
0.2972	0.402	0.3008
0.2972	0.402	0.3008
0.2972	0.402	0.3008
0.2972	0.402	0.3008
0.2972	0.402	0.3008
0.2972	0.402	0.3008
0.2972	0.402	0.3008
0.2972	0.402	0.3008
0.2972	0.402	0.3008
0.2972	0.402	0.3008
0.2972	0.402	0.3008
0.2972	0.402	0.3008
0.2972	0.402	0.3008
0.2972	0.402	0.3008
0.2972	0.402	0.3008
0.2972	0.402	0.3008
0.2972	0.402	0.3008
0.2972	0.402	0.3008
0.2972	0.402	0.3008
0.2972	0.402	0.3008
0.2972	0.402	0.3008
0.2972	0.402	0.3008
0.2972	0.402	0.3008
0.2972	0.402	0.3008
0.2972	0.402	0.3008
0.2972	0.402	0.3008
0.2972	0.402	0.3008
0.2972	0.402	0.3008
0.2972	0.402	0.3008
0.2972	0.402	0.3008
0.2972	0.402	0.3008
0.2972	0.402	0.3008
0.2972	0.402	0.3008
0.2972	0.402	0.3008
0.2972	0.402	0.3008
0.2972	0.402	0.3008
0.2972	0.402	0.3008
0.2972	0.402	0.3008
0.2972	0.402	0.3008
0.2972	0.402	0.3008
0.2972	0.402	0.3008
0.2972	0.402	0.3008
0.2972	0.402	0.3008
0.2972	0.402	0.3008
0.2972	0.402	0.3008
0.2972	0.402	0.3008
0.2972	0.402	0.3008
0.2972	0.402	0.3008
0.2972	0.402	0.3008
0.2972	0.402	0.3008
0.2972	0.402	0.3008
0.2972	0.402	0.3008
0.2972	0.402	0.3008
0.2972	0.402	0.3008
0.2972	0.402	0.3008
0.2972	0.402	0.3008
0.2972	0.402	0.3008
0.2972	0.402	0.3008
0.2972	0.402	0.3008
0.2972	0.402	0.3008
0.2972	0.402	0.3008
0.2972	0.402	0.3008
0.2972	0.402	0.3008
0.2972	0.402	0.3008
0.2972	0.402	0.3008
0.2972	0.402	0.3008
0.2972	0.402	0.3008
0.2972	0.402	0.3008
0.2972	0.402	0.3008
0.2972	0.402	0.3008
0.2972	0.402	0.3008
0.2972	0.402	0.3008
0.2972	0.402	0.3008
0.2972	0.402	0.3008
0.2972	0.402	0.3008
0.2972	0.402	0.3008
0.2972	0.402	0.3008
0.2972	0.402	0.3008
0.2972	0.402	0.3008
0.2972	0.402	0.3008
0.2972	0.402	0.3008
0.2972	0.402	0.3008
0.2972	0.402	0.3008
0.2972	0.402	0.3008
0.2972	0.402	0.3008
0.2972	0.402	0.3008
0.2972	0.402	0.3008
0.2972	0.402	0.3008
0.2972	0.402	0.3008
0.2972	0.402	0.3008
0.2972	0.402	0.3008
0.2972	0.402	0.3008
0.2972	0.402	0.3008
0.2972	0.402	0.3008
0.2972	0.402	0.3008
0.2972	0.402	0.3008
0.2972	0.402	0.3008
0.2972	0.402	0.3008
0.2972	0.402	0.3008
0.2972	0.402	0.3008
0.2972	0.402	0.3008
0.2972	0.402	0.3008
0.2972	0.402	0.3008
0.2972	0.402	0.3008
0.2972	0.402	0.3008
0.2972	0.402	0.3008
0.2972	0.402	0.3008
0.2972	0.402	0.3008
0.2972	0.402	0.3008
0.2972	0.402	0.3008
0.2972	0.402	0.3008
0.2972	0.402	0.3008
0.2972	0.402	0.3008
0.2972	0.402	0.3008
0.2972	0.402	0.3008
0.2972	0.402	0.3008
0.2972	0.402	0.3008
0.2972	0.402	0.3008
0.2972	0.402	0.3008
0.2972	0.402	0.3008
0.2972	0.402	0.3008
0.2972	0.402	0.3008
0.2972	0.402	0.3008
0.2972	0.402	0.3008
0.2972	0.402	0.3008
0.2972	0.402	0.3008
0.2972	0.402	0.3008
0.2972	0.402	0.3008
0.2972	0.402	0.3008
0.2972	0.402	0.3008
0.2972	0.402	0.3008
0.2972	0.402	0.3008
0.2972	0.402	0.3008
0.2972	0.402	0.3008
0.2972	0.402	0.3008
0.2972	0.402	0.3008
0.2972	0.402	0.3008
0.2972	0.402	0.3008
0.2972	0.402	0.3008
0.2972	0.402	0.3008
0.2972	0.402	0.3008
0.2972	0.402	0.3008
0.2972	0.402	0.3008
0.2972	0.402	0.3008
0.2972	0.402	0.3008
0.2972	0.402	0.3008
0.2972	0.402	0.3008
0.2972	0.402	0.3008
0.2972	0.402	0.3008
0.2972	0.402	0.3008
0.2972	0.402	0.3008
0.2972	0.402	0.3008
0.2972	0.402	0.3008
0.2972	0.402	0.3008
0.2972	0.402	0.3008
0.2972	0.402	0.3008
0.2972	0.402	0.3008
0.2972	0.402	0.3008
0.2972	0.402	0.3008
0.2972	0.402	0.3008
0.2972	0.402	0.3008
0.2972	0.402	0.3008
0.2972	0.402	0.3008
0.2972	0.402	0.3008
0.2972	0.402	0.3008
0.2972	0.402	0.3008
0.2972	0.402	0.3008
0.2972	0.402	0.3008
0.2972	0.402	0.3008
0.2972	0.402	0.3008
0.2972	0.402	0.3008
0.2972	0.402	0.3008
0.2972	0.402	0.3008
0.2972	0.402	0.3008
0.2972	0.402	0.3008
0.2972	0.402	0.3008
0.2972	0.402	0.3008
0.2972	0.402	0.3008
0.2972	0.402	0.3008
0.2972	0.402	0.3008
0.2972	0.402	0.3008
0.2972	0.402	0.3008
0.2972	0.402	0.3008
0.2972	0.402	0.3008
0.2972	0.402	0.3008
0.2972	0.402	0.3008
0.2972	0.402	0.3008
0.2972	0.402	0.3008
0.2972	0.402	0.3008
0.2972	0.402	0.3008
0.2972	0.402	0.3008
0.2972	0.402	0.3008
0.2972	0.402	0.3008
0.2972	0.402	0.3008
0.2972	0.402	0.3008
0.2972	0.402	0.3008
0.2972	0.402	0.3008
0.2972	0.402	0.3008
0.2972	0.402	0.3008
0.2972	0.402	0.3008
0.2972	0.402	0.3008
0.2972	0.402	0.3008
0.2972	0.402	0.3008
0.2972	0.402	0.3008
0.2972	0.402	0.3008
0.2972	0.402	0.3008
0.2972	0.402	0.3008
0.2972	0.402	0.3008
0.2972	0.402	0.3008
0.2972	0.402	0.3008
0.2972	0.402	0.3008
0.2972	0.402	0.3008
0.2972	0.402	0.3008
0.2972	0.402	0.3008
0.2972	0.402	0.3008
0.2972	0.402	0.3008
0.2972	0.402	0.3008
0.2972	0.402	0.3008
0.2972	0.402	0.3008
0.2972	0.402	0.3008
0.2972	0.402	0.3008
0.2972	0.402	0.3008
0.2972	0.402	0.3008
0.2972	0.402	0.3008
0.2972	0.402	0.3008
0.2972	0.402	0.3008
0.2972	0.402	0.3008
0.2972	0.402	0.3008
0.2972	0.402	0.3008
0.2972	0.402	0.3008
0.2972	0.402	0.3008
0.2972	0.402	0.3008
0.2972	0.402	0.3008
0.2972	0.402	0.3008
0.2972	0.402	0.3008
0.2972	0.402	0.3008
0.2972	0.402	0.3008
0.2972	0.402	0.3008
0.2972	0.402	0.3008
0.2972	0.402	0.3008
0.2972	0.402	0.3008
0.2972	0.402	0.3008
0.2972	0.402	0.3008
0.2972	0.402	0.3008
0.2972	0.402	0.3008
0.2972	0.402	0.3008
0.2972	0.402	0.3008
0.2972	0.402	0.3008
0.2972	0.402	0.3008
0.2972	0.402	0.3008
0.2972	0.402	0.3008
0.2972	0.402	0.3008
0.2972	0.402	0.3008
0.2972	0.402	0.3008
0.2972	0.402	0.3008
0.2972	0.402	0.3008
0.2972	0.402	0.3008
0.2972	0.402	0.3008
0.2972	0.402	0.3008
0.2972	0.402	0.3008
0.2972	0.402	0.3008
0.2972	0.402	0.3008
0.2972	0.402	0.3008
0.2972	0.402	0.3008
0.2972	0.402	0.3008
0.2972	0.402	0.3008
0.2972	0.402	0.3008
0.2972	0.402	0.3008
0.2972	0.402	0.3008
0.2972	0.402	0.3008
0.2972	0.402	0.3008
0.2972	0.402	0.3008
0.2972	0.402	0.3008
0.2972	0.402	0.3008
0.2972	0.402	0.3008
0.2972	0.402	0.3008
0.2972	0.402	0.3008
0.2972	0.402	0.3008
0.2972	0.402	0.3008
0.2972	0.402	0.3008
0.2972	0.402	0.3008
0.2972	0.402	0.3008
0.2972	0.402	0.3008
0.2972	0.402	0.3008
0.2972	0.402	0.3008
0.2972	0.402	0.3008
0.2972	0.402	0.3008
0.2972	0.402	0.3008
0.2972	0.402	0.3008
0.2972	0.402	0.3008
0.2976	0.4016	0.3008
0.298	0.4012	0.3008
0.298	0.4012	0.3008
0.298	0.4012	0.3008
0.298	0.4012	0.3008
0.298	0.4012	0.3008
0.298	0.4012	0.3008
0.298	0.4012	0.3008
0.298	0.4012	0.3008
0.298	0.4012	0.3008
0.298	0.4012	0.3008
0.298	0.4012	0.3008
0.298	0.4012	0.3008
0.298	0.4012	0.3008
0.2984	0.4008	0.3008
0.2984	0.4008	0.3008
0.2984	0.4008	0.3008
0.2984	0.4008	0.3008
0.2984	0.4008	0.3008
0.2984	0.4008	0.3008
0.2984	0.4008	0.3008
0.2984	0.4008	0.3008
0.2984	0.4012	0.3004
0.2984	0.4012	0.3004
0.2984	0.4012	0.3004
0.2984	0.4012	0.3004
0.2984	0.4012	0.3004
0.2984	0.4012	0.3004
0.2988	0.4008	0.3004
0.2988	0.4008	0.3004
0.2988	0.4008	0.3004
0.2988	0.4008	0.3004
0.2988	0.4008	0.3004
0.2988	0.4008	0.3004
0.2988	0.4008	0.3004
0.2988	0.4008	0.3004
0.2988	0.4008	0.3004
0.2988	0.4008	0.3004
0.2988	0.4008	0.3004
0.2988	0.4008	0.3004
0.2988	0.4008	0.3004
0.2988	0.4008	0.3004
0.2988	0.4008	0.3004
0.2988	0.4008	0.3004
0.2988	0.4008	0.3004
0.2988	0.4008	0.3004
0.2988	0.4008	0.3004
0.2988	0.4008	0.3004
0.2988	0.4008	0.3004
0.2988	0.4008	0.3004
0.2988	0.4008	0.3004
0.2988	0.4008	0.3004
0.2988	0.4008	0.3004
0.2988	0.4008	0.3004
0.2988	0.4008	0.3004
0.2988	0.4008	0.3004
0.2988	0.4008	0.3004
0.2988	0.4008	0.3004
0.2988	0.4008	0.3004
0.2988	0.4008	0.3004
0.2988	0.4008	0.3004
0.2988	0.4008	0.3004
0.2988	0.4008	0.3004
0.2988	0.4008	0.3004
0.2988	0.4008	0.3004
0.2988	0.4008	0.3004
0.2988	0.4008	0.3004
0.2988	0.4008	0.3004
0.2988	0.4008	0.3004
0.2988	0.4008	0.3004
0.2988	0.4008	0.3004
0.2988	0.4008	0.3004
0.2988	0.4008	0.3004
0.2988	0.4008	0.3004
0.2988	0.4008	0.3004
0.2988	0.4008	0.3004
0.2988	0.4008	0.3004
0.2988	0.4008	0.3004
0.2988	0.4008	0.3004
0.2988	0.4008	0.3004
0.2988	0.4008	0.3004
0.2988	0.4008	0.3004
0.2988	0.4008	0.3004
0.2988	0.4008	0.3004
0.2988	0.4008	0.3004
0.2988	0.4008	0.3004
0.2988	0.4008	0.3004
0.2988	0.4008	0.3004
0.2988	0.4008	0.3004
0.2988	0.4008	0.3004
0.2988	0.4008	0.3004
0.2988	0.4008	0.3004
0.2988	0.4008	0.3004
0.2988	0.4008	0.3004
0.2988	0.4008	0.3004
0.2988	0.4008	0.3004
0.2988	0.4008	0.3004
0.2988	0.4008	0.3004
0.2988	0.4008	0.3004
0.2992	0.4004	0.3004
0.2992	0.4004	0.3004
0.2992	0.4004	0.3004
0.2992	0.4004	0.3004
0.2992	0.4004	0.3004
0.2992	0.4004	0.3004
0.2992	0.4004	0.3004
0.2992	0.4004	0.3004
0.2992	0.4004	0.3004
0.2992	0.4004	0.3004
0.2992	0.4004	0.3004
0.2992	0.4004	0.3004
0.2992	0.4004	0.3004
0.2992	0.4004	0.3004
0.2992	0.4004	0.3004
0.2992	0.4004	0.3004
0.2992	0.4004	0.3004
0.2992	0.4004	0.3004
0.2992	0.4004	0.3004
0.2992	0.4004	0.3004
0.2992	0.4004	0.3004
0.2992	0.4004	0.3004
0.2992	0.4004	0.3004
0.2992	0.4004	0.3004
0.2992	0.4004	0.3004
0.2992	0.4004	0.3004
0.2992	0.4004	0.3004
0.2992	0.4004	0.3004
0.2992	0.4004	0.3004
0.2992	0.4004	0.3004
0.2992	0.4004	0.3004
0.2992	0.4004	0.3004
0.2992	0.4004	0.3004
0.2992	0.4004	0.3004
0.2992	0.4004	0.3004
0.2992	0.4004	0.3004
0.2992	0.4004	0.3004
0.2992	0.4004	0.3004
0.2992	0.4004	0.3004
0.2992	0.4004	0.3004
0.2992	0.4004	0.3004
0.2992	0.4004	0.3004
0.2992	0.4004	0.3004
0.2992	0.4004	0.3004
0.2992	0.4004	0.3004
0.2992	0.4004	0.3004
0.2992	0.4004	0.3004
0.2992	0.4004	0.3004
0.2992	0.4004	0.3004
0.2992	0.4004	0.3004
0.2992	0.4004	0.3004
0.2992	0.4004	0.3004
0.2992	0.4004	0.3004
0.2992	0.4004	0.3004
0.2992	0.4004	0.3004
0.2992	0.4004	0.3004
0.2992	0.4004	0.3004
0.2992	0.4004	0.3004
0.2992	0.4004	0.3004
0.2992	0.4004	0.3004
0.2992	0.4004	0.3004
0.2992	0.4004	0.3004
0.2992	0.4008	0.3
0.2992	0.4008	0.3
0.2996	0.4004	0.3
0.2996	0.4004	0.3
0.2996	0.4004	0.3
0.3	0.4	0.3
0.3004	0.3996	0.3
0.3004	0.3996	0.3
0.3004	0.4	0.2996
0.3004	0.4	0.2996
0.3004	0.4	0.2996
0.3004	0.4	0.2996
0.3004	0.4	0.2996
0.3004	0.4	0.2996
0.3004	0.4	0.2996
0.3004	0.4	0.2996
0.3008	0.3996	0.2996
0.3008	0.3996	0.2996
0.3008	0.3996	0.2996
0.3008	0.3996	0.2996
0.3008	0.3996	0.2996
0.3008	0.3996	0.2996
0.3008	0.3996	0.2996
0.3008	0.3996	0.2996
0.3008	0.3996	0.2996
0.3008	0.3996	0.2996
0.3008	0.3996	0.2996
0.3008	0.4	0.2992
0.3008	0.4	0.2992
0.3008	0.4	0.2992
0.3008	0.4	0.2992
0.3008	0.4	0.2992
0.3008	0.4	0.2992
0.3008	0.4	0.2992
0.3008	0.4	0.2992
0.3008	0.4	0.2992
0.3008	0.4	0.2992
0.3008	0.4	0.2992
0.3008	0.4	0.2992
0.3008	0.4	0.2992
0.3012	0.3996	0.2992
0.3012	0.3996	0.2992
0.3012	0.3996	0.2992
0.3012	0.3996	0.2992
0.3012	0.3996	0.2992
0.3012	0.3996	0.2992
0.3012	0.3996	0.2992
0.3012	0.3996	0.2992
0.3012	0.3996	0.2992
0.3012	0.3996	0.2992
0.3012	0.3996	0.2992
0.3012	0.3996	0.2992
0.3012	0.3996	0.2992
0.3012	0.3996	0.2992
0.3016	0.3992	0.2992
0.3016	0.3992	0.2992
0.3016	0.3992	0.2992
0.3016	0.3992	0.2992
0.3016	0.3992	0.2992
0.302	0.3988	0.2992
0.302	0.3992	0.2988
0.302	0.3992	0.2988
0.302	0.3992	0.2988
0.302	0.3992	0.2988
0.302	0.3992	0.2988
0.302	0.3992	0.2988
0.302	0.3992	0.2988
0.302	0.3992	0.2988
0.302	0.3992	0.2988
0.302	0.3992	0.2988
0.302	0.3992	0.2988
0.302	0.3992	0.2988
0.302	0.3992	0.2988
0.302	0.3992	0.2988
0.302	0.3992	0.2988
0.302	0.3992	0.2988
0.302	0.3992	0.2988
0.302	0.3992	0.2988
0.302	0.3992	0.2988
0.302	0.3992	0.2988
0.302	0.3992	0.2988
0.3024	0.3988	0.2988
0.3024	0.3988	0.2988
0.3024	0.3988	0.2988
0.3024	0.3988	0.2988
0.3024	0.3988	0.2988
0.3024	0.3988	0.2988
0.3024	0.3988	0.2988
0.3024	0.3988	0.2988
0.3028	0.3984	0.2988
0.3028	0.3984	0.2988
0.3028	0.3984	0.2988
0.3028	0.3984	0.2988
0.3028	0.3984	0.2988
0.3028	0.3984	0.2988
0.3028	0.3984	0.2988
0.3028	0.3984	0.2988
0.3028	0.3984	0.2988
0.3028	0.3984	0.2988
0.3028	0.3984	0.2988
0.3028	0.3984	0.2988
0.3028	0.3984	0.2988
0.3028	0.3984	0.2988
0.3028	0.3984	0.2988
0.3028	0.3984	0.2988
0.3028	0.3984	0.2988
0.3028	0.3984	0.2988
0.3028	0.3984	0.2988
0.3028	0.3984	0.2988
0.3028	0.3984	0.2988
0.3028	0.3988	0.2984
0.3028	0.3988	0.2984
0.3028	0.3988	0.2984
0.3028	0.3988	0.2984
0.3028	0.3988	0.2984
0.3032	0.3984	0.2984
0.3032	0.3984	0.2984
0.3032	0.3984	0.2984
0.3032	0.3984	0.2984
0.3032	0.3984	0.2984
0.3032	0.3984	0.2984
0.3032	0.3984	0.2984
0.3032	0.3984	0.2984
0.3032	0.3984	0.2984
0.3032	0.3984	0.2984
0.3032	0.3984	0.2984
0.3032	0.3984	0.2984
0.3032	0.3984	0.2984
0.3032	0.3984	0.2984
0.3032	0.3984	0.2984
0.3032	0.3988	0.298
0.3032	0.3988	0.298
0.3032	0.3988	0.298
0.3032	0.3988	0.298
0.3032	0.3988	0.298
0.3032	0.3988	0.298
0.3032	0.3988	0.298
0.3032	0.3988	0.298
0.3032	0.3988	0.298
0.3032	0.3988	0.298
0.3032	0.3988	0.298
0.3032	0.3988	0.298
0.3032	0.3988	0.298
0.3032	0.3988	0.298
0.3032	0.3988	0.298
0.3032	0.3988	0.298
0.3036	0.3984	0.298
0.3036	0.3984	0.298
0.3036	0.3984	0.298
0.3036	0.3984	0.298
0.3036	0.3984	0.298
0.3036	0.3984	0.298
0.3036	0.3984	0.298
0.3036	0.3988	0.2976
0.3036	0.3988	0.2976
0.3036	0.3988	0.2976
0.3036	0.3988	0.2976
0.3036	0.3988	0.2976
0.3036	0.3988	0.2976
0.3036	0.3988	0.2976
0.3036	0.3988	0.2976
0.3036	0.3992	0.2972
0.3036	0.3992	0.2972
0.3036	0.3992	0.2972
0.3036	0.3992	0.2972
0.3036	0.3992	0.2972
0.3036	0.3992	0.2972
0.3036	0.3992	0.2972
0.3036	0.3992	0.2972
0.3036	0.3992	0.2972
0.3036	0.3992	0.2972
0.3036	0.3992	0.2972
0.3036	0.3992	0.2972
0.3036	0.3992	0.2972
0.3036	0.3992	0.2972
0.3036	0.3992	0.2972
0.3036	0.3992	0.2972
0.3036	0.3992	0.2972
0.3036	0.3992	0.2972
0.3036	0.3992	0.2972
0.3036	0.3992	0.2972
0.3036	0.3992	0.2972
0.3036	0.3992	0.2972
0.3036	0.3992	0.2972
0.3036	0.3992	0.2972
0.3036	0.3992	0.2972
0.3036	0.3992	0.2972
0.3036	0.3992	0.2972
0.3036	0.3992	0.2972
0.3036	0.3992	0.2972
0.3036	0.3992	0.2972
0.3036	0.3992	0.2972
0.3036	0.3992	0.2972
0.3036	0.3992	0.2972
0.3036	0.3992	0.2972
0.3036	0.3992	0.2972
0.3036	0.3992	0.2972
0.3036	0.3992	0.2972
0.3036	0.3992	0.2972
0.3036	0.3992	0.2972
0.3036	0.3992	0.2972
0.3036	0.3992	0.2972
0.3036	0.3992	0.2972
0.3036	0.3992	0.2972
0.3036	0.3992	0.2972
0.3036	0.3992	0.2972
0.3036	0.3992	0.2972
0.3036	0.3992	0.2972
0.3036	0.3992	0.2972
0.3036	0.3992	0.2972
0.3036	0.3992	0.2972
0.3036	0.3992	0.2972
0.3036	0.3992	0.2972
0.3036	0.3992	0.2972
0.3036	0.3992	0.2972
0.3036	0.3992	0.2972
0.3036	0.3992	0.2972
0.3036	0.3992	0.2972
0.3036	0.3992	0.2972
0.3036	0.3992	0.2972
0.3036	0.3992	0.2972
0.3036	0.3992	0.2972
0.3036	0.3992	0.2972
0.3036	0.3992	0.2972
0.3036	0.3992	0.2972
0.3036	0.3992	0.2972
0.3036	0.3992	0.2972
0.3036	0.3992	0.2972
0.3036	0.3992	0.2972
0.3036	0.3992	0.2972
0.3036	0.3992	0.2972
0.3036	0.3992	0.2972
0.3036	0.3992	0.2972
0.3036	0.3992	0.2972
0.3036	0.3992	0.2972
0.3036	0.3992	0.2972
0.3036	0.3992	0.2972
0.3036	0.3992	0.2972
0.3036	0.3992	0.2972
0.3036	0.3992	0.2972
0.3036	0.3992	0.2972
0.3036	0.3992	0.2972
0.3036	0.3992	0.2972
0.3036	0.3992	0.2972
0.3036	0.3992	0.2972
0.3036	0.3992	0.2972
0.3036	0.3992	0.2972
0.3036	0.3992	0.2972
0.3036	0.3992	0.2972
0.3036	0.3992	0.2972
0.3036	0.3992	0.2972
0.3036	0.3992	0.2972
0.3036	0.3992	0.2972
0.3036	0.3992	0.2972
0.3036	0.3992	0.2972
0.3036	0.3992	0.2972
0.3036	0.3992	0.2972
0.3036	0.3992	0.2972
0.3036	0.3992	0.2972
0.3036	0.3992	0.2972
0.3036	0.3992	0.2972
0.3036	0.3992	0.2972
0.3036	0.3992	0.2972
0.3036	0.3992	0.2972
0.3036	0.3992	0.2972
0.3036	0.3992	0.2972
0.3036	0.3992	0.2972
0.3036	0.3992	0.2972
0.3036	0.3992	0.2972
0.3036	0.3992	0.2972
0.3036	0.3992	0.2972
0.3036	0.3992	0.2972
0.3036	0.3992	0.2972
0.3036	0.3992	0.2972
0.3036	0.3992	0.2972
0.3036	0.3992	0.2972
0.3036	0.3992	0.2972
0.3036	0.3992	0.2972
0.3036	0.3992	0.2972
0.3036	0.3992	0.2972
0.3036	0.3992	0.2972
0.3036	0.3992	0.2972
0.3036	0.3992	0.2972
0.3036	0.3992	0.2972
0.3036	0.3992	0.2972
0.3036	0.3992	0.2972
0.3036	0.3992	0.2972
0.3036	0.3992	0.2972
0.3036	0.3992	0.2972
0.3036	0.3992	0.2972
0.3036	0.3992	0.2972
0.3036	0.3992	0.2972
0.3036	0.3992	0.2972
0.3036	0.3992	0.2972
0.3036	0.3992	0.2972
0.3036	0.3992	0.2972
0.3036	0.3992	0.2972
0.3036	0.3992	0.2972
0.3036	0.3992	0.2972
0.3036	0.3992	0.2972
0.3036	0.3992	0.2972
0.3036	0.3992	0.2972
0.3036	0.3992	0.2972
0.3036	0.3992	0.2972
0.3036	0.3992	0.2972
0.3036	0.3992	0.2972
0.3036	0.3992	0.2972
0.3036	0.3992	0.2972
0.3036	0.3992	0.2972
0.3036	0.3992	0.2972
0.3036	0.3992	0.2972
0.3036	0.3992	0.2972
0.3036	0.3992	0.2972
0.3036	0.3992	0.2972
0.3036	0.3992	0.2972
0.3036	0.3992	0.2972
0.3036	0.3992	0.2972
0.3036	0.3992	0.2972
0.3036	0.3992	0.2972
0.3036	0.3992	0.2972
0.3036	0.3992	0.2972
0.3036	0.3992	0.2972
0.3036	0.3992	0.2972
0.3036	0.3992	0.2972
0.3036	0.3992	0.2972
0.3036	0.3992	0.2972
0.3036	0.3992	0.2972
0.3036	0.3992	0.2972
0.3036	0.3992	0.2972
0.3036	0.3992	0.2972
0.3036	0.3992	0.2972
0.3036	0.3992	0.2972
0.3036	0.3992	0.2972
0.3036	0.3992	0.2972
0.3036	0.3992	0.2972
0.3036	0.3992	0.2972
0.3036	0.3992	0.2972
0.3036	0.3992	0.2972
0.3036	0.3992	0.2972
0.3036	0.3992	0.2972
0.3036	0.3992	0.2972
0.3036	0.3992	0.2972
0.3036	0.3992	0.2972
0.3036	0.3992	0.2972
0.3036	0.3992	0.2972
0.3036	0.3992	0.2972
0.3036	0.3992	0.2972
0.3036	0.3992	0.2972
0.3036	0.3992	0.2972
0.3036	0.3992	0.2972
0.3036	0.3992	0.2972
0.3036	0.3992	0.2972
0.3036	0.3992	0.2972
0.3036	0.3992	0.2972
0.3036	0.3992	0.2972
0.3036	0.3992	0.2972
0.3036	0.3992	0.2972
0.3036	0.3992	0.2972
0.3036	0.3992	0.2972
0.3036	0.3992	0.2972
0.3036	0.3992	0.2972
0.3036	0.3992	0.2972
0.3036	0.3992	0.2972
0.3036	0.3992	0.2972
0.3036	0.3992	0.2972
0.3036	0.3992	0.2972
0.3036	0.3992	0.2972
0.3036	0.3992	0.2972
0.3036	0.3992	0.2972
0.3036	0.3992	0.2972
0.3036	0.3992	0.2972
0.3036	0.3992	0.2972
0.3036	0.3992	0.2972
0.3036	0.3992	0.2972
0.3036	0.3992	0.2972
0.3036	0.3992	0.2972
0.3036	0.3992	0.2972
0.3036	0.3992	0.2972
0.3036	0.3992	0.2972
0.3036	0.3992	0.2972
0.3036	0.3992	0.2972
0.3036	0.3992	0.2972
0.3036	0.3992	0.2972
0.3036	0.3992	0.2972
0.3036	0.3992	0.2972
0.3036	0.3992	0.2972
0.3036	0.3992	0.2972
0.3036	0.3992	0.2972
0.3036	0.3992	0.2972
0.3036	0.3992	0.2972
0.3036	0.3992	0.2972
0.3036	0.3992	0.2972
0.3036	0.3992	0.2972
0.3036	0.3992	0.2972
0.3036	0.3992	0.2972
0.3036	0.3992	0.2972
0.3036	0.3992	0.2972
0.3036	0.3992	0.2972
0.3036	0.3992	0.2972
0.3036	0.3992	0.2972
0.3036	0.3992	0.2972
0.3036	0.3992	0.2972
0.3036	0.3992	0.2972
0.3036	0.3992	0.2972
0.3036	0.3992	0.2972
0.3036	0.3992	0.2972
0.3036	0.3992	0.2972
0.3036	0.3992	0.2972
0.3036	0.3992	0.2972
0.3036	0.3992	0.2972
0.3036	0.3992	0.2972
0.3036	0.3992	0.2972
0.3036	0.3992	0.2972
0.3036	0.3992	0.2972
0.3036	0.3992	0.2972
0.3036	0.3992	0.2972
0.3036	0.3992	0.2972
0.3036	0.3992	0.2972
0.3036	0.3992	0.2972
0.3036	0.3992	0.2972
0.3036	0.3992	0.2972
0.3036	0.3992	0.2972
0.3036	0.3992	0.2972
0.3036	0.3992	0.2972
0.3036	0.3992	0.2972
0.3036	0.3992	0.2972
0.3036	0.3992	0.2972
0.3036	0.3992	0.2972
0.3036	0.3992	0.2972
0.3036	0.3992	0.2972
0.3036	0.3992	0.2972
0.3036	0.3992	0.2972
0.3036	0.3992	0.2972
0.3036	0.3992	0.2972
0.3036	0.3992	0.2972
0.3036	0.3992	0.2972
0.3036	0.3992	0.2972
0.3036	0.3992	0.2972
0.3036	0.3992	0.2972
0.3036	0.3992	0.2972
0.3036	0.3992	0.2972
0.3036	0.3992	0.2972
0.3036	0.3992	0.2972
0.3036	0.3992	0.2972
0.3036	0.3992	0.2972
0.3036	0.3992	0.2972
0.3036	0.3992	0.2972
0.3036	0.3992	0.2972
0.3036	0.3992	0.2972
0.3036	0.3992	0.2972
0.3036	0.3992	0.2972
0.3036	0.3992	0.2972
0.3036	0.3992	0.2972
0.3036	0.3992	0.2972
0.3036	0.3992	0.2972
0.3036	0.3992	0.2972
0.3036	0.3992	0.2972
0.3036	0.3992	0.2972
0.3036	0.3992	0.2972
0.3036	0.3992	0.2972
0.3036	0.3992	0.2972
0.3036	0.3992	0.2972
0.3036	0.3992	0.2972
0.3036	0.3992	0.2972
0.3036	0.3992	0.2972
0.3036	0.3992	0.2972
0.3036	0.3992	0.2972
0.3036	0.3992	0.2972
0.3036	0.3992	0.2972
0.3036	0.3992	0.2972
0.3036	0.3992	0.2972
0.3036	0.3992	0.2972
0.3036	0.3992	0.2972
0.3036	0.3992	0.2972
0.3036	0.3992	0.2972
0.3036	0.3992	0.2972
0.3036	0.3992	0.2972
0.3036	0.3992	0.2972
0.3036	0.3992	0.2972
0.3036	0.3992	0.2972
0.3036	0.3992	0.2972
0.3036	0.3992	0.2972
0.3036	0.3992	0.2972
0.3036	0.3992	0.2972
0.3036	0.3992	0.2972
0.3036	0.3992	0.2972
0.3036	0.3992	0.2972
0.3036	0.3992	0.2972
0.3036	0.3992	0.2972
0.3036	0.3992	0.2972
0.3036	0.3992	0.2972
0.3036	0.3992	0.2972
0.3036	0.3992	0.2972
0.3036	0.3992	0.2972
0.3036	0.3992	0.2972
0.3036	0.3992	0.2972
0.3036	0.3992	0.2972
0.3036	0.3992	0.2972
0.3036	0.3992	0.2972
0.3036	0.3992	0.2972
0.3036	0.3992	0.2972
0.3036	0.3992	0.2972
0.3036	0.3992	0.2972
0.3036	0.3992	0.2972
0.3036	0.3992	0.2972
0.3036	0.3992	0.2972
0.3036	0.3992	0.2972
0.3036	0.3992	0.2972
0.3036	0.3992	0.2972
0.3036	0.3992	0.2972
0.3036	0.3992	0.2972
0.3036	0.3992	0.2972
0.3036	0.3992	0.2972
0.3036	0.3992	0.2972
0.3036	0.3992	0.2972
0.3036	0.3992	0.2972
0.3036	0.3992	0.2972
0.3036	0.3992	0.2972
0.3036	0.3992	0.2972
0.3036	0.3992	0.2972
0.3036	0.3992	0.2972
0.3036	0.3992	0.2972
0.3036	0.3992	0.2972
0.3036	0.3992	0.2972
0.3036	0.3992	0.2972
0.3036	0.3992	0.2972
0.3036	0.3992	0.2972
0.3036	0.3992	0.2972
0.3036	0.3992	0.2972
0.3036	0.3992	0.2972
0.3036	0.3992	0.2972
0.3036	0.3992	0.2972
0.3036	0.3992	0.2972
0.3036	0.3992	0.2972
0.3036	0.3992	0.2972
0.3036	0.3992	0.2972
0.3036	0.3992	0.2972
0.3036	0.3992	0.2972
0.3036	0.3992	0.2972
0.3036	0.3992	0.2972
0.3036	0.3992	0.2972
0.3036	0.3992	0.2972
0.3036	0.3992	0.2972
0.3036	0.3992	0.2972
0.3036	0.3992	0.2972
0.3036	0.3992	0.2972
0.3036	0.3992	0.2972
0.3036	0.3992	0.2972
0.3036	0.3992	0.2972
0.3036	0.3992	0.2972
0.3036	0.3992	0.2972
0.3036	0.3992	0.2972
0.3036	0.3992	0.2972
0.3036	0.3992	0.2972
0.3036	0.3992	0.2972
0.3036	0.3992	0.2972
0.3036	0.3992	0.2972
0.3036	0.3992	0.2972
0.3036	0.3992	0.2972
0.3036	0.3992	0.2972
0.3036	0.3992	0.2972
0.3036	0.3992	0.2972
0.3036	0.3992	0.2972
0.3036	0.3992	0.2972
0.3036	0.3992	0.2972
0.3036	0.3992	0.2972
0.3036	0.3992	0.2972
0.3036	0.3992	0.2972
0.3036	0.3992	0.2972
0.3036	0.3992	0.2972
0.3036	0.3992	0.2972
0.3036	0.3992	0.2972
0.3036	0.3992	0.2972
0.3036	0.3992	0.2972
0.3036	0.3992	0.2972
0.3036	0.3992	0.2972
0.3036	0.3992	0.2972
0.3036	0.3992	0.2972
0.3036	0.3992	0.2972
0.3036	0.3992	0.2972
0.3036	0.3992	0.2972
0.3036	0.3992	0.2972
0.3036	0.3992	0.2972
0.3036	0.3992	0.2972
0.3036	0.3992	0.2972
0.3036	0.3992	0.2972
0.3036	0.3992	0.2972
0.3036	0.3992	0.2972
0.3036	0.3992	0.2972
0.3036	0.3992	0.2972
0.3036	0.3992	0.2972
0.3036	0.3992	0.2972
0.3036	0.3992	0.2972
0.3036	0.3992	0.2972
0.3036	0.3992	0.2972
0.3036	0.3992	0.2972
0.3036	0.3992	0.2972
0.3036	0.3992	0.2972
0.3036	0.3992	0.2972
0.3036	0.3992	0.2972
0.3036	0.3992	0.2972
0.3036	0.3992	0.2972
0.3036	0.3992	0.2972
0.3036	0.3992	0.2972
0.3036	0.3992	0.2972
0.3036	0.3992	0.2972
0.3036	0.3992	0.2972
0.3036	0.3992	0.2972
0.3036	0.3992	0.2972
0.3036	0.3992	0.2972
0.3036	0.3992	0.2972
0.3036	0.3992	0.2972
0.3036	0.3992	0.2972
0.3036	0.3992	0.2972
0.3036	0.3992	0.2972
0.3036	0.3992	0.2972
0.3036	0.3992	0.2972
0.3036	0.3992	0.2972
0.3036	0.3992	0.2972
0.3036	0.3992	0.2972
0.3036	0.3992	0.2972
0.3036	0.3992	0.2972
0.3036	0.3992	0.2972
0.3036	0.3992	0.2972
0.3036	0.3992	0.2972
0.3036	0.3992	0.2972
0.3036	0.3992	0.2972
0.3036	0.3992	0.2972
0.3036	0.3992	0.2972
0.3036	0.3992	0.2972
0.3036	0.3992	0.2972
0.3036	0.3992	0.2972
0.3036	0.3992	0.2972
0.3036	0.3992	0.2972
0.3036	0.3992	0.2972
0.3036	0.3992	0.2972
0.3036	0.3992	0.2972
0.3036	0.3992	0.2972
0.3036	0.3992	0.2972
0.3036	0.3992	0.2972
0.3036	0.3992	0.2972
0.3036	0.3992	0.2972
0.3036	0.3992	0.2972
0.3036	0.3992	0.2972
0.3036	0.3992	0.2972
0.3036	0.3992	0.2972
0.3036	0.3992	0.2972
0.3036	0.3992	0.2972
0.3036	0.3992	0.2972
0.3036	0.3992	0.2972
0.3036	0.3992	0.2972
0.3036	0.3992	0.2972
0.3036	0.3992	0.2972
0.3036	0.3992	0.2972
0.3036	0.3992	0.2972
0.3036	0.3992	0.2972
0.3036	0.3992	0.2972
0.3036	0.3992	0.2972
0.3036	0.3992	0.2972
0.3036	0.3992	0.2972
0.3036	0.3992	0.2972
0.3036	0.3992	0.2972
0.3036	0.3992	0.2972
0.3036	0.3992	0.2972
0.3036	0.3992	0.2972
0.3036	0.3992	0.2972
0.3036	0.3992	0.2972
0.3036	0.3992	0.2972
0.3036	0.3992	0.2972
0.3036	0.3992	0.2972
0.3036	0.3992	0.2972
0.3036	0.3992	0.2972
0.3036	0.3992	0.2972
0.3036	0.3992	0.2972
0.3036	0.3992	0.2972
0.3036	0.3992	0.2972
0.3036	0.3992	0.2972
0.3036	0.3992	0.2972
0.3036	0.3992	0.2972
0.3036	0.3992	0.2972
0.3036	0.3992	0.2972
0.3036	0.3992	0.2972
0.3036	0.3992	0.2972
0.3036	0.3992	0.2972
0.3036	0.3992	0.2972
0.3036	0.3992	0.2972
0.3036	0.3992	0.2972
0.3036	0.3992	0.2972
0.3036	0.3992	0.2972
0.3036	0.3992	0.2972
0.3036	0.3992	0.2972
0.3036	0.3992	0.2972
0.3036	0.3992	0.2972
0.3036	0.3992	0.2972
0.3036	0.3992	0.2972
0.3036	0.3992	0.2972
0.3036	0.3992	0.2972
0.3036	0.3992	0.2972
0.3036	0.3992	0.2972
0.3036	0.3992	0.2972
0.3036	0.3992	0.2972
0.3036	0.3992	0.2972
0.3036	0.3992	0.2972
0.3036	0.3992	0.2972
0.3036	0.3992	0.2972
0.3036	0.3992	0.2972
0.3036	0.3992	0.2972
0.3036	0.3992	0.2972
0.3036	0.3992	0.2972
0.3036	0.3992	0.2972
0.3036	0.3992	0.2972
0.3036	0.3992	0.2972
0.3036	0.3992	0.2972
0.3036	0.3992	0.2972
0.3036	0.3992	0.2972
0.3036	0.3992	0.2972
0.3036	0.3992	0.2972
0.3036	0.3992	0.2972
0.3036	0.3992	0.2972
0.3036	0.3992	0.2972
0.3036	0.3992	0.2972
0.3036	0.3992	0.2972
0.3036	0.3992	0.2972
0.3036	0.3992	0.2972
0.3036	0.3992	0.2972
0.3036	0.3992	0.2972
0.3036	0.3992	0.2972
0.3036	0.3992	0.2972
0.3036	0.3992	0.2972
0.3036	0.3992	0.2972
0.3036	0.3992	0.2972
0.3036	0.3992	0.2972
0.3036	0.3992	0.2972
0.3036	0.3992	0.2972
0.3036	0.3992	0.2972
0.3036	0.3992	0.2972
0.3036	0.3992	0.2972
0.3036	0.3992	0.2972
0.3036	0.3992	0.2972
0.3036	0.3992	0.2972
0.3036	0.3992	0.2972
0.3036	0.3992	0.2972
0.3036	0.3992	0.2972
0.3036	0.3992	0.2972
0.3036	0.3992	0.2972
0.3036	0.3992	0.2972
0.3036	0.3992	0.2972
0.3036	0.3992	0.2972
0.3036	0.3992	0.2972
0.3036	0.3992	0.2972
0.3036	0.3992	0.2972
0.3036	0.3992	0.2972
0.3036	0.3992	0.2972
0.3036	0.3992	0.2972
0.3036	0.3992	0.2972
0.3036	0.3992	0.2972
0.3036	0.3992	0.2972
0.3036	0.3992	0.2972
0.3036	0.3992	0.2972
0.3036	0.3992	0.2972
0.3036	0.3992	0.2972
0.3036	0.3992	0.2972
0.3036	0.3992	0.2972
0.3036	0.3992	0.2972
0.3036	0.3992	0.2972
0.3036	0.3992	0.2972
0.3036	0.3992	0.2972
0.3036	0.3992	0.2972
0.3036	0.3992	0.2972
0.3036	0.3992	0.2972
0.3036	0.3992	0.2972
0.3036	0.3992	0.2972
0.3036	0.3992	0.2972
0.3036	0.3992	0.2972
0.3036	0.3992	0.2972
0.3036	0.3992	0.2972
0.3036	0.3992	0.2972
0.3036	0.3992	0.2972
0.3036	0.3992	0.2972
0.3036	0.3992	0.2972
0.3036	0.3992	0.2972
0.3036	0.3992	0.2972
0.3036	0.3992	0.2972
0.3036	0.3992	0.2972
0.3036	0.3992	0.2972
0.3036	0.3992	0.2972
0.3036	0.3992	0.2972
0.3036	0.3992	0.2972
0.3036	0.3992	0.2972
0.3036	0.3992	0.2972
0.3036	0.3992	0.2972
0.3036	0.3992	0.2972
0.3036	0.3992	0.2972
0.3036	0.3992	0.2972
0.3036	0.3992	0.2972
0.3036	0.3992	0.2972
0.3036	0.3992	0.2972
0.3036	0.3992	0.2972
0.3036	0.3992	0.2972
0.3036	0.3992	0.2972
0.3036	0.3992	0.2972
0.3036	0.3992	0.2972
0.3036	0.3992	0.2972
0.3036	0.3992	0.2972
0.3036	0.3992	0.2972
0.3036	0.3992	0.2972
0.3036	0.3992	0.2972
0.3036	0.3992	0.2972
0.3036	0.3992	0.2972
0.3036	0.3992	0.2972
0.3036	0.3992	0.2972
0.3036	0.3992	0.2972
0.3036	0.3992	0.2972
0.3036	0.3992	0.2972
0.3036	0.3992	0.2972
0.3036	0.3992	0.2972
0.3036	0.3992	0.2972
0.3036	0.3992	0.2972
0.3036	0.3992	0.2972
0.3036	0.3992	0.2972
0.3036	0.3992	0.2972
0.3036	0.3992	0.2972
0.3036	0.3992	0.2972
0.3036	0.3992	0.2972
0.3036	0.3992	0.2972
0.3036	0.3992	0.2972
0.3036	0.3992	0.2972
0.3036	0.3992	0.2972
0.3036	0.3992	0.2972
0.3036	0.3992	0.2972
0.3036	0.3992	0.2972
0.3036	0.3992	0.2972
0.3036	0.3992	0.2972
0.3036	0.3992	0.2972
0.3036	0.3992	0.2972
0.3036	0.3992	0.2972
0.3036	0.3992	0.2972
0.3036	0.3992	0.2972
0.3036	0.3992	0.2972
0.3036	0.3992	0.2972
0.3036	0.3992	0.2972
0.3036	0.3992	0.2972
0.3036	0.3992	0.2972
0.3036	0.3992	0.2972
0.3036	0.3992	0.2972
0.3036	0.3992	0.2972
0.3036	0.3992	0.2972
0.3036	0.3992	0.2972
0.3036	0.3992	0.2972
0.3036	0.3992	0.2972
0.3036	0.3992	0.2972
0.3036	0.3992	0.2972
0.3036	0.3992	0.2972
0.3036	0.3992	0.2972
0.3036	0.3992	0.2972
0.3036	0.3992	0.2972
0.3036	0.3992	0.2972
0.3036	0.3992	0.2972
0.3036	0.3992	0.2972
0.3036	0.3992	0.2972
0.3036	0.3992	0.2972
0.3036	0.3992	0.2972
0.3036	0.3992	0.2972
0.3036	0.3992	0.2972
0.3036	0.3992	0.2972
0.3036	0.3992	0.2972
0.3036	0.3992	0.2972
0.3036	0.3992	0.2972
0.3036	0.3992	0.2972
0.3036	0.3992	0.2972
0.3036	0.3992	0.2972
0.3036	0.3992	0.2972
0.3036	0.3992	0.2972
0.3036	0.3992	0.2972
0.3036	0.3992	0.2972
0.3036	0.3992	0.2972
0.3036	0.3992	0.2972
0.3036	0.3992	0.2972
0.3036	0.3992	0.2972
0.3036	0.3992	0.2972
0.3036	0.3992	0.2972
0.3036	0.3992	0.2972
0.3036	0.3992	0.2972
0.3036	0.3992	0.2972
0.3036	0.3992	0.2972
0.3036	0.3992	0.2972
0.3036	0.3992	0.2972
0.3036	0.3992	0.2972
0.3036	0.3992	0.2972
0.3036	0.3992	0.2972
0.3036	0.3992	0.2972
0.3036	0.3992	0.2972
0.3036	0.3992	0.2972
0.3036	0.3992	0.2972
0.3036	0.3992	0.2972
0.3036	0.3992	0.2972
0.3036	0.3992	0.2972
0.3036	0.3992	0.2972
0.3036	0.3992	0.2972
0.3036	0.3992	0.2972
0.3036	0.3992	0.2972
0.3036	0.3992	0.2972
0.3036	0.3992	0.2972
0.3036	0.3992	0.2972
0.3036	0.3992	0.2972
0.3036	0.3992	0.2972
0.3036	0.3992	0.2972
0.3036	0.3992	0.2972
0.3036	0.3992	0.2972
0.3036	0.3992	0.2972
0.3036	0.3992	0.2972
0.3036	0.3992	0.2972
0.3036	0.3992	0.2972
0.3036	0.3992	0.2972
0.3036	0.3992	0.2972
0.3036	0.3992	0.2972
0.3036	0.3992	0.2972
0.3036	0.3992	0.2972
0.3036	0.3992	0.2972
0.3036	0.3992	0.2972
0.3036	0.3992	0.2972
0.3036	0.3992	0.2972
0.3036	0.3992	0.2972
0.3036	0.3992	0.2972
0.3036	0.3992	0.2972
0.3036	0.3992	0.2972
0.3036	0.3992	0.2972
0.3036	0.3992	0.2972
0.3036	0.3992	0.2972
0.3036	0.3992	0.2972
0.3036	0.3992	0.2972
0.3036	0.3992	0.2972
0.3036	0.3992	0.2972
0.3036	0.3992	0.2972
0.3036	0.3992	0.2972
0.3036	0.3992	0.2972
0.3036	0.3992	0.2972
0.3036	0.3992	0.2972
0.3036	0.3992	0.2972
0.3036	0.3992	0.2972
0.3036	0.3992	0.2972
0.3036	0.3992	0.2972
0.3036	0.3992	0.2972
0.3036	0.3992	0.2972
0.3036	0.3992	0.2972
0.3036	0.3992	0.2972
0.3036	0.3992	0.2972
0.3036	0.3992	0.2972
0.3036	0.3992	0.2972
0.3036	0.3992	0.2972
0.3036	0.3992	0.2972
0.3036	0.3992	0.2972
0.3036	0.3992	0.2972
0.3036	0.3992	0.2972
0.3036	0.3992	0.2972
0.3036	0.3992	0.2972
0.3036	0.3992	0.2972
0.3036	0.3992	0.2972
0.3036	0.3992	0.2972
0.3036	0.3992	0.2972
0.3036	0.3992	0.2972
0.3036	0.3992	0.2972
0.3036	0.3992	0.2972
0.3036	0.3992	0.2972
0.3036	0.3992	0.2972
0.3036	0.3992	0.2972
0.3036	0.3992	0.2972
0.3036	0.3992	0.2972
0.3036	0.3992	0.2972
0.3036	0.3992	0.2972
0.3036	0.3992	0.2972
0.3036	0.3992	0.2972
0.3036	0.3992	0.2972
0.3036	0.3992	0.2972
0.3036	0.3992	0.2972
0.3036	0.3992	0.2972
0.3036	0.3992	0.2972
0.3036	0.3992	0.2972
0.3036	0.3992	0.2972
0.3036	0.3992	0.2972
0.3036	0.3992	0.2972
0.3036	0.3992	0.2972
0.3036	0.3992	0.2972
0.3036	0.3992	0.2972
0.3036	0.3992	0.2972
0.3036	0.3992	0.2972
0.3036	0.3992	0.2972
0.3036	0.3992	0.2972
0.3036	0.3992	0.2972
0.3036	0.3992	0.2972
0.3036	0.3992	0.2972
0.3036	0.3992	0.2972
0.3036	0.3992	0.2972
0.3036	0.3992	0.2972
0.3036	0.3992	0.2972
0.3036	0.3992	0.2972
0.3036	0.3992	0.2972
0.3036	0.3992	0.2972
0.3036	0.3992	0.2972
0.3036	0.3992	0.2972
0.3036	0.3992	0.2972
0.3036	0.3992	0.2972
0.3036	0.3992	0.2972
0.3036	0.3992	0.2972
0.3036	0.3992	0.2972
0.3036	0.3992	0.2972
0.3036	0.3992	0.2972
0.3036	0.3992	0.2972
0.3036	0.3992	0.2972
0.3036	0.3992	0.2972
0.3036	0.3992	0.2972
0.3036	0.3992	0.2972
0.3036	0.3992	0.2972
0.3036	0.3992	0.2972
0.3036	0.3992	0.2972
0.3036	0.3992	0.2972
0.3036	0.3992	0.2972
0.3036	0.3992	0.2972
0.3036	0.3992	0.2972
0.3036	0.3992	0.2972
0.3036	0.3992	0.2972
0.3036	0.3992	0.2972
0.3036	0.3992	0.2972
0.3036	0.3992	0.2972
0.3036	0.3992	0.2972
0.3036	0.3992	0.2972
0.3036	0.3992	0.2972
0.3036	0.3992	0.2972
0.3036	0.3992	0.2972
0.3036	0.3992	0.2972
0.3036	0.3992	0.2972
0.3036	0.3992	0.2972
0.3036	0.3992	0.2972
0.3036	0.3992	0.2972
0.3036	0.3992	0.2972
0.3036	0.3992	0.2972
0.3036	0.3992	0.2972
0.3036	0.3992	0.2972
0.3036	0.3992	0.2972
0.3036	0.3992	0.2972
0.3036	0.3992	0.2972
0.3036	0.3992	0.2972
0.3036	0.3992	0.2972
0.3036	0.3992	0.2972
0.3036	0.3992	0.2972
0.3036	0.3992	0.2972
0.3036	0.3992	0.2972
0.3036	0.3992	0.2972
0.3036	0.3992	0.2972
0.3036	0.3992	0.2972
0.3036	0.3992	0.2972
0.3036	0.3992	0.2972
0.3036	0.3992	0.2972
0.3036	0.3992	0.2972
0.3036	0.3992	0.2972
0.3036	0.3992	0.2972
0.3036	0.3992	0.2972
0.3036	0.3992	0.2972
0.3036	0.3992	0.2972
0.3036	0.3992	0.2972
0.3036	0.3992	0.2972
0.3036	0.3992	0.2972
0.3036	0.3992	0.2972
0.3036	0.3992	0.2972
0.3036	0.3992	0.2972
0.3036	0.3992	0.2972
0.3036	0.3992	0.2972
0.3036	0.3992	0.2972
0.3036	0.3992	0.2972
0.3036	0.3992	0.2972
0.3036	0.3992	0.2972
0.3036	0.3992	0.2972
0.3036	0.3992	0.2972
0.3036	0.3992	0.2972
0.3036	0.3992	0.2972
0.3036	0.3992	0.2972
0.3036	0.3992	0.2972
0.3036	0.3992	0.2972
0.3036	0.3992	0.2972
0.3036	0.3992	0.2972
0.3036	0.3992	0.2972
0.3036	0.3992	0.2972
0.3036	0.3992	0.2972
0.3036	0.3992	0.2972
0.3036	0.3992	0.2972
0.3036	0.3992	0.2972
0.3036	0.3992	0.2972
0.3036	0.3992	0.2972
0.3036	0.3992	0.2972
0.3036	0.3992	0.2972
0.3036	0.3992	0.2972
0.3036	0.3992	0.2972
0.3036	0.3992	0.2972
0.3036	0.3992	0.2972
0.3036	0.3992	0.2972
0.3036	0.3992	0.2972
0.3036	0.3992	0.2972
0.3036	0.3992	0.2972
0.3036	0.3992	0.2972
0.3036	0.3992	0.2972
0.3036	0.3992	0.2972
0.3036	0.3992	0.2972
0.3036	0.3992	0.2972
0.3036	0.3992	0.2972
0.3036	0.3992	0.2972
0.3036	0.3992	0.2972
0.3036	0.3992	0.2972
0.3036	0.3992	0.2972
0.3036	0.3992	0.2972
0.3036	0.3992	0.2972
0.3036	0.3992	0.2972
0.3036	0.3992	0.2972
0.3036	0.3992	0.2972
0.3036	0.3992	0.2972
0.3036	0.3992	0.2972
0.3036	0.3992	0.2972
0.3036	0.3992	0.2972
0.3036	0.3992	0.2972
0.3036	0.3992	0.2972
0.3036	0.3992	0.2972
0.3036	0.3992	0.2972
0.3036	0.3992	0.2972
0.3036	0.3992	0.2972
0.3036	0.3992	0.2972
0.3036	0.3988	0.2976
0.3036	0.3988	0.2976
0.3036	0.3988	0.2976
0.3036	0.3988	0.2976
0.3036	0.3988	0.2976
0.3036	0.3988	0.2976
0.3036	0.3988	0.2976
0.3036	0.3984	0.298
0.3036	0.3984	0.298
0.3036	0.3984	0.298
0.3036	0.3984	0.298
0.3036	0.3984	0.298
0.3036	0.3984	0.298
0.3036	0.3984	0.298
0.3036	0.3984	0.298
0.3036	0.3984	0.298
0.3036	0.3984	0.298
0.3036	0.3984	0.298
0.3036	0.3984	0.298
0.3036	0.3984	0.298
0.3036	0.3984	0.298
0.3036	0.3984	0.298
0.3036	0.3984	0.298
0.3036	0.3984	0.298
0.3036	0.3984	0.298
0.3036	0.3984	0.298
0.3036	0.3984	0.298
0.3036	0.3984	0.298
0.3036	0.3984	0.298
0.3036	0.3984	0.298
0.3036	0.3984	0.298
0.3036	0.3984	0.298
0.3036	0.3984	0.298
0.3036	0.3984	0.298
0.3036	0.3984	0.298
0.3036	0.3984	0.298
0.3032	0.3988	0.298
0.3032	0.3988	0.298
0.3032	0.3988	0.298
0.3032	0.3988	0.298
0.3032	0.3988	0.298
0.3032	0.3988	0.298
0.3032	0.3988	0.298
0.3032	0.3988	0.298
0.3032	0.3988	0.298
0.3032	0.3988	0.298
0.3032	0.3988	0.298
0.3032	0.3988	0.298
0.3032	0.3988	0.298
0.3032	0.3988	0.298
0.3032	0.3988	0.298
0.3032	0.3988	0.298
0.3032	0.3988	0.298
0.3032	0.3988	0.298
0.3032	0.3988	0.298
0.3032	0.3988	0.298
0.3032	0.3988	0.298
0.3032	0.3988	0.298
0.3032	0.3988	0.298
0.3032	0.3988	0.298
0.3032	0.3988	0.298
0.3032	0.3988	0.298
0.3032	0.3988	0.298
0.3032	0.3988	0.298
0.3032	0.3988	0.298
0.3032	0.3988	0.298
0.3032	0.3988	0.298
0.3032	0.3988	0.298
0.3032	0.3988	0.298
0.3032	0.3988	0.298
0.3032	0.3988	0.298
0.3032	0.3988	0.298
0.3032	0.3988	0.298
0.3032	0.3988	0.298
0.3032	0.3988	0.298
0.3032	0.3988	0.298
0.3032	0.3988	0.298
0.3032	0.3988	0.298
0.3032	0.3988	0.298
0.3032	0.3988	0.298
0.3032	0.3988	0.298
0.3032	0.3988	0.298
0.3032	0.3988	0.298
0.3032	0.3988	0.298
0.3032	0.3988	0.298
0.3032	0.3988	0.298
0.3032	0.3988	0.298
0.3032	0.3988	0.298
0.3032	0.3988	0.298
0.3032	0.3988	0.298
0.3032	0.3988	0.298
0.3032	0.3988	0.298
0.3032	0.3988	0.298
0.3032	0.3988	0.298
0.3032	0.3988	0.298
0.3032	0.3988	0.298
0.3032	0.3988	0.298
0.3032	0.3988	0.298
0.3032	0.3988	0.298
0.3032	0.3988	0.298
0.3032	0.3988	0.298
0.3032	0.3988	0.298
0.3032	0.3988	0.298
0.3032	0.3988	0.298
0.3032	0.3988	0.298
0.3032	0.3988	0.298
0.3032	0.3988	0.298
0.3032	0.3988	0.298
0.3032	0.3988	0.298
0.3032	0.3988	0.298
0.3032	0.3988	0.298
0.3032	0.3988	0.298
0.3032	0.3988	0.298
0.3032	0.3988	0.298
0.3032	0.3984	0.2984
0.3032	0.3984	0.2984
0.3032	0.3984	0.2984
0.3032	0.3984	0.2984
0.3032	0.3984	0.2984
0.3032	0.3984	0.2984
0.3032	0.3984	0.2984
0.3032	0.3984	0.2984
0.3032	0.3984	0.2984
0.3032	0.3984	0.2984
0.3032	0.3984	0.2984
0.3032	0.3984	0.2984
0.3032	0.3984	0.2984
0.3032	0.3984	0.2984
0.3032	0.3984	0.2984
0.3032	0.3984	0.2984
0.3032	0.3984	0.2984
0.3032	0.3984	0.2984
0.3032	0.3984	0.2984
0.3032	0.3984	0.2984
0.3032	0.3984	0.2984
0.3032	0.3984	0.2984
0.3032	0.3984	0.2984
0.3032	0.3984	0.2984
0.3032	0.3984	0.2984
0.3032	0.3984	0.2984
0.3032	0.3984	0.2984
0.3032	0.3984	0.2984
0.3032	0.3984	0.2984
0.3032	0.3984	0.2984
0.3032	0.3984	0.2984
0.3032	0.3984	0.2984
0.3032	0.3984	0.2984
0.3032	0.3984	0.2984
0.3032	0.3984	0.2984
0.3032	0.3984	0.2984
0.3032	0.3984	0.2984
0.3032	0.3984	0.2984
0.3032	0.3984	0.2984
0.3032	0.3984	0.2984
0.3032	0.3984	0.2984
0.3032	0.3984	0.2984
0.3032	0.3984	0.2984
0.3032	0.3984	0.2984
0.3032	0.3984	0.2984
0.3032	0.3984	0.2984
0.3032	0.3984	0.2984
0.3032	0.3984	0.2984
0.3032	0.3984	0.2984
0.3032	0.3984	0.2984
0.3032	0.3984	0.2984
0.3032	0.3984	0.2984
0.3032	0.3984	0.2984
0.3032	0.3984	0.2984
0.3032	0.3984	0.2984
0.3032	0.3984	0.2984
0.3032	0.3984	0.2984
0.3032	0.3984	0.2984
0.3032	0.3984	0.2984
0.3032	0.3984	0.2984
0.3032	0.3984	0.2984
0.3032	0.3984	0.2984
0.3032	0.3984	0.2984
0.3032	0.3984	0.2984
0.3032	0.3984	0.2984
0.3032	0.3984	0.2984
0.3032	0.3984	0.2984
0.3032	0.3984	0.2984
0.3032	0.3984	0.2984
0.3032	0.3984	0.2984
0.3032	0.3984	0.2984
0.3032	0.3984	0.2984
0.3032	0.3984	0.2984
0.3032	0.3984	0.2984
0.3032	0.3984	0.2984
0.3032	0.3984	0.2984
0.3032	0.3984	0.2984
0.3032	0.3984	0.2984
0.3032	0.3984	0.2984
0.3032	0.3984	0.2984
0.3032	0.3984	0.2984
0.3032	0.3984	0.2984
0.3032	0.3984	0.2984
0.3032	0.3984	0.2984
0.3032	0.3984	0.2984
0.3032	0.3984	0.2984
0.3032	0.3984	0.2984
0.3032	0.3984	0.2984
0.3032	0.3984	0.2984
0.3032	0.3984	0.2984
0.3032	0.3984	0.2984
0.3032	0.3984	0.2984
0.3032	0.3984	0.2984
0.3032	0.3984	0.2984
0.3032	0.3984	0.2984
0.3032	0.3984	0.2984
0.3032	0.3984	0.2984
0.3028	0.3988	0.2984
0.3028	0.3988	0.2984
0.3028	0.3988	0.2984
0.3028	0.3988	0.2984
0.3028	0.3988	0.2984
0.3028	0.3988	0.2984
0.3028	0.3988	0.2984
0.3028	0.3988	0.2984
0.3028	0.3988	0.2984
0.3028	0.3988	0.2984
0.3028	0.3988	0.2984
0.3028	0.3988	0.2984
0.3028	0.3988	0.2984
0.3028	0.3988	0.2984
0.3028	0.3988	0.2984
0.3028	0.3988	0.2984
0.3028	0.3988	0.2984
0.3028	0.3988	0.2984
0.3028	0.3988	0.2984
0.3028	0.3988	0.2984
0.3028	0.3988	0.2984
0.3028	0.3988	0.2984
0.3028	0.3988	0.2984
0.3028	0.3988	0.2984
0.3028	0.3988	0.2984
0.3028	0.3988	0.2984
0.3028	0.3988	0.2984
0.3028	0.3988	0.2984
0.3028	0.3988	0.2984
0.3028	0.3988	0.2984
0.3028	0.3988	0.2984
0.3028	0.3988	0.2984
0.3028	0.3988	0.2984
0.3028	0.3988	0.2984
0.3028	0.3988	0.2984
0.3028	0.3988	0.2984
0.3028	0.3988	0.2984
0.3028	0.3988	0.2984
0.3028	0.3988	0.2984
0.3028	0.3988	0.2984
0.3028	0.3988	0.2984
0.3028	0.3988	0.2984
0.3028	0.3988	0.2984
0.3028	0.3988	0.2984
0.3028	0.3988	0.2984
0.3028	0.3988	0.2984
0.3028	0.3988	0.2984
0.3028	0.3988	0.2984
0.3028	0.3988	0.2984
0.3028	0.3988	0.2984
0.3028	0.3988	0.2984
0.3028	0.3988	0.2984
0.3028	0.3988	0.2984
0.3028	0.3988	0.2984
0.3028	0.3988	0.2984
0.3028	0.3988	0.2984
0.3028	0.3988	0.2984
0.3028	0.3988	0.2984
0.3028	0.3988	0.2984
0.3028	0.3988	0.2984
0.3028	0.3988	0.2984
0.3028	0.3988	0.2984
0.3028	0.3988	0.2984
0.3028	0.3988	0.2984
0.3028	0.3988	0.2984
0.3028	0.3988	0.2984
0.3028	0.3988	0.2984
0.3028	0.3988	0.2984
0.3028	0.3988	0.2984
0.3028	0.3988	0.2984
0.3028	0.3988	0.2984
0.3028	0.3988	0.2984
0.3028	0.3988	0.2984
0.3028	0.3988	0.2984
0.3028	0.3988	0.2984
0.3028	0.3988	0.2984
0.3028	0.3988	0.2984
0.3028	0.3988	0.2984
0.3028	0.3988	0.2984
0.3028	0.3988	0.2984
0.3028	0.3988	0.2984
0.3028	0.3988	0.2984
0.3028	0.3988	0.2984
0.3028	0.3988	0.2984
0.3028	0.3988	0.2984
0.3028	0.3988	0.2984
0.3028	0.3988	0.2984
0.3028	0.3988	0.2984
0.3028	0.3988	0.2984
0.3028	0.3988	0.2984
0.3028	0.3988	0.2984
0.3028	0.3988	0.2984
0.3028	0.3988	0.2984
0.3028	0.3988	0.2984
0.3028	0.3988	0.2984
0.3028	0.3988	0.2984
0.3028	0.3988	0.2984
0.3028	0.3988	0.2984
0.3028	0.3988	0.2984
0.3028	0.3988	0.2984
0.3028	0.3988	0.2984
0.3028	0.3988	0.2984
0.3028	0.3988	0.2984
0.3028	0.3988	0.2984
0.3028	0.3988	0.2984
0.3028	0.3988	0.2984
0.3024	0.3992	0.2984
0.3024	0.3992	0.2984
0.3024	0.3992	0.2984
0.3024	0.3992	0.2984
0.3024	0.3992	0.2984
0.3024	0.3992	0.2984
0.3024	0.3992	0.2984
0.3024	0.3992	0.2984
0.3024	0.3992	0.2984
0.3024	0.3988	0.2988
0.3024	0.3988	0.2988
0.3024	0.3988	0.2988
0.3024	0.3988	0.2988
0.3024	0.3988	0.2988
0.3024	0.3988	0.2988
0.3024	0.3988	0.2988
0.3024	0.3988	0.2988
0.3024	0.3988	0.2988
0.3024	0.3988	0.2988
0.3024	0.3988	0.2988
0.3024	0.3988	0.2988
0.3024	0.3988	0.2988
0.3024	0.3988	0.2988
0.3024	0.3988	0.2988
0.3024	0.3988	0.2988
0.3024	0.3988	0.2988
0.3024	0.3988	0.2988
0.3024	0.3988	0.2988
0.3024	0.3988	0.2988
0.3024	0.3988	0.2988
0.3024	0.3988	0.2988
0.3024	0.3988	0.2988
0.3024	0.3988	0.2988
0.3024	0.3988	0.2988
0.3024	0.3988	0.2988
0.3024	0.3988	0.2988
0.3024	0.3988	0.2988
0.3024	0.3988	0.2988
0.3024	0.3988	0.2988
0.3024	0.3988	0.2988
0.3024	0.3988	0.2988
0.3024	0.3988	0.2988
0.3024	0.3988	0.2988
0.3024	0.3988	0.2988
0.3024	0.3988	0.2988
0.3024	0.3988	0.2988
0.3024	0.3988	0.2988
0.3024	0.3988	0.2988
0.3024	0.3988	0.2988
0.3024	0.3988	0.2988
0.302	0.3992	0.2988
0.302	0.3992	0.2988
0.302	0.3992	0.2988
0.302	0.3992	0.2988
0.302	0.3992	0.2988
0.302	0.3992	0.2988
0.302	0.3992	0.2988
0.302	0.3992	0.2988
0.302	0.3992	0.2988
0.302	0.3992	0.2988
0.302	0.3992	0.2988
0.302	0.3992	0.2988
0.302	0.3992	0.2988
0.302	0.3992	0.2988
0.3016	0.3996	0.2988
0.3016	0.3996	0.2988
0.3016	0.3996	0.2988
0.3016	0.3996	0.2988
0.3016	0.3996	0.2988
0.3016	0.3996	0.2988
0.3016	0.3996	0.2988
0.3016	0.3996	0.2988
0.3016	0.3996	0.2988
0.3016	0.3996	0.2988
0.3016	0.3996	0.2988
0.3016	0.3996	0.2988
0.3016	0.3996	0.2988
0.3016	0.3996	0.2988
0.3016	0.3996	0.2988
0.3016	0.3996	0.2988
0.3016	0.3996	0.2988
0.3016	0.3996	0.2988
0.3016	0.3996	0.2988
0.3016	0.3996	0.2988
0.3016	0.3996	0.2988
0.3016	0.3996	0.2988
0.3016	0.3996	0.2988
0.3016	0.3996	0.2988
0.3016	0.3996	0.2988
0.3016	0.3996	0.2988
0.3016	0.3996	0.2988
0.3016	0.3996	0.2988
0.3016	0.3996	0.2988
0.3016	0.3996	0.2988
