0.3347088457216158 
0.3346260601773808 
0.3349623563589207 
0.3346766564590577 
0.3354595321053106 
0.3354968948317255 
0.33654646292711554 
0.33736297085283057 
0.33778453521683277 
0.3374962168716901 
0.3373083074236251 
0.33817697216751924 
0.33913863955214263 
0.33950085352268605 
0.3396936841241263 
0.3401517924651632 
0.34137100848303403 
0.34210589847758777 
0.34307360614064186 
0.3432883943092605 
0.34399532667587396 
0.3447202791345935 
0.34586067309046403 
0.34687342188439235 
0.3472920646187219 
0.34901353261093154 
0.3498309021736637 
0.3502146945095685 
0.35025709607525457 
0.3509553862168435 
0.35249425872238355 
0.35259473105876316 
0.35435518607529104 
0.35470175943488635 
0.3555741697821177 
0.35598635799732203 
0.35656892340041785 
0.35722101364263964 
0.3587842122182144 
0.35990336229591874 
0.3615045626823915 
0.3616191258444345 
0.3621098132125455 
0.3630266409539776 
0.3632607101263637 
0.36475724867359294 
0.3650597490665113 
0.36739823625731605 
0.3673302507237142 
0.36775839921871173 
0.3681207975667662 
0.36829317820957025 
0.3682570322628928 
0.3684238424144228 
0.3682861086461495 
0.36937815257982226 
0.3696452990981952 
0.36955675218626405 
0.37035823775596366 
0.37067287903934004 
0.37117431377140064 
0.37047654004281644 
0.3710031806846702 
0.3715920436884249 
0.3717779315543093 
0.3723872165053636 
0.37233294787088606 
0.37347188630740596 
0.3735213292801253 
0.374235950233261 
0.37445702713991025 
0.37456910131457255 
0.37506553084225325 
0.3754813833721899 
0.37567615670280813 
0.3751642791994507 
0.37607633818166264 
0.37605274824140633 
0.3769948428080986 
0.3774275233283231 
0.3770449726108569 
0.37717655178227505 
0.3775925095555102 
0.37673440354267507 
0.3767728463182409 
0.3769978494165648 
0.3770875297662717 
0.3776285260639888 
0.378351730890967 
0.3780934014468876 
0.37820853080845235 
0.3782067713517969 
0.37800710243259833 
0.37818668795854316 
0.37822453499014813 
0.3786038472574724 
0.3777475066170753 
0.37777535286415265 
0.37744782739350363 
0.3784740678798159 
0.3780580963621356 
0.3783817598555489 
0.3779982418837837 
0.37820572285184767 
0.37800705306693605 
0.3781681044188641 
0.3794127230220331 
0.3787567209893337 
0.3779020665448893 
0.37798970781162244 
0.37833049149337783 
0.37896586321275194 
0.3782616419447636 
0.37803622307730206 
0.3775907713423434 
0.37714415674340207 
0.37725682929548776 
0.37754863537823374 
0.37795336266386736 
0.3784011099099547 
0.3782422454502403 
0.3782109012998966 
0.3789301393927253 
0.37877061694796754 
0.3787456963002747 
0.3789489237266609 
0.37857640791018654 
0.3777066854067814 
0.3781982368209884 
0.3780770370159088 
0.3780770370159088 
0.3782367983502346 
0.3783946007766078 
0.37842306236399637 
0.37878349162307273 
0.3788897703081253 
0.37907992343113633 
0.37886635169773253 
0.37815448081764874 
0.37818354893327666 
0.37859960948813404 
0.37852265947890446 
0.3787056774646833 
0.3784033807320052 
0.3782923452417778 
0.37823570265621254 
0.37788748212329504 
0.37751758142844244 
0.37848163117973654 
0.3792176615729385 
0.37994145262375306 
0.37913236229401337 
0.379626575819717 
0.37905521110700097 
0.3791010603866973 
0.378827099016584 
0.3788938705615248 
0.37958182070634 
0.37958182070634 
0.37953983188091434 
0.3793488894736179 
0.37964433973786404 
0.37894902551784065 
0.37867016602586345 
0.37882945489880804 
0.37904484154967116 
0.37904484154967116 
0.37918461249345825 
0.37946048153510253 
0.3794557334632232 
0.3794488522199917 
0.3798902733145121 
0.3796425543965193 
0.37949205454162954 
0.37908863499565176 
0.3793668561305459 
0.3795665424732354 
0.3793797591792973 
0.3794353666678028 
0.3794353666678028 
0.3789105304667002 
0.3794130549216464 
0.3794130549216464 
0.3795396984024818 
0.3795396984024818 
0.3797404874908406 
0.3794382015109107 
0.3794382015109107 
0.3796188036530846 
0.3796188036530846 
0.3795375737559487 
0.3795375737559487 
0.3793402104384479 
0.37895973861685417 
0.37944136126132505 
0.37911405434933027 
0.3789284228688677 
0.37872502001492764 
0.3788626192187882 
0.37894556404566926 
0.3792717544965478 
0.37926923372097915 
0.37926923372097915 
0.37938407384393436 
0.3793794669518497 
0.37928056580490055 
0.37928056580490055 
0.37928056580490055 
0.37949841435341486 
0.3792379071683349 
0.3792379071683349 
0.3792243732209321 
0.3792243732209321 
0.3793588684301374 
0.3794662912633277 
0.37969579636310413 
0.37957606335708405 
0.37948683891485974 
0.3797794533189801 
0.3800532453823681 
0.38027283896857805 
0.379660802735083 
0.37931141087479453 
0.37931141087479453 
0.37954208988754456 
0.3798805896101216 
0.37991426622186925 
0.3798880305336138 
0.37960731373048057 
0.379314070357172 
0.3790691384786525 
0.3793218684381745 
0.3795058656024373 
0.3795058656024373 
0.3795058656024373 
0.3795058656024373 
0.3795058656024373 
0.3795058656024373 
0.3795058656024373 
0.3795058656024373 
0.37930598015211614 
0.37930598015211614 
0.37930598015211614 
0.37904926411597345 
0.37904926411597345 
0.37904926411597345 
0.37904926411597345 
0.37935103727017055 
0.37935103727017055 
0.37935103727017055 
0.37935103727017055 
0.37935103727017055 
0.3793723562300861 
0.37936500218217045 
0.37940243287209147 
0.3795522562369829 
0.3795522562369829 
0.37938384439151834 
0.379382147569611 
0.37958641417975064 
0.37958641417975064 
0.37958641417975064 
0.37958641417975064 
0.37958641417975064 
0.37958641417975064 
0.37958641417975064 
0.37958641417975064 
0.38025700991532824 
0.3804417619798013 
0.3804417619798013 
0.3804417619798013 
0.3804417619798013 
0.3804417619798013 
0.3804301300272128 
0.38007566828478545 
0.379806337544504 
0.37972954525932195 
0.3794666602009461 
0.3794666602009461 
0.3794666602009461 
0.3794666602009461 
0.3794666602009461 
0.3794666602009461 
0.37922281122302703 
0.37880353871531774 
0.37880353871531774 
0.37880353871531774 
0.37880353871531774 
0.37880353871531774 
0.37907135749648413 
0.37907135749648413 
0.37907135749648413 
0.3789021916948976 
0.3788502792566306 
0.37905012356669315 
0.37905012356669315 
0.3789384035924559 
0.3789384035924559 
0.3789384035924559 
0.3791212469205843 
0.3791212469205843 
0.3791212469205843 
0.3791212469205843 
0.3788684458742558 
0.3788684458742558 
0.3788684458742558 
0.3788684458742558 
0.3788684458742558 
0.3788684458742558 
0.3789914963694725 
0.3789914963694725 
0.3789914963694725 
0.3789914963694725 
0.37863055422907654 
0.37863055422907654 
0.37863055422907654 
0.37863055422907654 
0.37863055422907654 
0.37841039171576457 
0.37841039171576457 
0.37841039171576457 
0.37841039171576457 
0.37841039171576457 
0.37841039171576457 
0.37841039171576457 
0.37841039171576457 
0.37841039171576457 
0.37841039171576457 
0.37841039171576457 
0.37841039171576457 
0.37841039171576457 
0.37848374314832434 
0.37848374314832434 
0.37848374314832434 
0.37848374314832434 
0.37848374314832434 
0.37848374314832434 
0.37848374314832434 
0.37848374314832434 
0.3784507256981393 
0.3784507256981393 
0.3784507256981393 
0.3784507256981393 
0.3784507256981393 
0.3784507256981393 
0.3784507256981393 
0.3784507256981393 
0.3784507256981393 
0.3784507256981393 
0.3786476859669226 
0.3786476859669226 
0.3786476859669226 
0.3784828300756109 
0.3784828300756109 
0.3784828300756109 
0.3784828300756109 
0.3784828300756109 
0.3784828300756109 
0.3784828300756109 
0.3784828300756109 
0.3784828300756109 
0.3784828300756109 
0.3784828300756109 
0.3784828300756109 
0.3784828300756109 
0.3784828300756109 
0.3784828300756109 
0.3784828300756109 
0.3784828300756109 
0.3784828300756109 
0.3784828300756109 
0.3784828300756109 
0.3784828300756109 
0.3784828300756109 
0.3784828300756109 
0.3784828300756109 
0.3784828300756109 
0.3784828300756109 
0.3784828300756109 
0.3784828300756109 
0.3784828300756109 
0.3784828300756109 
0.3784828300756109 
0.3784828300756109 
0.3784828300756109 
0.3784828300756109 
0.3784828300756109 
0.3784828300756109 
0.37841656364918924 
0.37809476705276707 
0.37809476705276707 
0.37809476705276707 
0.37809476705276707 
0.37809476705276707 
0.37809476705276707 
0.3779061973620579 
0.3779061973620579 
0.3779061973620579 
0.3779061973620579 
0.3779061973620579 
0.3779061973620579 
0.3779061973620579 
0.3779061973620579 
0.3779061973620579 
0.3779061973620579 
0.3779061973620579 
0.3779061973620579 
0.3779061973620579 
0.3779061973620579 
0.3779061973620579 
0.3779061973620579 
0.3779061973620579 
0.3779061973620579 
0.3779061973620579 
0.3779061973620579 
0.3779061973620579 
0.3779061973620579 
0.3779061973620579 
0.3779061973620579 
0.3779061973620579 
0.3779061973620579 
0.3779061973620579 
0.3779061973620579 
0.3779061973620579 
0.3779061973620579 
0.3779061973620579 
0.3779061973620579 
0.3779061973620579 
0.3779061973620579 
0.3779061973620579 
0.3779061973620579 
0.3779061973620579 
0.3779061973620579 
0.3779061973620579 
0.3779061973620579 
0.3779061973620579 
0.3779061973620579 
0.3779061973620579 
0.3779061973620579 
0.3779061973620579 
0.3779061973620579 
0.3779061973620579 
0.3779061973620579 
0.3779061973620579 
0.3779061973620579 
0.3779061973620579 
0.3779061973620579 
0.3780265714126887 
0.3780265714126887 
0.3780265714126887 
0.3780265714126887 
0.3780265714126887 
0.3780265714126887 
0.3780265714126887 
0.3780265714126887 
0.3780265714126887 
0.3780265714126887 
0.3780265714126887 
0.3780265714126887 
0.3780265714126887 
0.3780265714126887 
0.3780265714126887 
0.3780265714126887 
0.3780265714126887 
0.3780265714126887 
0.3780265714126887 
0.3780265714126887 
0.3780265714126887 
0.3780265714126887 
0.3780265714126887 
0.3780265714126887 
0.3780265714126887 
0.3780265714126887 
0.3780265714126887 
0.3780265714126887 
0.3780265714126887 
0.3780265714126887 
0.3780265714126887 
0.3780265714126887 
0.3780265714126887 
0.3780265714126887 
0.3780265714126887 
0.3780265714126887 
0.3780265714126887 
0.3780265714126887 
0.3780265714126887 
0.3780265714126887 
0.3780265714126887 
0.3780265714126887 
0.3780265714126887 
0.3780265714126887 
0.3780265714126887 
0.3780265714126887 
0.3780265714126887 
0.3780265714126887 
0.3780265714126887 
0.3780265714126887 
0.3780265714126887 
0.3780265714126887 
0.3780265714126887 
0.3780265714126887 
0.3780265714126887 
0.3780265714126887 
0.3780265714126887 
0.3780265714126887 
0.3780265714126887 
0.3780265714126887 
0.3780265714126887 
0.3780265714126887 
0.3780265714126887 
0.3780265714126887 
0.3780265714126887 
0.3780265714126887 
0.3780265714126887 
0.3780265714126887 
0.3780265714126887 
0.3780265714126887 
0.3780265714126887 
0.3780265714126887 
0.3780265714126887 
0.3780265714126887 
0.3780265714126887 
0.3780265714126887 
0.3780265714126887 
0.3780265714126887 
0.3780265714126887 
0.3780265714126887 
0.3780265714126887 
0.3780265714126887 
0.3780265714126887 
0.3780265714126887 
0.3780265714126887 
0.3780265714126887 
0.3780265714126887 
0.3780265714126887 
0.3780265714126887 
0.3780265714126887 
0.3780265714126887 
0.3780265714126887 
0.3780265714126887 
0.3780265714126887 
0.3780265714126887 
0.3780265714126887 
0.3780265714126887 
0.3780265714126887 
0.3780265714126887 
0.3780265714126887 
0.3780265714126887 
0.3780265714126887 
0.3780265714126887 
0.3780265714126887 
0.3780265714126887 
0.3780265714126887 
0.3780265714126887 
0.3780265714126887 
0.3780265714126887 
0.3780265714126887 
0.3780265714126887 
0.3780265714126887 
0.3780265714126887 
0.3780265714126887 
0.3780265714126887 
0.3780265714126887 
0.3780265714126887 
0.3780265714126887 
0.3780265714126887 
0.3780265714126887 
0.3780265714126887 
0.3780265714126887 
0.3780265714126887 
0.3780265714126887 
0.3780265714126887 
0.3780265714126887 
0.3780265714126887 
0.3780265714126887 
0.3780265714126887 
0.3780265714126887 
0.3780265714126887 
0.3780265714126887 
0.3780265714126887 
0.3780265714126887 
0.3780265714126887 
0.3780265714126887 
0.3780265714126887 
0.3780265714126887 
0.3780265714126887 
0.3780265714126887 
0.3780265714126887 
0.3780265714126887 
0.3780265714126887 
0.3780265714126887 
0.3780265714126887 
0.3780265714126887 
0.3780265714126887 
0.3780265714126887 
0.3780265714126887 
0.3780265714126887 
0.3780265714126887 
0.3780265714126887 
0.3780265714126887 
0.3780265714126887 
0.3780265714126887 
0.3780265714126887 
0.3780265714126887 
0.3780265714126887 
0.3780265714126887 
0.3780265714126887 
0.3780265714126887 
0.3780265714126887 
0.3780265714126887 
0.3780265714126887 
0.3780265714126887 
0.3780265714126887 
0.3780265714126887 
0.3780265714126887 
0.3780265714126887 
0.3780265714126887 
0.3780265714126887 
0.3780265714126887 
0.3780265714126887 
0.3780265714126887 
0.3780265714126887 
0.3780265714126887 
0.3780265714126887 
0.3780265714126887 
0.3780265714126887 
0.3780265714126887 
0.3780265714126887 
0.3780265714126887 
0.3780265714126887 
0.3780265714126887 
0.3780265714126887 
0.3780265714126887 
0.3780265714126887 
0.3780265714126887 
0.3780265714126887 
0.3780265714126887 
0.3780265714126887 
0.3780265714126887 
0.3780265714126887 
0.3780265714126887 
0.3780265714126887 
0.3780265714126887 
0.3780265714126887 
0.3780265714126887 
0.3780265714126887 
0.3780265714126887 
0.3780265714126887 
0.3780265714126887 
0.3780265714126887 
0.3780265714126887 
0.3780265714126887 
0.3780265714126887 
0.3780265714126887 
0.3780265714126887 
0.3780265714126887 
0.3780265714126887 
0.3780265714126887 
0.3780265714126887 
0.3780265714126887 
0.3780265714126887 
0.3780265714126887 
0.3780265714126887 
0.3780265714126887 
0.3780265714126887 
0.3780265714126887 
0.3780265714126887 
0.3780265714126887 
0.3780265714126887 
0.3780265714126887 
0.3780265714126887 
0.3780265714126887 
0.3780265714126887 
0.3780265714126887 
0.3780265714126887 
0.3780265714126887 
0.3780265714126887 
0.3780265714126887 
0.3780265714126887 
0.3780265714126887 
0.3780265714126887 
0.3780265714126887 
0.3780265714126887 
0.3780265714126887 
0.3780265714126887 
0.3780265714126887 
0.3780265714126887 
0.3780265714126887 
0.3780265714126887 
0.3780265714126887 
0.3780265714126887 
0.3780265714126887 
0.3780265714126887 
0.3780265714126887 
0.3780265714126887 
0.3780265714126887 
0.3780265714126887 
0.3780265714126887 
0.3780265714126887 
0.3780265714126887 
0.3780265714126887 
0.3780265714126887 
0.3780265714126887 
0.3780265714126887 
0.3780265714126887 
0.3780265714126887 
0.3780265714126887 
0.3780265714126887 
0.3780265714126887 
0.3780265714126887 
0.3780265714126887 
0.3780265714126887 
0.3780265714126887 
0.3780265714126887 
0.3780265714126887 
0.3780265714126887 
0.3780265714126887 
0.3780265714126887 
0.3780265714126887 
0.3780265714126887 
0.3780265714126887 
0.3780265714126887 
0.3780265714126887 
0.3780265714126887 
0.3780265714126887 
0.3780265714126887 
0.3780265714126887 
0.3780265714126887 
0.3780265714126887 
0.3780265714126887 
