0.01646329250180534 
0.016414619825021837 
0.016341340948649224 
0.016297168342997503 
0.016188813915787654 
0.016129190432256666 
0.016089621002372927 
0.0160547443455198 
0.016069775854068408 
0.016019987515600628 
0.01596494359526522 
0.01594992162990151 
0.015884485008963934 
0.01584407826287159 
0.015793213732486492 
0.015762905315962538 
0.015737453923681557 
0.015707119404906808 
0.015656275930118247 
0.015615377036754507 
0.015579455189447417 
0.015528037094236991 
0.015491900335336525 
0.015455724635228206 
0.015403843676173814 
0.015357049716661075 
0.015320472055390461 
0.01528384454252267 
0.01528384454252267 
0.015247124843720537 
0.015220962387444494 
0.015205159124455095 
0.015173608667683504 
0.015178899037809035 
0.015136710342739602 
0.015141975564634886 
0.015126102472216695 
0.015115478689078954 
0.015057171049038394 
0.015008912552213769 
0.014966210475601364 
0.01496051122121166 
0.014949966688926099 
0.01491749898609013 
0.014901309472660449 
0.014869243423927123 
0.014858100013124154 
0.014804358277210126 
0.014798423699840463 
0.014787365417815305 
0.014777009169652702 
0.014766385610568351 
0.014760648224248147 
0.01476595218738026 
0.014777009169652702 
0.01476570946483778 
0.014760414086332403 
0.014766177569025778 
0.014733165851235097 
0.014727606730219271 
0.014716738769170295 
0.014711430114030383 
0.01470102037274964 
0.01467944631108408 
0.014684993156280326 
0.01467427681352645 
0.014663814510556247 
0.014636675032260573 
0.01464208946837848 
0.01462573950267131 
0.014592883745168397 
0.014592971458890748 
0.014570938748069735 
0.01455401195547125 
0.014543163892358497 
0.014565001338825892 
0.014543295912550222 
0.014543295912550222 
0.014532157995287556 
0.014521275976993207 
0.01451540202681276 
0.014504375064097037 
0.014498772361824293 
0.01450453391184977 
0.01449894009919346 
0.014488050800573556 
0.014482596452294043 
0.014482596452294043 
0.014466291853823494 
0.014482720186484308 
0.014477250567701036 
0.014488395356284283 
0.014493957913558326 
0.014488536710102922 
0.014471933664856263 
0.014471933664856263 
0.014466291853823494 
0.014466291853823494 
0.014471668321240643 
0.014454882081843489 
0.014466079496532572 
0.014460802743969645 
0.014477427395777193 
0.014471933664856263 
0.014460873555909408 
0.014455369106321708 
0.014433215026458935 
0.014449734115200875 
0.014471774459270708 
0.014482914623790337 
0.014471668321240645 
0.014449645531984513 
0.014449645531984513 
0.014460714228557317 
0.01447177445927071 
0.014499222599849966 
0.014504798654238536 
0.014493869600627709 
0.014493869600627709 
0.01448282624352029 
0.014488298174733981 
0.014488298174733981 
0.014482596452294043 
0.014482295950573583 
0.014487732741875108 
0.014482119181942952 
0.014487732741875108 
0.014515225661352979 
0.014504198564553645 
0.014515225661352979 
0.014515225661352979 
0.014509618327164915 
0.014498383909939756 
0.014498163194004956 
0.014492756811593852 
0.014487343993983161 
0.014487343993983161 
0.014492968777997144 
0.014503792607452715 
0.014487123109851728 
0.01448171260590404 
0.014476295658765747 
0.014470659971127784 
0.014476074606052568 
0.014481482797006664 
0.014475835865330886 
0.014481235306423274 
0.014486628317175808 
0.01447042998670046 
0.014453952262270689 
0.014431796007427486 
0.014442639094016026 
0.01443129931780226 
0.014447785158978519 
0.014442107325456352 
0.014447785158978519 
0.014453456334039964 
0.014436706549625504 
0.014436706549625504 
0.014453456334039964 
0.014453456334039964 
0.014447785158978519 
0.014464778740098307 
0.014470182307075473 
0.014464522114470286 
0.014453456334039964 
0.014453456334039964 
0.014453713156140881 
0.01444805094121695 
0.0144593687275759 
0.014464778740098307 
0.014453952262270689 
0.014453713156140881 
0.014453456334039964 
0.01445885527972391 
0.014458855279723909 
0.014442639094016026 
0.014448299000228364 
0.014453713156140881 
0.014453713156140881 
0.0144593687275759 
0.014454173653308582 
0.014454173653308582 
0.01444852933692561 
0.01444852933692561 
0.01444287838348021 
0.01444852933692561 
0.01444852933692561 
0.014443099944264045 
0.014443099944264045 
0.01444874195215625 
0.01444874195215625 
0.01444852933692561 
0.014454173653308582 
0.014454173653308582 
0.01446544240595496 
0.014470872261201119 
0.014470872261201119 
0.014470872261201119 
0.014471066857699192 
0.01446544240595496 
0.014465238884995988 
0.014465238884995988 
0.01445981134040137 
0.01446544240595496 
0.014471066857699192 
0.014471066857699192 
0.014471066857699192 
0.014465628226938506 
0.014471243761335788 
0.014471243761335788 
0.014465628226938506 
0.014465628226938506 
0.014460183124704887 
0.014460183124704887 
0.014454563293299456 
0.014460006085752524 
0.01446544240595496 
0.014459811340401368 
0.014454173653308583 
0.01444852933692561 
0.01446544240595496 
0.014476295658765747 
0.014476295658765747 
0.014470872261201119 
0.01446544240595496 
0.01445981134040137 
0.01445981134040137 
0.014465238884995988 
0.014470872261201119 
0.014476499024280698 
0.014471066857699192 
0.014465628226938506 
0.014465628226938506 
0.014465628226938506 
0.014465628226938506 
0.014465628226938506 
0.014465628226938506 
0.014465628226938506 
0.014465628226938506 
0.014476684703342822 
0.014476684703342822 
0.014476684703342822 
0.014482295950573583 
0.014482295950573583 
0.014482295950573583 
0.014482295950573583 
0.014482295950573583 
0.014482295950573583 
0.014482295950573583 
0.014482295950573583 
0.014482295950573583 
0.014476684703342822 
0.014471243761335788 
0.014465628226938506 
0.014460006085752524 
0.014460006085752524 
0.014465628226938506 
0.014460183124704887 
0.014454563293299456 
0.014454563293299456 
0.014454563293299456 
0.014454563293299456 
0.014454563293299456 
0.014454563293299456 
0.014454563293299456 
0.014454563293299456 
0.014443489882988807 
0.014438036431592766 
0.014438036431592766 
0.014438036431592766 
0.014438036431592766 
0.014438036431592766 
0.01443257648516023 
0.01443819600919727 
0.014443808915933498 
0.014449273476545454 
0.014454882081843489 
0.014454882081843489 
0.014454882081843489 
0.014454882081843489 
0.014454882081843489 
0.014454882081843489 
0.014460484085949544 
0.014471544492555038 
0.014471544492555038 
0.014471544492555038 
0.014471544492555038 
0.014471544492555038 
0.014465946771642707 
0.014465946771642707 
0.014465946771642707 
0.014471544492555038 
0.014477003004765869 
0.014471544492555034 
0.014471544492555034 
0.014477135628293326 
0.014477135628293326 
0.014477135628293326 
0.014471668321240645 
0.014471668321240645 
0.014471668321240645 
0.014471668321240645 
0.014477250567701036 
0.014477250567701036 
0.014477250567701036 
0.014477250567701036 
0.014477250567701036 
0.014477250567701036 
0.014471668321240645 
0.014471668321240645 
0.014471668321240645 
0.014471668321240645 
0.014477135628293327 
0.014477135628293327 
0.014477135628293327 
0.014477135628293327 
0.014477135628293327 
0.014482720186484308 
0.014482720186484308 
0.014482720186484308 
0.014482720186484308 
0.014482720186484308 
0.014482720186484308 
0.014482720186484308 
0.014482720186484308 
0.014482720186484308 
0.014482720186484308 
0.014482720186484308 
0.014482720186484308 
0.014482720186484308 
0.01447725056770104 
0.01447725056770104 
0.01447725056770104 
0.01447725056770104 
0.01447725056770104 
0.01447725056770104 
0.01447725056770104 
0.01447725056770104 
0.014482720186484308 
0.014482720186484308 
0.014482720186484308 
0.014482720186484308 
0.014482720186484308 
0.014482720186484308 
0.014482720186484308 
0.014482720186484308 
0.014482720186484308 
0.014482720186484308 
0.014477250567701036 
0.014477250567701036 
0.014477250567701036 
0.014482720186484308 
0.014482720186484308 
0.014482720186484308 
0.014482720186484308 
0.014482720186484308 
0.014482720186484308 
0.014482720186484308 
0.014482720186484308 
0.014482720186484308 
0.014482720186484308 
0.014482720186484308 
0.014482720186484308 
0.014482720186484308 
0.014482720186484308 
0.014482720186484308 
0.014482720186484308 
0.014482720186484308 
0.014482720186484308 
0.014482720186484308 
0.014482720186484308 
0.014482720186484308 
0.014482720186484308 
0.014482720186484308 
0.014482720186484308 
0.014482720186484308 
0.014482720186484308 
0.014482720186484308 
0.014482720186484308 
0.014482720186484308 
0.014482720186484308 
0.014482720186484308 
0.014482720186484308 
0.014482720186484308 
0.014482720186484308 
0.014482720186484308 
0.014482720186484308 
0.014488183322970482 
0.01449363998448975 
0.01449363998448975 
0.01449363998448975 
0.01449363998448975 
0.01449363998448975 
0.01449363998448975 
0.014499222599849966 
0.014499222599849966 
0.014499222599849966 
0.014499222599849966 
0.014499222599849966 
0.014499222599849966 
0.014499222599849966 
0.014499222599849966 
0.014499222599849966 
0.014499222599849966 
0.014499222599849966 
0.014499222599849966 
0.014499222599849966 
0.014499222599849966 
0.014499222599849966 
0.014499222599849966 
0.014499222599849966 
0.014499222599849966 
0.014499222599849966 
0.014499222599849966 
0.014499222599849966 
0.014499222599849966 
0.014499222599849966 
0.014499222599849966 
0.014499222599849966 
0.014499222599849966 
0.014499222599849966 
0.014499222599849966 
0.014499222599849966 
0.014499222599849966 
0.014499222599849966 
0.014499222599849966 
0.014499222599849966 
0.014499222599849966 
0.014499222599849966 
0.014499222599849966 
0.014499222599849966 
0.014499222599849966 
0.014499222599849966 
0.014499222599849966 
0.014499222599849966 
0.014499222599849966 
0.014499222599849966 
0.014499222599849966 
0.014499222599849966 
0.014499222599849966 
0.014499222599849966 
0.014499222599849966 
0.014499222599849966 
0.014499222599849966 
0.014499222599849966 
0.014499222599849966 
0.014493763624400668 
0.014493763624400668 
0.014493763624400668 
0.014493763624400668 
0.014493763624400668 
0.014493763624400668 
0.014493763624400668 
0.014493763624400668 
0.014493763624400668 
0.014493763624400668 
0.014493763624400668 
0.014493763624400668 
0.014493763624400668 
0.014493763624400668 
0.014493763624400668 
0.014493763624400668 
0.014493763624400668 
0.014493763624400668 
0.014493763624400668 
0.014493763624400668 
0.014493763624400668 
0.014493763624400668 
0.014493763624400668 
0.014493763624400668 
0.014493763624400668 
0.014493763624400668 
0.014493763624400668 
0.014493763624400668 
0.014493763624400668 
0.014493763624400668 
0.014493763624400668 
0.014493763624400668 
0.014493763624400668 
0.014493763624400668 
0.014493763624400668 
0.014493763624400668 
0.014493763624400668 
0.014493763624400668 
0.014493763624400668 
0.014493763624400668 
0.014493763624400668 
0.014493763624400668 
0.014493763624400668 
0.014493763624400668 
0.014493763624400668 
0.014493763624400668 
0.014493763624400668 
0.014493763624400668 
0.014493763624400668 
0.014493763624400668 
0.014493763624400668 
0.014493763624400668 
0.014493763624400668 
0.014493763624400668 
0.014493763624400668 
0.014493763624400668 
0.014493763624400668 
0.014493763624400668 
0.014493763624400668 
0.014493763624400668 
0.014493763624400668 
0.014493763624400668 
0.014493763624400668 
0.014493763624400668 
0.014493763624400668 
0.014493763624400668 
0.014493763624400668 
0.014493763624400668 
0.014493763624400668 
0.014493763624400668 
0.014493763624400668 
0.014493763624400668 
0.014493763624400668 
0.014493763624400668 
0.014493763624400668 
0.014493763624400668 
0.014493763624400668 
0.014493763624400668 
0.014493763624400668 
0.014493763624400668 
0.014493763624400668 
0.014493763624400668 
0.014493763624400668 
0.014493763624400668 
0.014493763624400668 
0.014493763624400668 
0.014493763624400668 
0.014493763624400668 
0.014493763624400668 
0.014493763624400668 
0.014493763624400668 
0.014493763624400668 
0.014493763624400668 
0.014493763624400668 
0.014493763624400668 
0.014493763624400668 
0.014493763624400668 
0.014493763624400668 
0.014493763624400668 
0.014493763624400668 
0.014493763624400668 
0.014493763624400668 
0.014493763624400668 
0.014493763624400668 
0.014493763624400668 
0.014493763624400668 
0.014493763624400668 
0.014493763624400668 
0.014493763624400668 
0.014493763624400668 
0.014493763624400668 
0.014493763624400668 
0.014493763624400668 
0.014493763624400668 
0.014493763624400668 
0.014493763624400668 
0.014493763624400668 
0.014493763624400668 
0.014493763624400668 
0.014493763624400668 
0.014493763624400668 
0.014493763624400668 
0.014493763624400668 
0.014493763624400668 
0.014493763624400668 
0.014493763624400668 
0.014493763624400668 
0.014493763624400668 
0.014493763624400668 
0.014493763624400668 
0.014493763624400668 
0.014493763624400668 
0.014493763624400668 
0.014493763624400668 
0.014493763624400668 
0.014493763624400668 
0.014493763624400668 
0.014493763624400668 
0.014493763624400668 
0.014493763624400668 
0.014493763624400668 
0.014493763624400668 
0.014493763624400668 
0.014493763624400668 
0.014493763624400668 
0.014493763624400668 
0.014493763624400668 
0.014493763624400668 
0.014493763624400668 
0.014493763624400668 
0.014493763624400668 
0.014493763624400668 
0.014493763624400668 
0.014493763624400668 
0.014493763624400668 
0.014493763624400668 
0.014493763624400668 
0.014493763624400668 
0.014493763624400668 
0.014493763624400668 
0.014493763624400668 
0.014493763624400668 
0.014493763624400668 
0.014493763624400668 
0.014493763624400668 
0.014493763624400668 
0.014493763624400668 
0.014493763624400668 
0.014493763624400668 
0.014493763624400668 
0.014493763624400668 
0.014493763624400668 
0.014493763624400668 
0.014493763624400668 
0.014493763624400668 
0.014493763624400668 
0.014493763624400668 
0.014493763624400668 
0.014493763624400668 
0.014493763624400668 
0.014493763624400668 
0.014493763624400668 
0.014493763624400668 
0.014493763624400668 
0.014493763624400668 
0.014493763624400668 
0.014493763624400668 
0.014493763624400668 
0.014493763624400668 
0.014493763624400668 
0.014493763624400668 
0.014493763624400668 
0.014493763624400668 
0.014493763624400668 
0.014493763624400668 
0.014493763624400668 
0.014493763624400668 
0.014493763624400668 
0.014493763624400668 
0.014493763624400668 
0.014493763624400668 
0.014493763624400668 
0.014493763624400668 
0.014493763624400668 
0.014493763624400668 
0.014493763624400668 
0.014493763624400668 
0.014493763624400668 
0.014493763624400668 
0.014493763624400668 
0.014493763624400668 
0.014493763624400668 
0.014493763624400668 
0.014493763624400668 
0.014493763624400668 
0.014493763624400668 
0.014493763624400668 
0.014493763624400668 
0.014493763624400668 
0.014493763624400668 
0.014493763624400668 
0.014493763624400668 
0.014493763624400668 
0.014493763624400668 
0.014493763624400668 
0.014493763624400668 
0.014493763624400668 
0.014493763624400668 
0.014493763624400668 
0.014493763624400668 
0.014493763624400668 
0.014493763624400668 
0.014493763624400668 
0.014493763624400668 
0.014493763624400668 
0.014493763624400668 
0.014493763624400668 
0.014493763624400668 
0.014493763624400668 
0.014493763624400668 
0.014493763624400668 
0.014493763624400668 
0.014493763624400668 
0.014493763624400668 
0.014493763624400668 
0.014493763624400668 
0.014493763624400668 
0.014493763624400668 
0.014493763624400668 
0.014493763624400668 
0.014493763624400668 
0.014493763624400668 
0.014493763624400668 
0.014493763624400668 
0.014493763624400668 
0.014493763624400668 
0.014493763624400668 
0.014493763624400668 
0.014493763624400668 
0.014493763624400668 
0.014493763624400668 
0.014493763624400668 
0.014493763624400668 
0.014493763624400668 
0.014493763624400668 
0.014493763624400668 
0.014493763624400668 
0.014493763624400668 
0.014493763624400668 
0.014493763624400668 
0.014493763624400668 
0.014493763624400668 
0.014493763624400668 
0.014493763624400668 
0.014493763624400668 
0.014493763624400668 
0.014493763624400668 
0.014493763624400668 
0.014493763624400668 
0.014493763624400668 
0.014493763624400668 
0.014493763624400668 
0.014493763624400668 
