0.016314938430775645 
0.016256887771034158 
0.016198154956660958 
0.01613361013536648 
0.01608913372434949 
0.01600979500181061 
0.015969769441040785 
0.015924823389915507 
0.015890930243380973 
0.015839391907519686 
0.015794066734061876 
0.0157191735151693 
0.015673786524002423 
0.01563846539785794 
0.01559719154206936 
0.015582233986177979 
0.0155315750650087 
0.015525217679633352 
0.0154945667896847 
0.015443396517605831 
0.015427153204658338 
0.01539124114553469 
0.01536536572945792 
0.015349869575993144 
0.015297663089504879 
0.01529766308950488 
0.015293238244400693 
0.015261609875763436 
0.015230336043567785 
0.015182429845054447 
0.015162351268850092 
0.015114708068633019 
0.015072127387996691 
0.01504024680648559 
0.015034626699722211 
0.015023980830658699 
0.015013327412669052 
0.014986765361478107 
0.014928392277804063 
0.014902039591948479 
0.014858918399399063 
0.014832343038104262 
0.014816069114309638 
0.014816207341961707 
0.014826967862648114 
0.014789131144188289 
0.01478374025745853 
0.01476726975442651 
0.01477263632531445 
0.014745358591773887 
0.014761558725283723 
0.01475056826024001 
0.014723171397494496 
0.014690707811402417 
0.014652619697514847 
0.014662985234937666 
0.01463021312216606 
0.014630598073899784 
0.01462551195685129 
0.014636447656449976 
0.014598314423247636 
0.01459265568702284 
0.0145597252721334 
0.014548731903502792 
0.0145431638923585 
0.014532157995287556 
0.01453200825763597 
0.014548591134539452 
0.01453200825763597 
0.014537589346243069 
0.014526720207947836 
0.014493869600627707 
0.014493869600627707 
0.01446637148700392 
0.014455227428165908 
0.014438657001258808 
0.0144221252248065 
0.014422169600999705 
0.01440544563698048 
0.014377680480522579 
0.014383268057016806 
0.014377724993892463 
0.014394423364622844 
0.014383214661542115 
0.014361002750504576 
0.01435540650765418 
0.014349910661742809 
0.014344327938247924 
0.014322011031974526 
0.014338702870204126 
0.01432193059611727 
0.014338738577713174 
0.014333169363403196 
0.014316404017769267 
0.01429961454025947 
0.014288232920833843 
0.01427717395005048 
0.014266034627744319 
0.014271630040047983 
0.014271630040047984 
0.01424915436087349 
0.014237957156839603 
0.014249154360873489 
0.014260378676599019 
0.014260414580228723 
0.01425478782725299 
0.014266034627744319 
0.014266034627744319 
0.01425482374496437 
0.014226733145736586 
0.014226715151432534 
0.014221102066998885 
0.014209846726829956 
0.01421548226406688 
0.014209819703289694 
0.014198447239046952 
0.014204114333530266 
0.014204114333530266 
0.014198510344398809 
0.014187092725431803 
0.014187092725431803 
0.014187092725431803 
0.01418149554877764 
0.01418149554877764 
0.014181296978767492 
0.014175711058003405 
0.014175711058003405 
0.01418117061458609 
0.014186587468450614 
0.01419768995294657 
0.01419768995294657 
0.01419768995294657 
0.014191961668493895 
0.01418674085193636 
0.014170010021167946 
0.014170010021167946 
0.014158822549915653 
0.014158822549915653 
0.014170118418700672 
0.014175810382479021 
0.014192773372389202 
0.014198447239046952 
0.014198366103182435 
0.014192773372389202 
0.014187173925768303 
0.014175954853201247 
0.014192899633267333 
0.014192899633267333 
0.014192899633267333 
0.014181567755364707 
0.014187237081264271 
0.014181495548777638 
0.01417589164744144 
0.01417589164744144 
0.014170208749344519 
0.01416460038264405 
0.014153408635378267 
0.014147770990512959 
0.014153435766625715 
0.01416470882157484 
0.014170335211278523 
0.014181658013081546 
0.014176027088010237 
0.014176027088010237 
0.014181676064555981 
0.0141873092586297 
0.014192935707597635 
0.014204168402268397 
0.014192899633267333 
0.014192845521599957 
0.014192845521599957 
0.014198510344398809 
0.014204168402268397 
0.014192899633267333 
0.014187282192160698 
0.014192899633267333 
0.01419855541947842 
0.014204168402268397 
0.014198555419478422 
0.014192935707597635 
0.01419855541947842 
0.014187237081264271 
0.014181567755364707 
0.014181567755364707 
0.014187173925768303 
0.014187173925768303 
0.014187173925768303 
0.014192845521599957 
0.014192899633267333 
0.014198510344398809 
0.014192845521599957 
0.014192845521599957 
0.014209774663941719 
0.014215428238361303 
0.014215374212450407 
0.014215374212450407 
0.014220967055724445 
0.014232321525316944 
0.014226679162756148 
0.014221030061145359 
0.014221030061145359 
0.014221030061145359 
0.014226679162756148 
0.014221030061145359 
0.014221030061145359 
0.014221030061145359 
0.014226625179570873 
0.014226625179570873 
0.014232276557178054 
0.014226679162756148 
0.014226679162756148 
0.014226679162756148 
0.014221030061145359 
0.014215428238361303 
0.014215428238361303 
0.014204168402268397 
0.014209774663941719 
0.014209774663941719 
0.014204168402268397 
0.014204168402268397 
0.014204204447979478 
0.01419855541947842 
0.014192935707597639 
0.014192935707597639 
0.014181621910063742 
0.014181621910063742 
0.014187282192160698 
0.014181658013081546 
0.0141873092586297 
0.0141873092586297 
0.0141873092586297 
0.0141873092586297 
0.014192935707597639 
0.0141873092586297 
0.014192953744728403 
0.014176000000000001 
0.014170371343052374 
0.014176000000000001 
0.014181658013081546 
0.014181658013081546 
0.014181658013081546 
0.014181658013081546 
0.014176000000000001 
0.014170371343052377 
0.014170371343052377 
0.014170371343052377 
0.014170371343052377 
0.014170371343052377 
0.014170371343052377 
0.01416470882157484 
0.014176027088010237 
0.014176027088010237 
0.014176027088010237 
0.014181658013081546 
0.014181658013081546 
0.014187282192160694 
0.014192899633267333 
0.014192899633267333 
0.014187282192160698 
0.01419855541947842 
0.01419855541947842 
0.01419855541947842 
0.014204204447979478 
0.014204204447979478 
0.014209819703289694 
0.014215428238361303 
0.014215428238361303 
0.014215428238361303 
0.014215428238361303 
0.014215428238361303 
0.014215428238361303 
0.014215428238361303 
0.014215428238361303 
0.014215428238361303 
0.014215428238361303 
0.014209774663941719 
0.014209774663941719 
0.014204114333530266 
0.014204114333530266 
0.014204114333530266 
0.014204114333530266 
0.014204114333530266 
0.014204114333530266 
0.014204114333530266 
0.014204114333530266 
0.014204114333530266 
0.014198447239046952 
0.014198447239046952 
0.01420404224155927 
0.014215212133485733 
0.014226463228785995 
0.014226463228785995 
0.014226463228785995 
0.014226463228785995 
0.014226463228785995 
0.014226463228785995 
0.014226463228785995 
0.01422635526057184 
0.01422635526057184 
0.01422635526057184 
0.01422635526057184 
0.01422635526057184 
0.01422635526057184 
0.01422635526057184 
0.01422635526057184 
0.01422635526057184 
0.0142319168069519 
0.0142319168069519 
0.0142319168069519 
0.0142319168069519 
0.01423759755014869 
0.01423759755014869 
0.01423759755014869 
0.01423759755014869 
0.01423759755014869 
0.01423759755014869 
0.01423759755014869 
0.014243154706735444 
0.014243154706735444 
0.014243154706735444 
0.014243154706735444 
0.014248830969591857 
0.014248830969591857 
0.014248830969591857 
0.014248830969591857 
0.014248830969591857 
0.014254500482303825 
0.014254500482303825 
0.014254500482303825 
0.014254500482303825 
0.014254500482303825 
0.014254500482303825 
0.014254500482303825 
0.014254500482303825 
0.014254500482303825 
0.014254500482303825 
0.014254500482303825 
0.014254500482303825 
0.014254500482303825 
0.014254500482303825 
0.014254500482303825 
0.014254500482303825 
0.014254500482303825 
0.014254500482303825 
0.014254500482303825 
0.014254500482303825 
0.014254500482303825 
0.014254500482303825 
0.014260055539863791 
0.014260055539863791 
0.014260055539863791 
0.014260055539863791 
0.014260055539863791 
0.014260055539863791 
0.014260055539863791 
0.014265720591684107 
0.014265720591684107 
0.014265720591684107 
0.014265720591684107 
0.014265720591684107 
0.014265720591684107 
0.014265720591684107 
0.014265720591684107 
0.014265720591684107 
0.014265720591684107 
0.014265720591684107 
0.014265720591684107 
0.014265720591684107 
0.014271378910252507 
0.014271378910252507 
0.014271378910252507 
0.014271378910252507 
0.014271378910252507 
0.014271378910252507 
0.014271378910252507 
0.014271378910252507 
0.014271378910252507 
0.014271378910252507 
0.014271378910252507 
0.014271378910252507 
0.014271378910252507 
0.014271378910252507 
0.014271378910252507 
0.014271378910252507 
0.014271378910252507 
0.014271378910252507 
0.014271378910252507 
0.014271378910252507 
0.014271378910252507 
0.014271378910252507 
0.014271378910252507 
0.014271378910252507 
0.014276931883286407 
0.014276931883286407 
0.014276931883286407 
0.014276931883286407 
0.014276931883286407 
0.014276931883286407 
0.014276931883286407 
0.014276931883286407 
0.014276931883286407 
0.014276931883286407 
0.014276931883286407 
0.014276931883286407 
0.014276931883286407 
0.014276931883286407 
0.014276931883286407 
0.014276931883286407 
0.014276931883286407 
0.014276931883286407 
0.014276931883286407 
0.014276931883286407 
0.014276931883286407 
0.014276931883286407 
0.014276931883286407 
0.014276931883286407 
0.014276931883286407 
0.014276931883286407 
0.014276931883286407 
0.014276931883286407 
0.014276931883286407 
0.014276931883286407 
0.014276931883286407 
0.014276931883286407 
0.014276931883286407 
0.014276931883286407 
0.014276931883286407 
0.014276931883286407 
0.014276931883286407 
0.014276931883286407 
0.014276931883286407 
0.014276931883286407 
0.014276931883286407 
0.014276931883286407 
0.014276931883286407 
0.014276931883286407 
0.014276931883286407 
0.014276931883286407 
0.014276931883286407 
0.014276931883286407 
0.014271378910252508 
0.014271378910252508 
0.014271378910252508 
0.014271378910252508 
0.014271378910252508 
0.014271378910252508 
0.014271378910252508 
0.014271378910252508 
0.014271378910252508 
0.014271378910252508 
0.014271378910252508 
0.014271378910252508 
0.014271378910252508 
0.014271378910252508 
0.014271378910252508 
0.014271378910252508 
0.014271378910252508 
0.014271378910252508 
0.014271378910252508 
0.014271378910252508 
0.014271378910252508 
0.014271378910252508 
0.014271378910252508 
0.014271378910252508 
0.014271378910252508 
0.014271378910252508 
0.014271378910252508 
0.014271378910252508 
0.014271378910252508 
0.014271378910252508 
0.014271378910252508 
0.014271378910252508 
0.014271378910252508 
0.014271378910252508 
0.014271378910252508 
0.014271378910252508 
0.014271378910252508 
0.014271378910252508 
0.014271378910252508 
0.014271378910252508 
0.014271378910252508 
0.014271378910252508 
0.014271378910252508 
0.014271378910252508 
0.014271378910252508 
0.014271378910252508 
0.014271378910252508 
0.014271378910252508 
0.014271378910252508 
0.014271378910252508 
0.014271378910252508 
0.014271378910252508 
0.014271378910252508 
0.014271378910252508 
0.014271378910252508 
0.014271378910252508 
0.014271378910252508 
0.014271378910252508 
0.014271378910252508 
0.014271378910252508 
0.014271378910252508 
0.014271378910252508 
0.014271378910252508 
0.014271378910252508 
0.014271378910252508 
0.014271378910252508 
0.014271378910252508 
0.014271378910252508 
0.014271378910252508 
0.014271378910252508 
0.014271378910252508 
0.014271378910252508 
0.014271378910252508 
0.014271378910252508 
0.014271378910252508 
0.014271378910252508 
0.014271378910252508 
0.014271378910252508 
0.014271378910252508 
0.014271378910252508 
0.014271378910252508 
0.014271378910252508 
0.014271378910252508 
0.014271378910252508 
0.014271378910252508 
0.014271378910252508 
0.014271378910252508 
0.014271378910252508 
0.014271378910252508 
0.014271378910252508 
0.014271378910252508 
0.014271378910252508 
0.014271378910252508 
0.014271378910252508 
0.014271378910252508 
0.014271378910252508 
0.014277030503574616 
0.014277030503574616 
0.014277030503574616 
0.014277030503574616 
0.014277030503574616 
0.014277030503574616 
0.014277030503574616 
0.014277030503574616 
0.014277030503574616 
0.014277030503574616 
0.014277030503574616 
0.014277030503574616 
0.014277030503574616 
0.014277030503574616 
0.014277030503574616 
0.014277030503574616 
0.014277030503574616 
0.014277030503574616 
0.014277030503574616 
0.014277030503574616 
0.014277030503574616 
0.014277030503574616 
0.014277030503574616 
0.014277030503574616 
0.014277030503574616 
0.014277030503574616 
0.014277030503574616 
0.014277030503574616 
0.014277030503574616 
0.014277030503574616 
0.014277030503574616 
0.014277030503574616 
0.014277030503574616 
0.014277030503574616 
0.014277030503574616 
0.014277030503574616 
0.014277030503574616 
0.014277030503574616 
0.014277030503574616 
0.014277030503574616 
0.014277030503574616 
0.014277030503574616 
0.014277030503574616 
0.014277030503574616 
0.014277030503574616 
0.014277030503574616 
0.014277030503574616 
0.014277030503574616 
0.014277030503574616 
0.014277030503574616 
0.014277030503574616 
0.014277030503574616 
0.014277030503574616 
0.014277030503574616 
0.014277030503574616 
0.014277030503574616 
0.014277030503574616 
0.014277030503574616 
0.014277030503574616 
0.014277030503574616 
0.014277030503574616 
0.014277030503574616 
0.014277030503574616 
0.014277030503574616 
0.014277030503574616 
0.014277030503574616 
0.014277030503574616 
0.014277030503574616 
0.014277030503574616 
0.014277030503574616 
0.014277030503574616 
0.014277030503574616 
0.014277030503574616 
0.014277030503574616 
0.014277030503574616 
0.014277030503574616 
0.014277030503574616 
0.014277030503574616 
0.014277030503574616 
0.014277030503574616 
0.014277030503574616 
0.014277030503574616 
0.014277030503574616 
0.014277030503574616 
0.014277030503574616 
0.014277030503574616 
0.014277030503574616 
0.014277030503574616 
0.014277030503574616 
0.014277030503574616 
0.014277030503574616 
0.014277030503574616 
0.014277030503574616 
0.014277030503574616 
0.014277030503574616 
0.014277030503574616 
0.014277030503574616 
0.014277030503574616 
0.014277030503574616 
0.014277030503574616 
0.014277030503574616 
0.014277030503574616 
0.014277030503574616 
0.014277030503574616 
0.014277030503574616 
0.014277030503574616 
0.014277030503574616 
0.014277030503574616 
0.014277030503574616 
0.014277030503574616 
0.014277030503574616 
0.014277030503574616 
0.014277030503574616 
0.014277030503574616 
0.014277030503574616 
0.014277030503574616 
0.014277030503574616 
0.014277030503574616 
0.014277030503574616 
0.014277030503574616 
0.014277030503574616 
0.014277030503574616 
0.014277030503574616 
0.014277030503574616 
0.014277030503574616 
0.014277030503574616 
0.014277030503574616 
0.014277030503574616 
0.014277030503574616 
0.014277030503574616 
0.014277030503574616 
0.014277030503574616 
0.014277030503574616 
0.014277030503574616 
0.014277030503574616 
0.014277030503574616 
0.014277030503574616 
0.014277030503574616 
0.014277030503574616 
0.014277030503574616 
0.014277030503574616 
0.014277030503574616 
0.014277030503574616 
0.014277030503574616 
0.014277030503574616 
0.014277030503574616 
0.014277030503574616 
0.014277030503574616 
0.014277030503574616 
0.014277030503574616 
0.014277030503574616 
0.014277030503574616 
0.014277030503574616 
0.014277030503574616 
0.014277030503574616 
0.014277030503574616 
0.014277030503574616 
0.014277030503574616 
0.014277030503574616 
0.014277030503574616 
0.014277030503574616 
0.014277030503574616 
0.014277030503574616 
0.014277030503574616 
0.014277030503574616 
0.014277030503574616 
0.014277030503574616 
0.014277030503574616 
0.014277030503574616 
0.014277030503574616 
0.014277030503574616 
0.014277030503574616 
0.014277030503574616 
0.014277030503574616 
0.014277030503574616 
0.014277030503574616 
0.014277030503574616 
0.014277030503574616 
0.014277030503574616 
0.014277030503574616 
0.014277030503574616 
0.014277030503574616 
0.014277030503574616 
0.014277030503574616 
0.014277030503574616 
0.014277030503574616 
0.014277030503574616 
0.014277030503574616 
0.014277030503574616 
0.014277030503574616 
0.014277030503574616 
0.014277030503574616 
0.014277030503574616 
0.014277030503574616 
