0.0236 
0.022 
0.0212 
0.0216 
0.0212 
0.0204 
0.0204 
0.02 
0.0172 
0.0196 
0.0192 
0.0164 
0.0152 
0.014 
0.0148 
0.0136 
0.0112 
0.0148 
0.014 
0.0124 
0.0144 
0.0132 
0.0128 
0.0124 
0.0124 
0.0124 
0.0096 
0.0104 
0.0096 
0.0116 
0.0076 
0.008 
0.0088 
0.0088 
0.01 
0.01 
0.01 
0.0096 
0.0076 
0.0048 
0.0056 
0.002 
0.0032 
0.0 
0.0016 
-0.002 
-0.0016 
-0.0044 
-0.0048 
-0.006 
-0.0064 
-0.0072 
-0.0084 
-0.0076 
-0.0072 
-0.0096 
-0.0096 
-0.008 
-0.006 
-0.006 
-0.0048 
-0.006 
-0.006 
-0.006 
-0.0064 
-0.0064 
-0.0072 
-0.0068 
-0.0072 
-0.0068 
-0.006 
-0.0044 
-0.0044 
-0.0032 
-0.004 
-0.0036 
-0.0024 
-0.0016 
-0.0028 
-0.0024 
-0.002 
-0.0016 
-0.0012 
-0.0028 
-0.002 
-0.0024 
-0.0004 
0.0008 
0.0 
0.002 
0.0024 
0.0012 
0.0008 
0.0012 
0.0016 
0.004 
0.0024 
0.0008 
0.0012 
0.0012 
0.002 
0.0012 
0.002 
0.002 
0.0012 
0.0016 
0.0008 
0.0008 
0.0 
0.0004 
0.0012 
0.0008 
0.0008 
0.0004 
0.0016 
0.0032 
0.0028 
0.0028 
0.0024 
0.004 
0.004 
0.004 
0.0036 
0.0036 
0.0052 
0.0048 
0.0048 
0.006 
0.0072 
0.008 
0.008 
0.008 
0.0084 
0.0064 
0.0052 
0.0052 
0.0044 
0.0044 
0.0044 
0.004 
0.0036 
0.0032 
0.004 
0.0036 
0.0032 
0.0024 
0.002 
0.002 
0.002 
0.0028 
0.0024 
0.0036 
0.0032 
0.0032 
0.0036 
0.0032 
0.0016 
0.0012 
0.0008 
0.0016 
0.002 
0.0012 
0.0008 
0.0008 
-0.0004 
-0.0008 
-0.0012 
-0.002 
-0.002 
-0.0028 
-0.0028 
-0.0024 
-0.002 
-0.002 
-0.0016 
-0.002 
-0.0016 
-0.002 
-0.0016 
-0.0012 
-0.0016 
-0.0024 
-0.0028 
-0.0028 
-0.0032 
-0.0032 
-0.0032 
-0.0028 
-0.002 
-0.0024 
-0.0028 
-0.0028 
-0.0024 
-0.002 
-0.0028 
-0.0028 
-0.0032 
-0.0016 
-0.002 
-0.0024 
-0.0024 
-0.0024 
-0.002 
-0.0024 
-0.0024 
-0.0024 
-0.0028 
-0.0028 
-0.0024 
-0.002 
-0.002 
-0.002 
-0.0024 
-0.002 
-0.002 
-0.002 
-0.0024 
-0.0024 
-0.002 
-0.002 
-0.0012 
-0.0016 
-0.0012 
-0.0012 
-0.002 
-0.002 
-0.0016 
-0.0012 
-0.0008 
-0.0008 
-0.0008 
-0.0008 
-0.0012 
-0.0008 
-0.0004 
-0.0016 
-0.0012 
-0.0016 
-0.0012 
-0.0012 
-0.0012 
-0.0012 
-0.0016 
-0.0012 
-0.0012 
-0.0012 
-0.0012 
-0.0012 
-0.0012 
-0.0016 
-0.0008 
-0.0008 
-0.0008 
-0.0012 
-0.0012 
-0.0016 
-0.002 
-0.002 
-0.0016 
-0.0016 
-0.0016 
-0.0016 
-0.0012 
-0.0012 
-0.0016 
-0.002 
-0.002 
-0.002 
-0.002 
-0.002 
-0.002 
-0.002 
-0.002 
-0.002 
-0.002 
-0.0024 
-0.0024 
-0.0028 
-0.0028 
-0.0028 
-0.0028 
-0.0028 
-0.0028 
-0.0028 
-0.0028 
-0.0028 
-0.0032 
-0.0032 
-0.0036 
-0.0044 
-0.0044 
-0.0044 
-0.0044 
-0.0044 
-0.0044 
-0.0044 
-0.0044 
-0.0052 
-0.0052 
-0.0052 
-0.0052 
-0.0052 
-0.0052 
-0.0052 
-0.0052 
-0.0052 
-0.0056 
-0.0056 
-0.0056 
-0.0056 
-0.0052 
-0.0052 
-0.0052 
-0.0052 
-0.0052 
-0.0052 
-0.0052 
-0.0056 
-0.0056 
-0.0056 
-0.0056 
-0.0052 
-0.0052 
-0.0052 
-0.0052 
-0.0052 
-0.0048 
-0.0048 
-0.0048 
-0.0048 
-0.0048 
-0.0048 
-0.0048 
-0.0048 
-0.0048 
-0.0048 
-0.0048 
-0.0048 
-0.0048 
-0.0048 
-0.0048 
-0.0048 
-0.0048 
-0.0048 
-0.0048 
-0.0048 
-0.0048 
-0.0048 
-0.0052 
-0.0052 
-0.0052 
-0.0052 
-0.0052 
-0.0052 
-0.0052 
-0.0048 
-0.0048 
-0.0048 
-0.0048 
-0.0048 
-0.0048 
-0.0048 
-0.0048 
-0.0048 
-0.0048 
-0.0048 
-0.0048 
-0.0048 
-0.0044 
-0.0044 
-0.0044 
-0.0044 
-0.0044 
-0.0044 
-0.0044 
-0.0044 
-0.0044 
-0.0044 
-0.0044 
-0.0044 
-0.0044 
-0.0044 
-0.0044 
-0.0044 
-0.0044 
-0.0044 
-0.0044 
-0.0044 
-0.0044 
-0.0044 
-0.0044 
-0.0044 
-0.0048 
-0.0048 
-0.0048 
-0.0048 
-0.0048 
-0.0048 
-0.0048 
-0.0048 
-0.0048 
-0.0048 
-0.0048 
-0.0048 
-0.0048 
-0.0048 
-0.0048 
-0.0048 
-0.0048 
-0.0048 
-0.0048 
-0.0048 
-0.0048 
-0.0048 
-0.0048 
-0.0048 
-0.0048 
-0.0048 
-0.0048 
-0.0048 
-0.0048 
-0.0048 
-0.0048 
-0.0048 
-0.0048 
-0.0048 
-0.0048 
-0.0048 
-0.0048 
-0.0048 
-0.0048 
-0.0048 
-0.0048 
-0.0048 
-0.0048 
-0.0048 
-0.0048 
-0.0048 
-0.0048 
-0.0048 
-0.0044 
-0.0044 
-0.0044 
-0.0044 
-0.0044 
-0.0044 
-0.0044 
-0.0044 
-0.0044 
-0.0044 
-0.0044 
-0.0044 
-0.0044 
-0.0044 
-0.0044 
-0.0044 
-0.0044 
-0.0044 
-0.0044 
-0.0044 
-0.0044 
-0.0044 
-0.0044 
-0.0044 
-0.0044 
-0.0044 
-0.0044 
-0.0044 
-0.0044 
-0.0044 
-0.0044 
-0.0044 
-0.0044 
-0.0044 
-0.0044 
-0.0044 
-0.0044 
-0.0044 
-0.0044 
-0.0044 
-0.0044 
-0.0044 
-0.0044 
-0.0044 
-0.0044 
-0.0044 
-0.0044 
-0.0044 
-0.0044 
-0.0044 
-0.0044 
-0.0044 
-0.0044 
-0.0044 
-0.0044 
-0.0044 
-0.0044 
-0.0044 
-0.0044 
-0.0044 
-0.0044 
-0.0044 
-0.0044 
-0.0044 
-0.0044 
-0.0044 
-0.0044 
-0.0044 
-0.0044 
-0.0044 
-0.0044 
-0.0044 
-0.0044 
-0.0044 
-0.0044 
-0.0044 
-0.0044 
-0.0044 
-0.0044 
-0.0044 
-0.0044 
-0.0044 
-0.0044 
-0.0044 
-0.0044 
-0.0044 
-0.0044 
-0.0044 
-0.0044 
-0.0044 
-0.0044 
-0.0044 
-0.0044 
-0.0044 
-0.0044 
-0.0044 
-0.004 
-0.004 
-0.004 
-0.004 
-0.004 
-0.004 
-0.004 
-0.004 
-0.004 
-0.004 
-0.004 
-0.004 
-0.004 
-0.004 
-0.004 
-0.004 
-0.004 
-0.004 
-0.004 
-0.004 
-0.004 
-0.004 
-0.004 
-0.004 
-0.004 
-0.004 
-0.004 
-0.004 
-0.004 
-0.004 
-0.004 
-0.004 
-0.004 
-0.004 
-0.004 
-0.004 
-0.004 
-0.004 
-0.004 
-0.004 
-0.004 
-0.004 
-0.004 
-0.004 
-0.004 
-0.004 
-0.004 
-0.004 
-0.004 
-0.004 
-0.004 
-0.004 
-0.004 
-0.004 
-0.004 
-0.004 
-0.004 
-0.004 
-0.004 
-0.004 
-0.004 
-0.004 
-0.004 
-0.004 
-0.004 
-0.004 
-0.004 
-0.004 
-0.004 
-0.004 
-0.004 
-0.004 
-0.004 
-0.004 
-0.004 
-0.004 
-0.004 
-0.004 
-0.004 
-0.004 
-0.004 
-0.004 
-0.004 
-0.004 
-0.004 
-0.004 
-0.004 
-0.004 
-0.004 
-0.004 
-0.004 
-0.004 
-0.004 
-0.004 
-0.004 
-0.004 
-0.004 
-0.004 
-0.004 
-0.004 
-0.004 
-0.004 
-0.004 
-0.004 
-0.004 
-0.004 
-0.004 
-0.004 
-0.004 
-0.004 
-0.004 
-0.004 
-0.004 
-0.004 
-0.004 
-0.004 
-0.004 
-0.004 
-0.004 
-0.004 
-0.004 
-0.004 
-0.004 
-0.004 
-0.004 
-0.004 
-0.004 
-0.004 
-0.004 
-0.004 
-0.004 
-0.004 
-0.004 
-0.004 
-0.004 
-0.004 
-0.004 
-0.004 
-0.004 
-0.004 
-0.004 
-0.004 
-0.004 
-0.004 
-0.004 
-0.004 
-0.004 
-0.004 
-0.004 
-0.004 
-0.004 
-0.004 
-0.004 
-0.004 
-0.004 
-0.004 
-0.004 
-0.004 
-0.004 
-0.004 
-0.004 
-0.004 
-0.004 
-0.004 
-0.004 
-0.004 
-0.004 
-0.004 
-0.004 
-0.004 
-0.004 
-0.004 
-0.004 
-0.004 
-0.004 
-0.004 
-0.004 
-0.004 
-0.004 
-0.004 
-0.004 
-0.004 
-0.004 
-0.004 
-0.004 
-0.004 
-0.004 
-0.004 
-0.004 
-0.004 
-0.004 
-0.004 
-0.004 
-0.004 
