0.334288672684573 
0.3338738950921064 
0.3341943233606088 
0.3345150825870343 
0.33444228798746906 
0.33539119577791937 
0.33647451576547266 
0.3375692900213327 
0.33786175985839434 
0.33810610791567425 
0.33857231373963026 
0.33961120595392674 
0.3393999754784989 
0.3399478826826971 
0.3399485436599642 
0.3391229203599914 
0.33958428316115735 
0.3407066246218845 
0.34135020469645544 
0.3433941619230455 
0.3438100118955861 
0.3449089463827719 
0.345445064030046 
0.3462827573474869 
0.34865484428041216 
0.34909801085003317 
0.3493675714283788 
0.3493804613639507 
0.3499784118526218 
0.3513923892625142 
0.35179786817603087 
0.35286077338637545 
0.35423314209485113 
0.35465879106175935 
0.3548249146983396 
0.35524804463876075 
0.35573974330198105 
0.35576376979890456 
0.3574047408977039 
0.3591132970278509 
0.3607405983827416 
0.3615650156641773 
0.3620185750125682 
0.361386928607746 
0.360668039889595 
0.3610594906450441 
0.3616952256136694 
0.3622561554266803 
0.3617561555586326 
0.3622557043051736 
0.36157315390481765 
0.3618160622003387 
0.3619706805839891 
0.36318459595285835 
0.36484927721815696 
0.36486293597048103 
0.36534262050781097 
0.3652700556224513 
0.3652131846324057 
0.3652204306112742 
0.36627013725196 
0.36674030671448676 
0.36800663366014275 
0.3690377980975037 
0.3687016605283864 
0.3700342753859924 
0.37065339634519784 
0.3699967058243157 
0.3705225036987165 
0.37030678529362193 
0.37013996663319465 
0.3710777358485084 
0.3713594137605825 
0.3718638764729621 
0.37253602813904296 
0.3729787845654707 
0.37371520046819795 
0.3738746222238104 
0.37463367096785444 
0.3749956639291319 
0.37473153683363747 
0.3750212474924707 
0.37452779432908234 
0.37507012480274027 
0.37553058766663094 
0.3755867026955104 
0.376611896130506 
0.3769625688920783 
0.377593801270062 
0.3770843471302833 
0.37756534743706743 
0.37723358981140953 
0.3774736116639666 
0.37848011813059734 
0.37906698293040036 
0.37977734199108004 
0.3800221165254005 
0.3802298101653161 
0.38020038594325817 
0.3801473210119347 
0.3812236689643759 
0.3814251892458781 
0.3814471980551614 
0.3809985581272783 
0.38107350347670993 
0.38139022563388875 
0.38132471900790316 
0.3809929668418816 
0.38104698859004527 
0.381938057841958 
0.3816320952294199 
0.38192269970007475 
0.38224181508424715 
0.3817912393388374 
0.38177649089028776 
0.38183620561433707 
0.3818086933662997 
0.3820111805991272 
0.38242944420538993 
0.3830648051615145 
0.3832246428156376 
0.3834257752670148 
0.3834614519458249 
0.38369698243257383 
0.38407614644608196 
0.3840536567698968 
0.3843331414283268 
0.38453537374196456 
0.38432406582385886 
0.3839933345089894 
0.38402802390468926 
0.3837447452434884 
0.3837032526984009 
0.38377391404785866 
0.38453937672122157 
0.38453900921004786 
0.3852153902954043 
0.3852153902954043 
0.38509149919591057 
0.3847673124416205 
0.3844326860427129 
0.384753501709024 
0.3844289097291935 
0.3845822720663912 
0.38469748593538433 
0.3850672725743143 
0.38498644263806253 
0.38498644263806253 
0.38495911618182516 
0.3853609184966163 
0.38538746779316757 
0.38554880309982664 
0.38574205071113266 
0.38574205071113266 
0.38600830600583547 
0.3861712970804425 
0.38705808361512367 
0.387337479250273 
0.3870591259769509 
0.38643902932429314 
0.3860915822438068 
0.38586322605324197 
0.3861496053662757 
0.3861496053662757 
0.38569446950346464 
0.38535979645064733 
0.38519834772359496 
0.38494070517223095 
0.38535237797354316 
0.38488824561284407 
0.38488824561284407 
0.3846917326736661 
0.3844544430260961 
0.38512687681802 
0.3853945917405005 
0.38490983387685657 
0.38453690143956637 
0.38435801174226797 
0.38478645282826157 
0.3851555485691259 
0.385099234910095 
0.385369613975183 
0.3855378714255527 
0.3855378714255527 
0.38563952546919733 
0.385518101533467 
0.385518101533467 
0.38530410465654097 
0.3854601508091351 
0.385337697022901 
0.38554214755350524 
0.38554214755350524 
0.3847225911649818 
0.3845535236939503 
0.3848822732930684 
0.3848387355134102 
0.38466424844602104 
0.38429026368555336 
0.38429053600887375 
0.384363673473848 
0.384363673473848 
0.38454995456987656 
0.3841779732638622 
0.38436559752552935 
0.38436559752552935 
0.38436559752552935 
0.3843662539351305 
0.3843662539351305 
0.38399046736205444 
0.3841389478068859 
0.3841389478068859 
0.3841389478068859 
0.38441556042969016 
0.38459217784651545 
0.38459217784651545 
0.38497101851915716 
0.3848174190832607 
0.3849389650167703 
0.38520027980896526 
0.38520027980896526 
0.38483509608953914 
0.38515563078614545 
0.38545642989475937 
0.38545642989475937 
0.3859977036018374 
0.3859977036018374 
0.3858130493783487 
0.3861871567148593 
0.3858894342586528 
0.3858894342586528 
0.3858894342586528 
0.3858894342586528 
0.38581848676826747 
0.38583061326579127 
0.38580872683921785 
0.3866078638705365 
0.3868807196672583 
0.38661489070090294 
0.38638042278758905 
0.38638042278758905 
0.38638042278758905 
0.38638042278758905 
0.386394263002017 
0.38661879243799707 
0.38661879243799707 
0.38661879243799707 
0.38661879243799707 
0.38661879243799707 
0.38661879243799707 
0.3869753653397925 
0.38657742887521634 
0.38657742887521634 
0.38657742887521634 
0.3864382624760267 
0.3864382624760267 
0.3860818163814429 
0.3858816731575581 
0.3858816731575581 
0.38607468321302074 
0.3857706535374693 
0.3857706535374693 
0.3857706535374693 
0.38546309647122623 
0.38546309647122623 
0.38520544082221264 
0.38484951406418644 
0.38484951406418644 
0.38484951406418644 
0.38484951406418644 
0.38484951406418644 
0.38484951406418644 
0.38484951406418644 
0.38484951406418644 
0.38484951406418644 
0.38484951406418644 
0.3850997611747142 
0.3850997611747142 
0.38548013277397547 
0.38548013277397547 
0.38548013277397547 
0.38548013277397547 
0.38548013277397547 
0.38548013277397547 
0.38548013277397547 
0.38548013277397547 
0.38548013277397547 
0.3855909330973479 
0.3855909330973479 
0.3854319198882242 
0.38487263993352705 
0.38425291133027045 
0.38425291133027045 
0.38425291133027045 
0.38425291133027045 
0.38425291133027045 
0.38425291133027045 
0.38425291133027045 
0.38442785457170486 
0.38442785457170486 
0.38442785457170486 
0.38442785457170486 
0.38442785457170486 
0.38442785457170486 
0.38442785457170486 
0.38442785457170486 
0.38442785457170486 
0.3842537328672362 
0.3842537328672362 
0.3842537328672362 
0.3842537328672362 
0.38412411354845405 
0.38412411354845405 
0.38412411354845405 
0.38412411354845405 
0.38412411354845405 
0.38412411354845405 
0.38412411354845405 
0.38409026364371746 
0.38409026364371746 
0.38409026364371746 
0.38409026364371746 
0.3840415464247077 
0.3840415464247077 
0.3840415464247077 
0.3840415464247077 
0.3840415464247077 
0.3838095394837126 
0.3838095394837126 
0.3838095394837126 
0.3838095394837126 
0.3838095394837126 
0.3838095394837126 
0.3838095394837126 
0.3838095394837126 
0.3838095394837126 
0.3838095394837126 
0.3838095394837126 
0.3838095394837126 
0.3838095394837126 
0.3838095394837126 
0.3838095394837126 
0.3838095394837126 
0.3838095394837126 
0.3838095394837126 
0.3838095394837126 
0.3838095394837126 
0.3838095394837126 
0.3838095394837126 
0.3836530908850079 
0.3836530908850079 
0.3836530908850079 
0.3836530908850079 
0.3836530908850079 
0.3836530908850079 
0.3836530908850079 
0.3833698882884719 
0.3833698882884719 
0.3833698882884719 
0.3833698882884719 
0.3833698882884719 
0.3833698882884719 
0.3833698882884719 
0.3833698882884719 
0.3833698882884719 
0.3833698882884719 
0.3833698882884719 
0.3833698882884719 
0.3833698882884719 
0.3831940505921823 
0.3831940505921823 
0.3831940505921823 
0.3831940505921823 
0.3831940505921823 
0.3831940505921823 
0.3831940505921823 
0.3831940505921823 
0.3831940505921823 
0.3831940505921823 
0.3831940505921823 
0.3831940505921823 
0.3831940505921823 
0.3831940505921823 
0.3831940505921823 
0.3831940505921823 
0.3831940505921823 
0.3831940505921823 
0.3831940505921823 
0.3831940505921823 
0.3831940505921823 
0.3831940505921823 
0.3831940505921823 
0.3831940505921823 
0.3830244529949533 
0.3830244529949533 
0.3830244529949533 
0.3830244529949533 
0.3830244529949533 
0.3830244529949533 
0.3830244529949533 
0.3830244529949533 
0.3830244529949533 
0.3830244529949533 
0.3830244529949533 
0.3830244529949533 
0.3830244529949533 
0.3830244529949533 
0.3830244529949533 
0.3830244529949533 
0.3830244529949533 
0.3830244529949533 
0.3830244529949533 
0.3830244529949533 
0.3830244529949533 
0.3830244529949533 
0.3830244529949533 
0.3830244529949533 
0.3830244529949533 
0.3830244529949533 
0.3830244529949533 
0.3830244529949533 
0.3830244529949533 
0.3830244529949533 
0.3830244529949533 
0.3830244529949533 
0.3830244529949533 
0.3830244529949533 
0.3830244529949533 
0.3830244529949533 
0.3830244529949533 
0.3830244529949533 
0.3830244529949533 
0.3830244529949533 
0.3830244529949533 
0.3830244529949533 
0.3830244529949533 
0.3830244529949533 
0.3830244529949533 
0.3830244529949533 
0.3830244529949533 
0.3830244529949533 
0.38313507888413767 
0.38313507888413767 
0.38313507888413767 
0.38313507888413767 
0.38313507888413767 
0.38313507888413767 
0.38313507888413767 
0.38313507888413767 
0.38313507888413767 
0.38313507888413767 
0.38313507888413767 
0.38313507888413767 
0.38313507888413767 
0.38313507888413767 
0.38313507888413767 
0.38313507888413767 
0.38313507888413767 
0.38313507888413767 
0.38313507888413767 
0.38313507888413767 
0.38313507888413767 
0.38313507888413767 
0.38313507888413767 
0.38313507888413767 
0.38313507888413767 
0.38313507888413767 
0.38313507888413767 
0.38313507888413767 
0.38313507888413767 
0.38313507888413767 
0.38313507888413767 
0.38313507888413767 
0.38313507888413767 
0.38313507888413767 
0.38313507888413767 
0.38313507888413767 
0.38313507888413767 
0.38313507888413767 
0.38313507888413767 
0.38313507888413767 
0.38313507888413767 
0.38313507888413767 
0.38313507888413767 
0.38313507888413767 
0.38313507888413767 
0.38313507888413767 
0.38313507888413767 
0.38313507888413767 
0.38313507888413767 
0.38313507888413767 
0.38313507888413767 
0.38313507888413767 
0.38313507888413767 
0.38313507888413767 
0.38313507888413767 
0.38313507888413767 
0.38313507888413767 
0.38313507888413767 
0.38313507888413767 
0.38313507888413767 
0.38313507888413767 
0.38313507888413767 
0.38313507888413767 
0.38313507888413767 
0.38313507888413767 
0.38313507888413767 
0.38313507888413767 
0.38313507888413767 
0.38313507888413767 
0.38313507888413767 
0.38313507888413767 
0.38313507888413767 
0.38313507888413767 
0.38313507888413767 
0.38313507888413767 
0.38313507888413767 
0.38313507888413767 
0.38313507888413767 
0.38313507888413767 
0.38313507888413767 
0.38313507888413767 
0.38313507888413767 
0.38313507888413767 
0.38313507888413767 
0.38313507888413767 
0.38313507888413767 
0.38313507888413767 
0.38313507888413767 
0.38313507888413767 
0.38313507888413767 
0.38313507888413767 
0.38313507888413767 
0.38313507888413767 
0.38313507888413767 
0.38313507888413767 
0.38313507888413767 
0.3831143124273976 
0.3831143124273976 
0.3831143124273976 
0.3831143124273976 
0.3831143124273976 
0.3831143124273976 
0.3831143124273976 
0.3831143124273976 
0.3831143124273976 
0.3831143124273976 
0.3831143124273976 
0.3831143124273976 
0.3831143124273976 
0.3831143124273976 
0.3831143124273976 
0.3831143124273976 
0.3831143124273976 
0.3831143124273976 
0.3831143124273976 
0.3831143124273976 
0.3831143124273976 
0.3831143124273976 
0.3831143124273976 
0.3831143124273976 
0.3831143124273976 
0.3831143124273976 
0.3831143124273976 
0.3831143124273976 
0.3831143124273976 
0.3831143124273976 
0.3831143124273976 
0.3831143124273976 
0.3831143124273976 
0.3831143124273976 
0.3831143124273976 
0.3831143124273976 
0.3831143124273976 
0.3831143124273976 
0.3831143124273976 
0.3831143124273976 
0.3831143124273976 
0.3831143124273976 
0.3831143124273976 
0.3831143124273976 
0.3831143124273976 
0.3831143124273976 
0.3831143124273976 
0.3831143124273976 
0.3831143124273976 
0.3831143124273976 
0.3831143124273976 
0.3831143124273976 
0.3831143124273976 
0.3831143124273976 
0.3831143124273976 
0.3831143124273976 
0.3831143124273976 
0.3831143124273976 
0.3831143124273976 
0.3831143124273976 
0.3831143124273976 
0.3831143124273976 
0.3831143124273976 
0.3831143124273976 
0.3831143124273976 
0.3831143124273976 
0.3831143124273976 
0.3831143124273976 
0.3831143124273976 
0.3831143124273976 
0.3831143124273976 
0.3831143124273976 
0.3831143124273976 
0.3831143124273976 
0.3831143124273976 
0.3831143124273976 
0.3831143124273976 
0.3831143124273976 
0.3831143124273976 
0.3831143124273976 
0.3831143124273976 
0.3831143124273976 
0.3831143124273976 
0.3831143124273976 
0.3831143124273976 
0.3831143124273976 
0.3831143124273976 
0.3831143124273976 
0.3831143124273976 
0.3831143124273976 
0.3831143124273976 
0.3831143124273976 
0.3831143124273976 
0.3831143124273976 
0.3831143124273976 
0.3831143124273976 
0.3831143124273976 
0.3831143124273976 
0.3831143124273976 
0.3831143124273976 
0.3831143124273976 
0.3831143124273976 
0.3831143124273976 
0.3831143124273976 
0.3831143124273976 
0.3831143124273976 
0.3831143124273976 
0.3831143124273976 
0.3831143124273976 
0.3831143124273976 
0.3831143124273976 
0.3831143124273976 
0.3831143124273976 
0.3831143124273976 
0.3831143124273976 
0.3831143124273976 
0.3831143124273976 
0.3831143124273976 
0.3831143124273976 
0.3831143124273976 
0.3831143124273976 
0.3831143124273976 
0.3831143124273976 
0.3831143124273976 
0.3831143124273976 
0.3831143124273976 
0.3831143124273976 
0.3831143124273976 
0.3831143124273976 
0.3831143124273976 
0.3831143124273976 
0.3831143124273976 
0.3831143124273976 
0.3831143124273976 
0.3831143124273976 
0.3831143124273976 
0.3831143124273976 
0.3831143124273976 
0.3831143124273976 
0.3831143124273976 
0.3831143124273976 
0.3831143124273976 
0.3831143124273976 
0.3831143124273976 
0.3831143124273976 
0.3831143124273976 
0.3831143124273976 
0.3831143124273976 
0.3831143124273976 
0.3831143124273976 
0.3831143124273976 
0.3831143124273976 
0.3831143124273976 
0.3831143124273976 
0.3831143124273976 
0.3831143124273976 
0.3831143124273976 
0.3831143124273976 
0.3831143124273976 
0.3831143124273976 
0.3831143124273976 
0.3831143124273976 
0.3831143124273976 
0.3831143124273976 
0.3831143124273976 
0.3831143124273976 
0.3831143124273976 
0.3831143124273976 
0.3831143124273976 
0.3831143124273976 
0.3831143124273976 
0.3831143124273976 
0.3831143124273976 
0.3831143124273976 
0.3831143124273976 
0.3831143124273976 
0.3831143124273976 
0.3831143124273976 
0.3831143124273976 
0.3831143124273976 
0.3831143124273976 
0.3831143124273976 
0.3831143124273976 
0.3831143124273976 
0.3831143124273976 
0.3831143124273976 
0.3831143124273976 
0.3831143124273976 
0.3831143124273976 
0.3831143124273976 
0.3831143124273976 
0.3831143124273976 
0.3831143124273976 
0.3831143124273976 
