0.3284539707101401 
0.32901379856924934 
0.3288861080578304 
0.32901542678683926 
0.32995258287492923 
0.3315411240987931 
0.3312734456117363 
0.3330265808359493 
0.33312208637684965 
0.334245245778991 
0.3352404496393687 
0.33540169400048747 
0.3360261053405336 
0.33689205031673264 
0.33838498356549346 
0.3391386525260212 
0.3398089977399116 
0.34008929623924905 
0.341818069576715 
0.34080872100237264 
0.34181576567357386 
0.34220589538058555 
0.3438131246847522 
0.34581930251678744 
0.34680273681558665 
0.3467575293461716 
0.3483075381794277 
0.3487541615677916 
0.35028812713339896 
0.3515600865709711 
0.3523589863649437 
0.3537739663987382 
0.3541847544508848 
0.3543902985912189 
0.35419029847398276 
0.35416273325446784 
0.35507184420846644 
0.3552795752366829 
0.35609801350350145 
0.358295974120679 
0.35802105268446216 
0.35813171245331077 
0.3588785772385733 
0.35910054077629183 
0.3614251387325336 
0.3634170012962865 
0.3642866383918628 
0.36560062125067977 
0.36620728795645613 
0.36715911530219353 
0.36747679389095905 
0.36771587543171896 
0.36935481822173577 
0.3704739993918968 
0.3711818091861602 
0.37092521744297646 
0.3713295899528007 
0.37168856435633146 
0.37225540761683923 
0.3727007790480574 
0.3734393876347948 
0.3741945293219729 
0.37386088446124405 
0.3742088802939226 
0.3750006712684128 
0.37455984472602316 
0.37459495499037104 
0.3748936807359919 
0.37512625156700674 
0.3757110528002451 
0.37575178339352094 
0.37467803666405086 
0.37515074444144486 
0.3763412544341505 
0.3765792271351862 
0.37645634346797613 
0.3761474892948275 
0.37646342615921946 
0.37629012404019563 
0.375829170649026 
0.37634541692522533 
0.3760932065265284 
0.3765830486792484 
0.37658574763442504 
0.3771529049167052 
0.37732574204971836 
0.3781240955085503 
0.37775004595886896 
0.3776526056522604 
0.37650158610623474 
0.3764820432569431 
0.376913369050867 
0.37674063062812296 
0.37657635012104373 
0.37671546900777014 
0.37639268710156903 
0.37653435844251915 
0.3759394104353917 
0.3762657999925199 
0.3755804544052248 
0.3758880048991481 
0.3758038219140295 
0.3759402727856473 
0.37589954334096154 
0.3759742628719691 
0.3772820645234849 
0.37748006324244004 
0.3769493103823032 
0.37685517707123145 
0.3755805384172903 
0.375949690204858 
0.3764364449509457 
0.3765861886998434 
0.3763342059901094 
0.3759150565324775 
0.3761091543770325 
0.3754487385694117 
0.3753152487587015 
0.3754440297278716 
0.37607506914590727 
0.37625837031616177 
0.37625834199228597 
0.37653528594942043 
0.3766813867939138 
0.376264353647937 
0.37599418094887077 
0.3759150217298449 
0.37553440753514766 
0.3752475717890819 
0.3750957789195326 
0.3749251501752002 
0.37498269590453304 
0.37517203095247204 
0.3749962699486184 
0.3748070870003612 
0.37475054464145896 
0.373903858946052 
0.3737749779978686 
0.37373510629919604 
0.3744146997698056 
0.373936337146344 
0.3738735036631528 
0.3740439047703748 
0.3741609544234073 
0.37427654520360076 
0.3742490839749471 
0.3742055713882906 
0.37427722585741546 
0.3736479098372685 
0.3734943637453553 
0.3735665085072321 
0.373415914290242 
0.37361919564331836 
0.37384921974317653 
0.3734087929709172 
0.3731399130056539 
0.3728905580286276 
0.3730875599003204 
0.37319171931514256 
0.37295296008961015 
0.37331036599556416 
0.37324616098178925 
0.37324616098178925 
0.37355217163558024 
0.37357370308903104 
0.37342321850817733 
0.37342321850817733 
0.3734699561868677 
0.37379731750998135 
0.37379731750998135 
0.37379731750998135 
0.37379731750998135 
0.37417822945040885 
0.37417822945040885 
0.37428359754211477 
0.37443863203726235 
0.37443863203726235 
0.3742737759084155 
0.3742737759084155 
0.37417048280275117 
0.3741171985958271 
0.37404753467688323 
0.37428183388084785 
0.3744491039983515 
0.3743543844088134 
0.37447107194849566 
0.3745063863861672 
0.3745063863861672 
0.3745063863861672 
0.3744404531998891 
0.3744404531998891 
0.3744404531998891 
0.3744404531998891 
0.3744281639719706 
0.3744281639719706 
0.37444782253867714 
0.37373404039126623 
0.3734717031351337 
0.3734603300113909 
0.3735728453129886 
0.3735087983576812 
0.37292079235105685 
0.3731900669717793 
0.37288986647706546 
0.3727178242808179 
0.3726995156003863 
0.3726995156003863 
0.37270708959151067 
0.37270708959151067 
0.3727150202446416 
0.3723555285156754 
0.3723555285156754 
0.3723555285156754 
0.372767223817008 
0.3727641988350475 
0.37289688581911556 
0.3728601320908007 
0.3727943481938042 
0.37331249012369305 
0.3732397263239255 
0.3732397263239255 
0.3732397263239255 
0.37310952797133434 
0.3733373249811718 
0.37306852573335325 
0.37306852573335325 
0.37306852573335325 
0.3728701871481072 
0.37277301593057033 
0.3727062601776939 
0.3727062601776939 
0.37291258390220156 
0.37291258390220156 
0.37291258390220156 
0.37291258390220156 
0.3733982184125059 
0.3733982184125059 
0.37370616814629437 
0.37370616814629437 
0.3738122370300818 
0.3738122370300818 
0.3738122370300818 
0.373922891330703 
0.37382181290190286 
0.37402523493489603 
0.37402523493489603 
0.37413878579923643 
0.37380617036417 
0.3736041324355384 
0.3734090913395497 
0.3735386803237944 
0.373699916257309 
0.373699916257309 
0.373699916257309 
0.3737314968848233 
0.3737314968848233 
0.3737314968848233 
0.3737314968848233 
0.3737314968848233 
0.3737314968848233 
0.3737314968848233 
0.3737314968848233 
0.3737314968848233 
0.3737314968848233 
0.3736262557095873 
0.3736262557095873 
0.3730202230729013 
0.3730202230729013 
0.3730202230729013 
0.3731229550785851 
0.373341914615106 
0.373341914615106 
0.373341914615106 
0.3731780478363215 
0.3731780478363215 
0.3731780478363215 
0.3731780478363215 
0.3731780478363215 
0.3731871172958474 
0.3731871172958474 
0.3729873805477354 
0.37313979100426026 
0.37313979100426026 
0.37313979100426026 
0.37313979100426026 
0.37313979100426026 
0.37313979100426026 
0.37313979100426026 
0.3733216160090079 
0.3733216160090079 
0.3733216160090079 
0.3733216160090079 
0.3733216160090079 
0.3733216160090079 
0.3733216160090079 
0.3733216160090079 
0.3733216160090079 
0.3733216160090079 
0.3733216160090079 
0.3733216160090079 
0.3733216160090079 
0.37351628561230055 
0.3732540790906296 
0.3732540790906296 
0.3732540790906296 
0.3732540790906296 
0.37324648809786937 
0.37324648809786937 
0.37324648809786937 
0.37324648809786937 
0.37324648809786937 
0.37324648809786937 
0.37324648809786937 
0.37324648809786937 
0.37324648809786937 
0.37324648809786937 
0.37324648809786937 
0.37324648809786937 
0.37324648809786937 
0.37324648809786937 
0.37305015813161424 
0.37305015813161424 
0.37305015813161424 
0.37305015813161424 
0.3730100582085936 
0.3730100582085936 
0.3730100582085936 
0.3730100582085936 
0.37317664405970674 
0.37316465771538754 
0.37316465771538754 
0.37316465771538754 
0.37316465771538754 
0.37316465771538754 
0.37316465771538754 
0.37316465771538754 
0.37316465771538754 
0.3732937362389431 
0.3732937362389431 
0.3732937362389431 
0.3732937362389431 
0.3731966322825246 
0.3731966322825246 
0.3731966322825246 
0.3731966322825246 
0.3727517908581573 
0.3727517908581573 
0.3727664612655212 
0.3727664612655212 
0.3727664612655212 
0.3727664612655212 
0.37279710308241576 
0.37279710308241576 
0.37279710308241576 
0.37279710308241576 
0.37279710308241576 
0.37279710308241576 
0.3727275068919117 
0.3727275068919117 
0.3727275068919117 
0.3727275068919117 
0.3727275068919117 
0.3727275068919117 
0.3727275068919117 
0.3727275068919117 
0.3727275068919117 
0.3727275068919117 
0.3727275068919117 
0.3727275068919117 
0.3727275068919117 
0.3727275068919117 
0.3727275068919117 
0.3727275068919117 
0.3727275068919117 
0.3727275068919117 
0.3727275068919117 
0.3727275068919117 
0.3727275068919117 
0.3727275068919117 
0.3727275068919117 
0.3727275068919117 
0.3727275068919117 
0.3727275068919117 
0.3727275068919117 
0.3727275068919117 
0.3727275068919117 
0.3727275068919117 
0.3727275068919117 
0.3727275068919117 
0.3727275068919117 
0.372747923995837 
0.372747923995837 
0.372747923995837 
0.372747923995837 
0.372747923995837 
0.372747923995837 
0.372747923995837 
0.372747923995837 
0.372747923995837 
0.372747923995837 
0.372747923995837 
0.372747923995837 
0.372747923995837 
0.372747923995837 
0.372747923995837 
0.372747923995837 
0.372747923995837 
0.372747923995837 
0.372747923995837 
0.372747923995837 
0.372747923995837 
0.372747923995837 
0.372747923995837 
0.372747923995837 
0.372747923995837 
0.372747923995837 
0.372747923995837 
0.372747923995837 
0.372747923995837 
0.372747923995837 
0.372747923995837 
0.372747923995837 
0.372747923995837 
0.372747923995837 
0.372747923995837 
0.372747923995837 
0.372747923995837 
0.372747923995837 
0.372747923995837 
0.372747923995837 
0.372747923995837 
0.372747923995837 
0.372747923995837 
0.372747923995837 
0.372747923995837 
0.372747923995837 
0.372747923995837 
0.372747923995837 
0.372747923995837 
0.372747923995837 
0.372747923995837 
0.37258398002638 
0.37258398002638 
0.37258398002638 
0.37258398002638 
0.37258398002638 
0.37258398002638 
0.37258398002638 
0.37258398002638 
0.37258398002638 
0.37258398002638 
0.37258398002638 
0.37258398002638 
0.37258398002638 
0.37258398002638 
0.37258398002638 
0.37258398002638 
0.37258398002638 
0.37258398002638 
0.37258398002638 
0.37258398002638 
0.37258398002638 
0.37258398002638 
0.37258398002638 
0.37258398002638 
0.37258398002638 
0.37258398002638 
0.37258398002638 
0.37258398002638 
0.37258398002638 
0.37258398002638 
0.37258398002638 
0.37258398002638 
0.37258398002638 
0.37258398002638 
0.37258398002638 
0.37258398002638 
0.37258398002638 
0.37258398002638 
0.37258398002638 
0.37258398002638 
0.37258398002638 
0.37258398002638 
0.37258398002638 
0.37258398002638 
0.37258398002638 
0.37258398002638 
0.37258398002638 
0.37258398002638 
0.37258398002638 
0.37258398002638 
0.37258398002638 
0.37258398002638 
0.37258398002638 
0.37258398002638 
0.37258398002638 
0.37258398002638 
0.37258398002638 
0.37258398002638 
0.37258398002638 
0.37258398002638 
0.37258398002638 
0.37258398002638 
0.37258398002638 
0.37258398002638 
0.37258398002638 
0.37258398002638 
0.37258398002638 
0.37258398002638 
0.37258398002638 
0.37258398002638 
0.37258398002638 
0.37258398002638 
0.37258398002638 
0.37258398002638 
0.37258398002638 
0.3725247202927037 
0.3725247202927037 
0.3725247202927037 
0.3725247202927037 
0.3725247202927037 
0.3725247202927037 
0.3725247202927037 
0.3725247202927037 
0.3725247202927037 
0.3725247202927037 
0.3725247202927037 
0.3725247202927037 
0.3725247202927037 
0.3725247202927037 
0.3725247202927037 
0.3725247202927037 
0.3725247202927037 
0.3725247202927037 
0.3725247202927037 
0.3725247202927037 
0.3725247202927037 
0.3725247202927037 
0.3725247202927037 
0.3725247202927037 
0.3725247202927037 
0.3725247202927037 
0.3725247202927037 
0.3725247202927037 
0.3725247202927037 
0.3725247202927037 
0.3725247202927037 
0.3725247202927037 
0.3725247202927037 
0.3725247202927037 
0.3725247202927037 
0.3725247202927037 
0.3725247202927037 
0.3725247202927037 
0.3725247202927037 
0.3725247202927037 
0.3725247202927037 
0.3725247202927037 
0.3725247202927037 
0.3725247202927037 
0.3725247202927037 
0.3725247202927037 
0.3725247202927037 
0.3725247202927037 
0.3725247202927037 
0.3725247202927037 
0.3725247202927037 
0.3725247202927037 
0.3725247202927037 
0.3725247202927037 
0.3725247202927037 
0.3725247202927037 
0.3725247202927037 
0.3725247202927037 
0.3725247202927037 
0.3725247202927037 
0.3725247202927037 
0.3725247202927037 
0.3725247202927037 
0.3725247202927037 
0.3725247202927037 
0.3725247202927037 
0.3725247202927037 
0.3725247202927037 
0.3725247202927037 
0.3725247202927037 
0.3725247202927037 
0.3725247202927037 
0.3725247202927037 
0.3725247202927037 
0.3725247202927037 
0.3725247202927037 
0.3725247202927037 
0.3725247202927037 
0.3725247202927037 
0.3725247202927037 
0.3725247202927037 
0.3725247202927037 
0.3725247202927037 
0.3725247202927037 
0.3725247202927037 
0.3725247202927037 
0.3725247202927037 
0.3725247202927037 
0.3725247202927037 
0.3725247202927037 
0.3725247202927037 
0.3725247202927037 
0.3725247202927037 
0.3725247202927037 
0.3725247202927037 
0.3725247202927037 
0.3725247202927037 
0.3725247202927037 
0.3725247202927037 
0.3725247202927037 
0.3725247202927037 
0.3725247202927037 
0.3725247202927037 
0.3725247202927037 
0.3725247202927037 
0.3725247202927037 
0.3725247202927037 
0.3725247202927037 
0.3725247202927037 
0.3725247202927037 
0.3725247202927037 
0.3725247202927037 
0.3725247202927037 
0.3725247202927037 
0.3725247202927037 
0.3725247202927037 
0.3725247202927037 
0.3725247202927037 
0.3725247202927037 
0.3725247202927037 
0.3725247202927037 
0.3725247202927037 
0.3725247202927037 
0.3725247202927037 
0.3725247202927037 
0.3725247202927037 
0.3725247202927037 
0.3725247202927037 
0.3725247202927037 
0.3725247202927037 
0.3725247202927037 
0.3725247202927037 
0.3725247202927037 
0.3725247202927037 
0.3725247202927037 
0.3725247202927037 
0.3725247202927037 
0.3725247202927037 
0.3725247202927037 
0.3725247202927037 
0.3725247202927037 
0.3725247202927037 
0.3725247202927037 
0.3725247202927037 
0.3725247202927037 
0.3725247202927037 
0.3725247202927037 
0.3725247202927037 
0.3725247202927037 
0.3725247202927037 
0.3725247202927037 
0.3725247202927037 
0.3725247202927037 
0.3725247202927037 
0.3725247202927037 
0.3725247202927037 
0.3725247202927037 
0.3725247202927037 
0.3725247202927037 
0.3725247202927037 
0.3725247202927037 
0.3725247202927037 
0.3725247202927037 
0.3725247202927037 
0.3725247202927037 
0.3725247202927037 
0.3725247202927037 
0.3725247202927037 
0.3725247202927037 
0.3725247202927037 
0.3725247202927037 
0.3725247202927037 
0.3725247202927037 
0.3725247202927037 
0.3725247202927037 
0.3725247202927037 
0.3725247202927037 
0.3725247202927037 
0.3725247202927037 
0.3725247202927037 
0.3725247202927037 
0.3725247202927037 
0.3725247202927037 
0.3725247202927037 
0.3725247202927037 
0.3725247202927037 
0.3725247202927037 
0.3725247202927037 
0.3725247202927037 
0.3725247202927037 
0.3725247202927037 
0.3725247202927037 
0.3725247202927037 
0.3725247202927037 
0.3725247202927037 
0.3725247202927037 
0.3725247202927037 
0.3725247202927037 
0.3725247202927037 
0.3725247202927037 
0.3725247202927037 
0.3725247202927037 
0.3725247202927037 
0.3725247202927037 
0.3725247202927037 
0.3725247202927037 
0.3725247202927037 
0.3725247202927037 
0.3725247202927037 
0.3725247202927037 
0.3725247202927037 
0.3725247202927037 
0.3725247202927037 
0.3725247202927037 
