0.016262398347107354 
0.016213335745613858 
0.016193665922205513 
0.01612940470073214 
0.016054855963228074 
0.01596494359526522 
0.015949889529398003 
0.01589967748100571 
0.01584423983660939 
0.015798734126505197 
0.01574291662939241 
0.01568686380383281 
0.015630491227085604 
0.015599751792897219 
0.015532522782857909 
0.015532522782857909 
0.015490743558654634 
0.015454001941244863 
0.015386901442460726 
0.015355674390921423 
0.015345251252423335 
0.015319051667776301 
0.0152820940973415 
0.01524015747950132 
0.015182665905564805 
0.015150527911594365 
0.015129121058409176 
0.015139963540246716 
0.015103059292739337 
0.015081856649630377 
0.015076421856660815 
0.015044550375468186 
0.015023759316495987 
0.015013532029472613 
0.015023759316495987 
0.01504024680648559 
0.015013719592426122 
0.014992202773441933 
0.014975871794323026 
0.014933075235864847 
0.014933075235864847 
0.014943040654431748 
0.014927106082560006 
0.014905653155766103 
0.014857884640822865 
0.014798856172015458 
0.014777407621095117 
0.01476704438945045 
0.014745063445099175 
0.014728693085267275 
0.014734208360139339 
0.014712769963538477 
0.01468562072232563 
0.01465852161713452 
0.014647497533708616 
0.01465310888514789 
0.014636832444214152 
0.01464236920720141 
0.014620524751184548 
0.014626002051141656 
0.014598630072715729 
0.014604106819658638 
0.01462598454805693 
0.014615058535633716 
0.014598630072715729 
0.0146095508486743 
0.014615041019442951 
0.014587587052011035 
0.014609550848674302 
0.01460410681965864 
0.014593094257216322 
0.014614883372781324 
0.014609550848674302 
0.014587630924862338 
0.01458212604526514 
0.014576658602025365 
0.014571096870174187 
0.014565493469155104 
0.014576474196457795 
0.014609270481444307 
0.01462563448196351 
0.014620218329423128 
0.014603843877554978 
0.014609366858286503 
0.014609445711593578 
0.014609445711593578 
0.014603931525448892 
0.014620524751184548 
0.014631437933436344 
0.014658783578455615 
0.014647759692185014 
0.014642325498362615 
0.014647759692185014 
0.014647812123317254 
0.01463691989456798 
0.014647864554261824 
0.014658731186565908 
0.014675070562010936 
0.014675070562010936 
0.014691387408954948 
0.014680544949013304 
0.01467514034004445 
0.014686047800548656 
0.01468601293748579 
0.0146805449490133 
0.01465852161713452 
0.01465852161713452 
0.014669432708867782 
0.014680422882192463 
0.014691230581540813 
0.014691230581540813 
0.014674590829048692 
0.014679969482257107 
0.014669066227950571 
0.01468010899142101 
0.01466920584080815 
0.014690707811402417 
0.014696067501205895 
0.014696232986721463 
0.014685341807394203 
0.014685341807394203 
0.014679812532862943 
0.014696067501205895 
0.014695884593994332 
0.014706567784496829 
0.014728093427188733 
0.014733409109910714 
0.01473363498937041 
0.014750021559306279 
0.014750021559306279 
0.01475554621150976 
0.014755737053769969 
0.014744698843991355 
0.014750403384314614 
0.01476657631274088 
0.014766749676215142 
0.014788404105920284 
0.014799046455768697 
0.014815343397977654 
0.014804358277210126 
0.014820463690451795 
0.014825957776818333 
0.014820826427699637 
0.014826303113048783 
0.014826303113048783 
0.014831773461053131 
0.014837237478722246 
0.014837090819968719 
0.014842557192074416 
0.014864359522024487 
0.01486968244449087 
0.01487511962977105 
0.014875222889086402 
0.0148806451473046 
0.014896805563609939 
0.014896805563609939 
0.014907456389337518 
0.014902134075359811 
0.014896805563609939 
0.014902211379523508 
0.014886061131138755 
0.0148806451473046 
0.0148806451473046 
0.0148806451473046 
0.0148806451473046 
0.014875222889086402 
0.014875222889086402 
0.014875308937968313 
0.014875308937968313 
0.014875308937968313 
0.014875308937968313 
0.014875308937968313 
0.014880550527450253 
0.014880550527450253 
0.014880550527450253 
0.014886061131138755 
0.014886061131138755 
0.01489687430302075 
0.01489687430302075 
0.014902211379523508 
0.014907542252162159 
0.0149076109420658 
0.014913004258029298 
0.0149076109420658 
0.01491833985401861 
0.014912944176117606 
0.014923669253906695 
0.014923669253906695 
0.014923669253906695 
0.014934386629520478 
0.014934386629520478 
0.014934386629520478 
0.014934386629520478 
0.014934386629520478 
0.014934386629520478 
0.014939706021204034 
0.014955721313263363 
0.014966415736575008 
0.014961110119239148 
0.014955798340443081 
0.014966552575660168 
0.014971869088393739 
0.014977239264964687 
0.014982551985559735 
0.014982483639236854 
0.014987781690430375 
0.014987781690430375 
0.014982483639236854 
0.014982483639236854 
0.01498785855284203 
0.014998530061309343 
0.014998530061309343 
0.014998530061309343 
0.014987781690430375 
0.014993158973345144 
0.014987781690430375 
0.014993073600833153 
0.01499297115317708 
0.01499297115317708 
0.01500351958708356 
0.01500351958708356 
0.01500351958708356 
0.015008912552213769 
0.01500351958708356 
0.01500878462767722 
0.01500878462767722 
0.01500878462767722 
0.01501929638831327 
0.015013890102168725 
0.015008477604340821 
0.015008477604340821 
0.0150032295190069 
0.0150032295190069 
0.0150032295190069 
0.0150032295190069 
0.014992715030974208 
0.014992715030974208 
0.014992715030974208 
0.014992715030974208 
0.014998120415572079 
0.014998120415572079 
0.014998120415572079 
0.014998120415572079 
0.01500351958708356 
0.015014299317650491 
0.015014299317650491 
0.015008912552213769 
0.015014299317650491 
0.015019569101675321 
0.015024952046512495 
0.015019569101675321 
0.015014299317650491 
0.015014299317650491 
0.015014299317650491 
0.015019679890064235 
0.015019679890064235 
0.015019679890064235 
0.015019679890064235 
0.015019679890064235 
0.015019679890064235 
0.015019679890064235 
0.015019679890064235 
0.015019679890064235 
0.015019679890064235 
0.01502505427610829 
0.01502505427610829 
0.01503578451561474 
0.01503578451561474 
0.01503578451561474 
0.015030499126775532 
0.015035852619655461 
0.015035852619655461 
0.015035852619655461 
0.015046541130771552 
0.015046541130771552 
0.015046541130771552 
0.015046541130771552 
0.015046541130771552 
0.015051876162126769 
0.015051876162126769 
0.015057205052731401 
0.015051876162126769 
0.015051876162126769 
0.015051876162126769 
0.015051876162126769 
0.015051876162126769 
0.015051876162126769 
0.015051876162126769 
0.01504654113077155 
0.01504654113077155 
0.01504654113077155 
0.01504654113077155 
0.01504654113077155 
0.01504654113077155 
0.01504654113077155 
0.01504654113077155 
0.01504654113077155 
0.01504654113077155 
0.01504654113077155 
0.01504654113077155 
0.01504654113077155 
0.015051833642450343 
0.01506250231535252 
0.01506250231535252 
0.01506250231535252 
0.01506250231535252 
0.015067793468189029 
0.015067793468189029 
0.015067793468189029 
0.015067793468189029 
0.015067793468189029 
0.015067793468189029 
0.015067793468189029 
0.015067793468189029 
0.015067793468189029 
0.015067793468189029 
0.015067793468189029 
0.015067793468189029 
0.015067793468189029 
0.015067793468189029 
0.015073078517675148 
0.015073078517675148 
0.015073078517675148 
0.015073078517675148 
0.015078408404072359 
0.015078408404072359 
0.015078408404072359 
0.015078408404072359 
0.015073078517675148 
0.015078408404072359 
0.015078408404072359 
0.015078408404072359 
0.015078408404072359 
0.015078408404072359 
0.015078408404072359 
0.015078408404072359 
0.015078408404072359 
0.015073078517675148 
0.015073078517675148 
0.015073078517675148 
0.015073078517675148 
0.015067793468189029 
0.015067793468189029 
0.015067793468189029 
0.015067793468189029 
0.01507312097742203 
0.01507312097742203 
0.01508368973427921 
0.01508368973427921 
0.01508368973427921 
0.01508368973427921 
0.015088964974444072 
0.015088964974444072 
0.015088964974444072 
0.015088964974444072 
0.015088964974444072 
0.015088964974444072 
0.015094234130952124 
0.015094234130952124 
0.015094234130952124 
0.015094234130952124 
0.015094234130952124 
0.015094234130952124 
0.015094234130952124 
0.015094234130952124 
0.015094234130952124 
0.015094234130952124 
0.015094234130952124 
0.015094234130952124 
0.015094234130952124 
0.015094234130952124 
0.015094234130952124 
0.015094234130952124 
0.015094234130952124 
0.015094234130952124 
0.015094234130952124 
0.015094234130952124 
0.015094234130952124 
0.015094234130952124 
0.015094234130952124 
0.015094234130952124 
0.015094234130952124 
0.015094234130952124 
0.015094234130952124 
0.015094234130952124 
0.015094234130952124 
0.015094234130952124 
0.015094234130952124 
0.015094234130952124 
0.015094234130952124 
0.015099565026847627 
0.015099565026847627 
0.015099565026847627 
0.015099565026847627 
0.015099565026847627 
0.015099565026847627 
0.015099565026847627 
0.015099565026847627 
0.015099565026847627 
0.015099565026847627 
0.015099565026847627 
0.015099565026847627 
0.015099565026847627 
0.015099565026847627 
0.015099565026847627 
0.015099565026847627 
0.015099565026847627 
0.015099565026847627 
0.015099565026847627 
0.015099565026847627 
0.015099565026847627 
0.015099565026847627 
0.015099565026847627 
0.015099565026847627 
0.015099565026847627 
0.015099565026847627 
0.015099565026847627 
0.015099565026847627 
0.015099565026847627 
0.015099565026847627 
0.015099565026847627 
0.015099565026847627 
0.015099565026847627 
0.015099565026847627 
0.015099565026847627 
0.015099565026847627 
0.015099565026847627 
0.015099565026847627 
0.015099565026847627 
0.015099565026847627 
0.015099565026847627 
0.015099565026847627 
0.015099565026847627 
0.015099565026847627 
0.015099565026847627 
0.015099565026847627 
0.015099565026847627 
0.015099565026847627 
0.015099565026847627 
0.015099565026847627 
0.015099565026847627 
0.015104889804298473 
0.015104889804298473 
0.015104889804298473 
0.015104889804298473 
0.015104889804298473 
0.015104889804298473 
0.015104889804298473 
0.015104889804298473 
0.015104889804298473 
0.015104889804298473 
0.015104889804298473 
0.015104889804298473 
0.015104889804298473 
0.015104889804298473 
0.015104889804298473 
0.015104889804298473 
0.015104889804298473 
0.015104889804298473 
0.015104889804298473 
0.015104889804298473 
0.015104889804298473 
0.015104889804298473 
0.015104889804298473 
0.015104889804298473 
0.015104889804298473 
0.015104889804298473 
0.015104889804298473 
0.015104889804298473 
0.015104889804298473 
0.015104889804298473 
0.015104889804298473 
0.015104889804298473 
0.015104889804298473 
0.015104889804298473 
0.015104889804298473 
0.015104889804298473 
0.015104889804298473 
0.015104889804298473 
0.015104889804298473 
0.015104889804298473 
0.015104889804298473 
0.015104889804298473 
0.015104889804298473 
0.015104889804298473 
0.015104889804298473 
0.015104889804298473 
0.015104889804298473 
0.015104889804298473 
0.015104889804298473 
0.015104889804298473 
0.015104889804298473 
0.015104889804298473 
0.015104889804298473 
0.015104889804298473 
0.015104889804298473 
0.015104889804298473 
0.015104889804298473 
0.015104889804298473 
0.015104889804298473 
0.015104889804298473 
0.015104889804298473 
0.015104889804298473 
0.015104889804298473 
0.015104889804298473 
0.015104889804298473 
0.015104889804298473 
0.015104889804298473 
0.015104889804298473 
0.015104889804298473 
0.015104889804298473 
0.015104889804298473 
0.015104889804298473 
0.015104889804298473 
0.015104889804298473 
0.015104889804298473 
0.01511015764312206 
0.01511015764312206 
0.01511015764312206 
0.01511015764312206 
0.01511015764312206 
0.01511015764312206 
0.01511015764312206 
0.01511015764312206 
0.01511015764312206 
0.01511015764312206 
0.01511015764312206 
0.01511015764312206 
0.01511015764312206 
0.01511015764312206 
0.01511015764312206 
0.01511015764312206 
0.01511015764312206 
0.01511015764312206 
0.01511015764312206 
0.01511015764312206 
0.01511015764312206 
0.01511015764312206 
0.01511015764312206 
0.01511015764312206 
0.01511015764312206 
0.01511015764312206 
0.01511015764312206 
0.01511015764312206 
0.01511015764312206 
0.01511015764312206 
0.01511015764312206 
0.01511015764312206 
0.01511015764312206 
0.01511015764312206 
0.01511015764312206 
0.01511015764312206 
0.01511015764312206 
0.01511015764312206 
0.01511015764312206 
0.01511015764312206 
0.01511015764312206 
0.01511015764312206 
0.01511015764312206 
0.01511015764312206 
0.01511015764312206 
0.01511015764312206 
0.01511015764312206 
0.01511015764312206 
0.01511015764312206 
0.01511015764312206 
0.01511015764312206 
0.01511015764312206 
0.01511015764312206 
0.01511015764312206 
0.01511015764312206 
0.01511015764312206 
0.01511015764312206 
0.01511015764312206 
0.01511015764312206 
0.01511015764312206 
0.01511015764312206 
0.01511015764312206 
0.01511015764312206 
0.01511015764312206 
0.01511015764312206 
0.01511015764312206 
0.01511015764312206 
0.01511015764312206 
0.01511015764312206 
0.01511015764312206 
0.01511015764312206 
0.01511015764312206 
0.01511015764312206 
0.01511015764312206 
0.01511015764312206 
0.01511015764312206 
0.01511015764312206 
0.01511015764312206 
0.01511015764312206 
0.01511015764312206 
0.01511015764312206 
0.01511015764312206 
0.01511015764312206 
0.01511015764312206 
0.01511015764312206 
0.01511015764312206 
0.01511015764312206 
0.01511015764312206 
0.01511015764312206 
0.01511015764312206 
0.01511015764312206 
0.01511015764312206 
0.01511015764312206 
0.01511015764312206 
0.01511015764312206 
0.01511015764312206 
0.01511015764312206 
0.01511015764312206 
0.01511015764312206 
0.01511015764312206 
0.01511015764312206 
0.01511015764312206 
0.01511015764312206 
0.01511015764312206 
0.01511015764312206 
0.01511015764312206 
0.01511015764312206 
0.01511015764312206 
0.01511015764312206 
0.01511015764312206 
0.01511015764312206 
0.01511015764312206 
0.01511015764312206 
0.01511015764312206 
0.01511015764312206 
0.01511015764312206 
0.01511015764312206 
0.01511015764312206 
0.01511015764312206 
0.01511015764312206 
0.01511015764312206 
0.01511015764312206 
0.01511015764312206 
0.01511015764312206 
0.01511015764312206 
0.01511015764312206 
0.01511015764312206 
0.01511015764312206 
0.01511015764312206 
0.01511015764312206 
0.01511015764312206 
0.01511015764312206 
0.01511015764312206 
0.01511015764312206 
0.01511015764312206 
0.01511015764312206 
0.01511015764312206 
0.01511015764312206 
0.01511015764312206 
0.01511015764312206 
0.01511015764312206 
0.01511015764312206 
0.01511015764312206 
0.01511015764312206 
0.01511015764312206 
0.01511015764312206 
0.01511015764312206 
0.01511015764312206 
0.01511015764312206 
0.01511015764312206 
0.01511015764312206 
0.01511015764312206 
0.01511015764312206 
0.01511015764312206 
0.01511015764312206 
0.01511015764312206 
0.01511015764312206 
0.01511015764312206 
0.01511015764312206 
0.01511015764312206 
0.01511015764312206 
0.01511015764312206 
0.01511015764312206 
0.01511015764312206 
0.01511015764312206 
0.01511015764312206 
0.01511015764312206 
0.01511015764312206 
0.01511015764312206 
0.01511015764312206 
0.01511015764312206 
0.01511015764312206 
0.01511015764312206 
0.01511015764312206 
0.01511015764312206 
0.01511015764312206 
0.01511015764312206 
0.01511015764312206 
0.01511015764312206 
0.01511015764312206 
0.01511015764312206 
0.01511015764312206 
0.01511015764312206 
0.01511015764312206 
0.01511015764312206 
0.01511015764312206 
0.01511015764312206 
0.01511015764312206 
0.01511015764312206 
0.01511015764312206 
0.01511015764312206 
0.01511015764312206 
0.01511015764312206 
0.01511015764312206 
0.01511015764312206 
0.01511015764312206 
0.01511015764312206 
0.01511015764312206 
0.01511015764312206 
0.01511015764312206 
0.01511015764312206 
0.01511015764312206 
0.01511015764312206 
0.01511015764312206 
0.01511015764312206 
0.01511015764312206 
0.01511015764312206 
0.01511015764312206 
0.01511015764312206 
0.01511015764312206 
0.01511015764312206 
0.01511015764312206 
0.01511015764312206 
0.01511015764312206 
