0.016196987374200177 
0.01616200185620581 
0.01612149670471076 
0.016095840953488576 
0.016060467739141347 
0.0160201852673432 
0.016000197998774893 
0.01595366089648392 
0.015937435678301574 
0.015911040695064545 
0.01587553791214647 
0.0158595838533046 
0.01582276840505479 
0.015792403236999746 
0.01577626774620664 
0.01575057383081645 
0.015713995799923074 
0.01567040522768955 
0.01565791097177398 
0.015628003583311595 
0.0155862175013696 
0.015553777676178864 
0.015532357966516223 
0.015509142593966954 
0.015481045959495112 
0.015457480260378792 
0.015419708946669518 
0.015396880723055562 
0.015357789424262852 
0.015345149070634667 
0.015321992559716247 
0.01527550928774553 
0.015242886865682627 
0.015225349388437693 
0.015198450447331795 
0.01518081104552718 
0.015138114017274414 
0.015124866941563486 
0.01507786510086889 
0.015059893226713129 
0.015041861586918025 
0.01502659828437561 
0.015011315198875812 
0.015002455265722341 
0.01499783664399636 
0.01498111023923127 
0.01495534473022939 
0.014921713574519517 
0.014897194366725567 
0.014892594669835071 
0.014863379965539466 
0.01486180392819122 
0.014843247084112022 
0.014813831374765949 
0.014778068074007509 
0.01474671271843322 
0.014723258335028971 
0.014714127089297549 
0.014701507949866912 
0.014697972649314599 
0.014687082760031007 
0.014674388028125738 
0.014677111432431111 
0.01467979509393779 
0.014668891710009997 
0.01464971044082442 
0.01464971044082442 
0.014652320498815194 
0.014650398492873837 
0.014624636747625564 
0.014620662638882 
0.014601207621289412 
0.014590245508558107 
0.014568296537344372 
0.01456382147652188 
0.014544264024006166 
0.014524640580751045 
0.014502592319995759 
0.014500491577874176 
0.014482872643229314 
0.014465227823992264 
0.014449692038240819 
0.014445215678555995 
0.014429860151782483 
0.014385539405945122 
0.014381078679987811 
0.014361002750504576 
0.014349912891721679 
0.014354369926959522 
0.014352122630468289 
0.014345416550243495 
0.01434314107857829 
0.01432737240389877 
0.014313866843030223 
0.014302360084964999 
0.014286763664315303 
0.014279968627416517 
0.014273165871662809 
0.014273165871662812 
0.014277566179149723 
0.014270753308778061 
0.014247806848775007 
0.01423846283838252 
0.014206565242872747 
0.01421092762630223 
0.01419019379712624 
0.014180676429564283 
0.01418761375284794 
0.014176331824558847 
0.014164148544829655 
0.014164148544829655 
0.01414321038519897 
0.014122200395122568 
0.014123793258186699 
0.014115181047368822 
0.014126511812899884 
0.01410542250342045 
0.014098376644138854 
0.014091322720028806 
0.014070112437361686 
0.014088551948301855 
0.014095616339841265 
0.014074398885920492 
0.014067310190651232 
0.014064489183756372 
0.014043142668220671 
0.014028870802741041 
0.014011652293716115 
0.01399729345266434 
0.01399729345266434 
0.013975693184955085 
0.013945548967322871 
0.013957017446431743 
0.013957017446431743 
0.01394978652166405 
0.013957017446431743 
0.013964240043768941 
0.01393648678828348 
0.013932268157051817 
0.01393342800605795 
0.01393035017506739 
0.01393035017506739 
0.013915760273876523 
0.013896944124518886 
0.013886479179403253 
0.013874952396314734 
0.013878097852371556 
0.013889622025094852 
0.01388122415351038 
0.013870761190360101 
0.013874952396314734 
0.013874952396314734 
0.013874952396314734 
0.013859221334548345 
0.013851870054256213 
0.013851870054256213 
0.013866564102184793 
0.013866564102184793 
0.013850814272092456 
0.013846601893605521 
0.013847671862085697 
0.01384346777364689 
0.01384346777364689 
0.013843467773646891 
0.01383611274889013 
0.013821377065980077 
0.013818190909087917 
0.013803399001695199 
0.013807582844220054 
0.013803399001695199 
0.013795990142066642 
0.013795990142066642 
0.013788572659996392 
0.013784387690427167 
0.013788572659996395 
0.013795990142066642 
0.01378760950999121 
0.01378019680556123 
0.0137611534400282 
0.0137611534400282 
0.013753717170278004 
0.013746272221951666 
0.013742079027570756 
0.013734627770711516 
0.013730431020182869 
0.013730431020182869 
0.013734627770711516 
0.013742079027570756 
0.013742079027570756 
0.013737879894656236 
0.013722973438726754 
0.013730431020182869 
0.013726228323906025 
0.013733674817760904 
0.013711309200802088 
0.013692156002616973 
0.013680465489156428 
0.013687950905814938 
0.013680465489156428 
0.013672042129835615 
0.01367529977733578 
0.013679522798694404 
0.013672042129835615 
0.013679522798694404 
0.013683739839678332 
0.013691214117089835 
0.013687950905814938 
0.013687950905814938 
0.013680465489156428 
0.013692156002616973 
0.0136846682093502 
0.013672971293760548 
0.013672971293760548 
0.013672971293760548 
0.013665468305184423 
0.013672971293760548 
0.013665468305184423 
0.013665468305184423 
0.013665468305184423 
0.01366126436315468 
0.01366126436315468 
0.013672971293760548 
0.013672971293760548 
0.013672971293760548 
0.01367717163744025 
0.01367717163744025 
0.013681366013669833 
0.013693055758303183 
0.013688864963904058 
0.013693055758303183 
0.013693055758303183 
0.013688864963904058 
0.013688864963904058 
0.0136846682093502 
0.013672971293760548 
0.013681366013669833 
0.013688864963904056 
0.013693055758303183 
0.013693055758303183 
0.013693055758303183 
0.013685554427936049 
0.013685554427936049 
0.013689736885711134 
0.013689736885711134 
0.013693913392452867 
0.013689736885711134 
0.013689736885711134 
0.01366717293371237 
0.01366717293371237 
0.013662997621312829 
0.013662997621312829 
0.013662997621312829 
0.013674703068074274 
0.013674703068074274 
0.013674703068074274 
0.01366717293371237 
0.01365963396288495 
0.013663800935318106 
0.013656250729977098 
0.013671342289621746 
0.013671342289621746 
0.013671342289621746 
0.013671342289621746 
0.013671342289621746 
0.013671342289621746 
0.013667961954878278 
0.013656998206048059 
0.013664562049330375 
0.013668708790518583 
0.013668708790518583 
0.013668708790518583 
0.013664562049330375 
0.013649425482415004 
0.013649425482415004 
0.013661142558366045 
0.013665280970400866 
0.013669413447547778 
0.013669413447547778 
0.013661833551906566 
0.013654244761245491 
0.013658366520195597 
0.01367007593248845 
0.01367007593248845 
0.013674188239160672 
0.013678294630545138 
0.013682395111967787 
0.013674794331177345 
0.013674794331177345 
0.013674794331177345 
0.013670696251471612 
0.013662482351315225 
0.013662482351315225 
0.013666592259960052 
0.01365898737095836 
0.01365898737095836 
0.01365898737095836 
0.01365898737095836 
0.01365898737095836 
0.013666592259960052 
0.013670696251471612 
0.013670696251471612 
0.013666592259960052 
0.013674188239160672 
0.013674188239160672 
0.013666592259960052 
0.013662482351315225 
0.013654879860328322 
0.013662482351315225 
0.013662482351315225 
0.013662482351315225 
0.013662482351315225 
0.013658987370958362 
0.013639648089302013 
0.013639648089302013 
0.013639648089302013 
0.01364375080393951 
0.013636119095989153 
0.013636119095989153 
0.013636119095989153 
0.013636119095989153 
0.013628478418370848 
0.013620828755989849 
0.013620828755989849 
0.013620828755989849 
0.013620828755989849 
0.013613170093699702 
0.013620828755989849 
0.013624918348379193 
0.013624918348379193 
0.013624918348379193 
0.013620828755989849 
0.013620828755989849 
0.013624918348379192 
0.013624918348379192 
0.013620828755989849 
0.013628478418370848 
0.013636119095989153 
0.01364375080393951 
0.013636119095989153 
0.01364375080393951 
0.01364375080393951 
0.013639648089302013 
0.013651373557265216 
0.013651373557265216 
0.013651373557265216 
0.013658987370958362 
0.013658987370958362 
0.013658987370958362 
0.013658987370958362 
0.013658987370958362 
0.013654879860328322 
0.013654879860328322 
0.013654879860328322 
0.013654879860328322 
0.013654879860328322 
0.013654879860328322 
0.013662482351315225 
0.013662482351315225 
0.013654879860328322 
0.013654879860328322 
0.013654879860328322 
0.01365898737095836 
0.01365898737095836 
0.013666592259960052 
0.013674188239160672 
0.013674188239160672 
0.013674188239160672 
0.013666592259960052 
0.013674188239160672 
0.01367007593248845 
0.01367007593248845 
0.013677660618687686 
0.013677660618687686 
0.013677660618687686 
0.013677660618687686 
0.01367007593248845 
0.01367007593248845 
0.01367007593248845 
0.01367007593248845 
0.01367007593248845 
0.01367007593248845 
0.01367007593248845 
0.013674188239160672 
0.013674188239160672 
0.013674188239160672 
0.013666592259960052 
0.013666592259960052 
0.013666592259960052 
0.013666592259960052 
0.013666592259960052 
0.013670696251471612 
0.013670696251471612 
0.013670696251471612 
0.013670696251471612 
0.013670696251471612 
0.013666592259960052 
0.013666592259960052 
0.013666592259960052 
0.013674188239160672 
0.013674188239160672 
0.013674188239160672 
0.013674188239160672 
0.013678294630545138 
0.013678294630545138 
0.013678294630545138 
0.013682395111967787 
0.013682395111967787 
0.013682395111967787 
0.013682395111967787 
0.013682395111967787 
0.013682395111967787 
0.013682395111967787 
0.013686489688740498 
0.013694083978127198 
0.013694083978127198 
0.013701669387341091 
0.013701669387341091 
0.013701669387341091 
0.013709245931122544 
0.013709245931122544 
0.013709245931122544 
0.013709245931122544 
0.013709245931122544 
0.013705144143714798 
0.013705144143714798 
0.013705144143714798 
0.013705144143714798 
0.013705144143714798 
0.013705144143714798 
0.013709245931122544 
0.013709245931122544 
0.013709245931122544 
0.013709245931122544 
0.013705144143714798 
0.013705144143714798 
0.013705144143714798 
0.013705144143714798 
0.013705144143714798 
0.013705144143714798 
0.013705144143714798 
0.013705144143714798 
0.01369757000347142 
0.013705144143714798 
0.013705144143714798 
0.013712709433222886 
0.013712709433222886 
0.013712709433222886 
0.013712709433222886 
0.013712709433222886 
0.013712709433222886 
0.013712709433222886 
0.013712709433222886 
0.013716813624162136 
0.013716813624162136 
0.013716813624162136 
0.013716813624162136 
0.013716813624162136 
0.013716813624162136 
0.013716813624162136 
0.013716813624162136 
0.013716813624162136 
0.013716813624162136 
0.013716813624162136 
0.013716813624162136 
0.013716813624162136 
0.013716813624162136 
0.013712709433222886 
0.013716813624162136 
0.013716813624162136 
0.013716813624162136 
0.013716813624162136 
0.013716813624162136 
0.013716813624162136 
0.013716813624162136 
0.013716813624162136 
0.013716813624162136 
0.013716813624162136 
0.013716813624162136 
0.013716813624162136 
0.013716813624162136 
0.013716813624162136 
0.013716813624162136 
0.013716813624162136 
0.013716813624162136 
0.013716813624162136 
0.013716813624162136 
0.013716813624162136 
0.013716813624162136 
0.013716813624162136 
0.013709245931122544 
0.013709245931122544 
0.013709245931122544 
0.013709245931122544 
0.013709245931122544 
0.013709245931122544 
0.013709245931122544 
0.013716813624162136 
0.013716813624162136 
0.013716813624162136 
0.013716813624162136 
0.013716813624162136 
0.013716813624162136 
0.013724372481100911 
0.013724372481100911 
0.013724372481100911 
0.013724372481100911 
0.013724372481100911 
0.013724372481100911 
0.013724372481100911 
0.013724372481100911 
0.013724372481100911 
0.013724372481100911 
0.013724372481100911 
0.013724372481100911 
0.013728473185318169 
0.013728473185318169 
0.013728473185318169 
0.013728473185318169 
0.013728473185318169 
0.013728473185318169 
0.013725004335154143 
0.013725004335154143 
0.013725004335154143 
0.013725004335154143 
0.013725004335154143 
0.013725004335154143 
0.013725004335154143 
0.013725004335154143 
0.013729090865749267 
0.013729090865749267 
0.013729090865749267 
0.013729090865749267 
0.013729090865749267 
0.013729090865749267 
0.013729090865749267 
0.013729090865749267 
0.013729090865749267 
0.013729090865749267 
0.013729090865749267 
0.013736656944103975 
0.013736656944103975 
0.013736656944103975 
0.013736656944103975 
0.013736656944103975 
0.013736656944103975 
0.013736656944103975 
0.013736656944103975 
0.013736656944103975 
0.013736656944103975 
0.013736656944103975 
0.013736656944103975 
0.013736656944103975 
0.013736656944103975 
0.013736656944103975 
0.013736656944103975 
0.013736656944103975 
0.013736656944103975 
0.013736656944103975 
0.013736656944103975 
0.013736656944103975 
0.013736656944103975 
0.013736656944103975 
0.013736656944103975 
0.013736656944103975 
0.013736656944103975 
0.013736656944103975 
0.013736656944103975 
0.013736656944103975 
0.013736656944103975 
0.013736656944103975 
0.013736656944103975 
0.013736656944103975 
0.013736656944103975 
0.013736656944103975 
0.013736656944103975 
0.013736656944103975 
0.013736656944103975 
0.013736656944103975 
0.013736656944103975 
0.013736656944103975 
0.013736656944103975 
0.013736656944103975 
0.013736656944103975 
0.013736656944103975 
0.013736656944103975 
0.013736656944103975 
0.013729090865749267 
0.013729090865749267 
0.013729090865749267 
0.013729090865749267 
0.013729090865749267 
0.013729090865749267 
0.013729090865749267 
0.013729090865749267 
0.013729090865749267 
0.013729090865749267 
0.013729090865749267 
0.013733171520082315 
0.013733171520082315 
0.013733171520082315 
0.013733171520082315 
0.013725594194788072 
0.013725594194788072 
0.013725594194788072 
0.013725594194788072 
0.013718008018659269 
0.013713932185919544 
0.013713932185919544 
0.013713932185919544 
0.013713932185919544 
0.013713932185919544 
0.013713932185919544 
0.013713932185919544 
0.013713932185919544 
0.013713932185919544 
0.013713932185919544 
0.013713932185919544 
0.013713932185919544 
0.013713932185919544 
0.013713932185919544 
0.013713932185919544 
0.013713932185919544 
0.013721515951235125 
0.013721515951235125 
0.013721515951235125 
0.013721515951235125 
0.013721515951235125 
0.013721515951235125 
0.013721515951235125 
0.013721515951235125 
0.013721515951235125 
0.013721515951235125 
0.013721515951235125 
0.013729090865749267 
0.013729090865749267 
0.013729090865749267 
0.013729090865749267 
0.013729090865749267 
0.013729090865749267 
0.013729090865749267 
0.013729090865749267 
0.013733171520082315 
0.013740740009184366 
0.013740740009184366 
0.013740740009184366 
0.013740740009184366 
0.013740740009184366 
0.013740740009184366 
0.013740740009184366 
0.013740740009184366 
0.013740740009184366 
0.013740740009184366 
0.013740740009184366 
0.013740740009184366 
0.013740740009184366 
0.013740740009184366 
0.013740740009184366 
0.013740740009184366 
0.013748299676687295 
0.013748299676687295 
0.013748299676687295 
0.013748299676687295 
0.013748299676687295 
0.013748299676687295 
0.013748299676687295 
0.013748299676687295 
0.013748299676687295 
0.013748299676687295 
0.013748299676687295 
0.013748299676687295 
0.013748299676687295 
0.013748299676687295 
0.013748299676687295 
0.013748299676687295 
0.013748299676687295 
0.013748299676687295 
0.013748299676687295 
0.013748299676687295 
0.013752379285054642 
0.013752379285054642 
0.013752379285054642 
0.013752379285054642 
0.013752379285054642 
0.013752379285054642 
0.013752379285054642 
0.013752379285054642 
0.013752379285054642 
0.013752379285054642 
0.013752379285054642 
0.013752379285054642 
0.013752379285054642 
0.013752379285054642 
0.013752379285054642 
0.013752379285054642 
0.013752379285054642 
0.013752379285054642 
0.013752379285054642 
0.013752379285054642 
0.013752379285054642 
0.013752379285054642 
0.013752379285054642 
0.013752379285054642 
0.013752379285054642 
0.013752379285054642 
0.013752379285054642 
0.013752379285054642 
0.013752379285054642 
0.013752379285054642 
0.013752379285054642 
0.013752379285054642 
0.013752379285054642 
0.013752379285054642 
0.013752379285054642 
0.013752379285054642 
0.013752379285054642 
0.013752379285054642 
0.013752379285054642 
0.013752379285054642 
0.013752379285054642 
0.013752379285054642 
0.013752379285054642 
0.013752379285054642 
0.013752379285054642 
0.013752379285054642 
0.013752379285054642 
0.013752379285054642 
0.013752379285054642 
0.013752379285054642 
0.013752379285054642 
0.013752379285054642 
0.013752379285054642 
0.013752379285054642 
0.013752379285054642 
0.013752379285054642 
0.013752379285054642 
0.013752379285054642 
0.013752379285054642 
0.013752379285054642 
0.013752379285054642 
0.013752379285054642 
0.013752379285054642 
0.013752379285054642 
0.013752379285054642 
0.013752379285054642 
0.013752379285054642 
0.013752379285054642 
0.013752379285054642 
0.013752379285054642 
0.013752379285054642 
0.013752379285054642 
0.013752379285054642 
0.013752379285054642 
0.013752379285054642 
0.013752379285054642 
0.013752379285054642 
0.013752379285054642 
0.013752379285054642 
0.013752379285054642 
0.013752379285054642 
0.013752379285054642 
0.013752379285054642 
0.013752379285054642 
0.013752379285054642 
0.013752379285054642 
0.013752379285054642 
0.013752379285054642 
0.013752379285054642 
0.013752379285054642 
0.013752379285054642 
0.013752379285054642 
0.013752379285054642 
0.013752379285054642 
0.013752379285054642 
0.013752379285054642 
0.013752379285054642 
0.013752379285054642 
0.013752379285054642 
0.013752379285054642 
0.013752379285054642 
0.013752379285054642 
0.013752379285054642 
0.013752379285054642 
0.013752379285054642 
0.013752379285054642 
0.013752379285054642 
0.013752379285054642 
0.013752379285054642 
0.013752379285054642 
0.013752379285054642 
0.013752379285054642 
0.013752379285054642 
0.013752379285054642 
0.013752379285054642 
0.013752379285054642 
0.013752379285054642 
0.013752379285054642 
0.013752379285054642 
0.013752379285054642 
0.013752379285054642 
0.013752379285054642 
0.013752379285054642 
0.013752379285054642 
0.013752379285054642 
0.013752379285054642 
0.013752379285054642 
0.013752379285054642 
0.013756453031214115 
0.013756453031214115 
0.013756453031214115 
0.013756453031214115 
0.013756453031214115 
0.013756453031214115 
0.013756453031214115 
0.013756453031214115 
0.013756453031214115 
0.013756453031214115 
0.013756453031214115 
0.013756453031214115 
0.013756453031214115 
0.013756453031214115 
0.013756453031214115 
0.013756453031214115 
0.013756453031214115 
0.013756453031214115 
0.013756453031214115 
0.013756453031214115 
0.013756453031214115 
0.013756453031214115 
0.013756453031214115 
0.013756453031214115 
0.013756453031214115 
0.013756453031214115 
0.013756453031214115 
0.013756453031214115 
0.013756453031214115 
0.013756453031214115 
0.013756453031214115 
0.013756453031214115 
0.013756453031214115 
0.013756453031214115 
0.013756453031214115 
0.013756453031214115 
0.013756453031214115 
0.013756453031214115 
0.013756453031214115 
0.013756453031214115 
0.013756453031214115 
0.013756453031214115 
0.013756453031214115 
0.013756453031214115 
0.013756453031214115 
0.013756453031214115 
0.013756453031214115 
0.013756453031214115 
0.013756453031214115 
0.013756453031214115 
0.013756453031214115 
0.013756453031214115 
0.013756453031214115 
0.013756453031214115 
0.013756453031214115 
0.013756453031214115 
0.013756453031214115 
0.013756453031214115 
0.013756453031214115 
0.013756453031214115 
0.013756453031214115 
0.013756453031214115 
0.013756453031214115 
0.013756453031214115 
0.013756453031214115 
0.013756453031214115 
0.013756453031214115 
0.013756453031214115 
0.013756453031214115 
0.013756453031214115 
0.013756453031214115 
0.013756453031214115 
0.013756453031214115 
0.013756453031214115 
0.013756453031214115 
0.013756453031214115 
0.013756453031214115 
0.013756453031214115 
0.013756453031214115 
0.013756453031214115 
0.013756453031214115 
0.013756453031214115 
0.013756453031214115 
0.013756453031214115 
0.013756453031214115 
0.013756453031214115 
0.013756453031214115 
0.013756453031214115 
0.013756453031214115 
0.013756453031214115 
0.013756453031214115 
0.013756453031214115 
0.013756453031214115 
0.013756453031214115 
0.013756453031214115 
0.013756453031214115 
0.013756453031214115 
0.013756453031214115 
0.013756453031214115 
0.013756453031214115 
0.013756453031214115 
0.013756453031214115 
0.013756453031214115 
0.013756453031214115 
0.013756453031214115 
0.013756453031214115 
0.013756453031214115 
0.013756453031214115 
0.013756453031214115 
0.013756453031214115 
0.013756453031214115 
0.013756453031214115 
0.013756453031214115 
0.013756453031214115 
0.013756453031214115 
0.013756453031214115 
0.013756453031214115 
0.013756453031214115 
0.013756453031214115 
0.013756453031214115 
0.013756453031214115 
0.013756453031214115 
0.013756453031214115 
0.013756453031214115 
0.013756453031214115 
0.013756453031214115 
0.013756453031214115 
0.013756453031214115 
0.013756453031214115 
0.013756453031214115 
0.013756453031214115 
0.013756453031214115 
0.013756453031214115 
0.013756453031214115 
0.013756453031214115 
0.013756453031214115 
0.013756453031214115 
0.013756453031214115 
0.013756453031214115 
0.013756453031214115 
0.013756453031214115 
0.013756453031214115 
0.013756453031214115 
0.013756453031214115 
0.013756453031214115 
0.013756453031214115 
0.013756453031214115 
0.013756453031214115 
0.013756453031214115 
0.013756453031214115 
0.013756453031214115 
0.013756453031214115 
0.013756453031214115 
0.013756453031214115 
0.013756453031214115 
0.013756453031214115 
0.013756453031214115 
0.013756453031214115 
0.013756453031214115 
0.013756453031214115 
0.013756453031214115 
0.013756453031214115 
0.013756453031214115 
0.013756453031214115 
0.013756453031214115 
0.013756453031214115 
0.013756453031214115 
0.013756453031214115 
0.013756453031214115 
0.013756453031214115 
0.013756453031214115 
0.013756453031214115 
0.013756453031214115 
0.013756453031214115 
0.013756453031214115 
0.013756453031214115 
0.013756453031214115 
0.013756453031214115 
0.013756453031214115 
0.013756453031214115 
0.013756453031214115 
0.013756453031214115 
0.013756453031214115 
0.013756453031214115 
0.013756453031214115 
0.013756453031214115 
0.013756453031214115 
0.013756453031214115 
0.013756453031214115 
0.013756453031214115 
0.013756453031214115 
0.013756453031214115 
0.013756453031214115 
0.013756453031214115 
0.013756453031214115 
0.013756453031214115 
0.013756453031214115 
0.013756453031214115 
0.013756453031214115 
0.013756453031214115 
0.013756453031214115 
0.013756453031214115 
0.013756453031214115 
0.013756453031214115 
0.013756453031214115 
0.013756453031214115 
0.013756453031214115 
0.013756453031214115 
0.013756453031214115 
0.013756453031214115 
0.013756453031214115 
0.013756453031214115 
0.013764008718393053 
0.013764008718393053 
0.013764008718393053 
0.013764008718393053 
0.013764008718393053 
0.013764008718393053 
0.013764008718393053 
0.013764008718393053 
0.013764008718393053 
0.013764008718393053 
0.013764008718393053 
0.013764008718393053 
0.013775628334126903 
0.013775628334126903 
0.013775628334126903 
0.013775628334126903 
0.013775628334126903 
0.013775628334126903 
0.013775628334126903 
0.013775628334126903 
0.013775628334126903 
0.013775628334126903 
0.013775628334126903 
0.013775628334126903 
0.013775628334126903 
0.013775628334126903 
0.013775628334126903 
0.013775628334126903 
0.013775628334126903 
0.013775628334126903 
0.013775628334126903 
0.013775628334126903 
0.013775628334126903 
0.013775628334126903 
0.013775628334126903 
0.013775628334126903 
0.013775628334126903 
0.013775628334126903 
0.013775628334126903 
0.013775628334126903 
0.013775628334126903 
0.013775628334126903 
0.013775628334126903 
0.013775628334126903 
0.013775628334126903 
0.013775628334126903 
0.013775628334126903 
0.013775628334126903 
0.013775628334126903 
0.013775628334126903 
0.013775628334126903 
0.013775628334126903 
0.013775628334126903 
0.013775628334126903 
0.013775628334126903 
0.013775628334126903 
0.013775628334126903 
0.013775628334126903 
0.013775628334126903 
0.013775628334126903 
0.013775628334126903 
0.013775628334126903 
0.013775628334126903 
0.013775628334126903 
0.013783168866410945 
0.013783168866410945 
0.013783168866410945 
0.013783168866410945 
0.013783168866410945 
0.013783168866410945 
0.013783168866410945 
0.013783168866410945 
0.013783168866410945 
0.013783168866410945 
0.013783168866410945 
0.013783168866410945 
0.013783168866410945 
0.013783168866410945 
0.013783168866410945 
0.013783168866410945 
0.013783168866410945 
0.013783168866410945 
0.013783168866410945 
0.013790700634848108 
0.013790700634848108 
0.013798223653789642 
0.013798223653789642 
0.013798223653789642 
0.013798223653789642 
0.013798223653789642 
0.013798223653789642 
0.013798223653789642 
0.013798223653789642 
0.013798223653789642 
0.013798223653789642 
0.013798223653789642 
0.013798223653789642 
0.013802297779717696 
0.013802297779717696 
0.013802297779717696 
0.013806366067868836 
0.013806366067868836 
0.013806366067868836 
0.013806366067868836 
0.013806366067868836 
0.013806366067868836 
0.013806366067868836 
0.013806366067868836 
0.013806366067868836 
0.013806366067868836 
0.013806366067868836 
0.013806366067868836 
0.013806366067868836 
0.013806366067868836 
0.013806366067868836 
0.013806366067868836 
0.013806366067868836 
0.013806366067868836 
0.013806366067868836 
0.013806366067868836 
0.013806366067868836 
0.013806366067868836 
0.013806366067868836 
0.013806366067868836 
0.013806366067868836 
0.013806366067868836 
0.013806366067868836 
0.013806366067868836 
0.013806366067868836 
0.013806366067868836 
0.013806366067868836 
0.013806366067868836 
0.013806366067868836 
0.013806366067868836 
0.013806366067868836 
0.013806366067868836 
0.013806366067868836 
0.013806366067868836 
0.013806366067868836 
0.013806366067868836 
0.013806366067868836 
0.013806366067868836 
0.013806366067868836 
0.013806366067868836 
0.013806366067868836 
0.013806366067868836 
0.013806366067868836 
0.013813885188461645 
0.013813885188461645 
0.013813885188461645 
0.013813885188461645 
0.013813885188461645 
0.013813885188461645 
0.013813885188461645 
0.013813885188461645 
0.013813885188461645 
0.013813885188461645 
0.013813885188461645 
0.013813885188461645 
0.013821395588000511 
0.013821395588000511 
0.013821395588000511 
0.013821395588000511 
0.013821395588000511 
0.013821395588000511 
0.013821395588000511 
0.013821395588000511 
0.013821395588000511 
0.013821395588000511 
0.013821395588000511 
0.013821395588000511 
0.013821395588000511 
0.013821395588000511 
0.013821395588000511 
0.013821395588000511 
0.013821395588000511 
0.013821395588000511 
0.013821395588000511 
0.013821395588000511 
0.013821395588000511 
0.013821395588000511 
0.013821395588000511 
0.013821395588000511 
0.013821395588000511 
0.013821395588000511 
0.013821395588000511 
0.013821395588000511 
0.013821395588000511 
0.013821395588000511 
0.013821395588000511 
0.013821395588000511 
0.013821395588000511 
0.013821395588000511 
0.013821395588000511 
0.013821395588000511 
0.013821395588000511 
0.013821395588000511 
0.013821395588000511 
0.013821395588000511 
0.013821395588000511 
0.013821395588000511 
0.013821395588000511 
0.013821395588000511 
0.013821395588000511 
0.013821395588000511 
0.013821395588000511 
0.013821395588000511 
0.013821395588000511 
0.013821395588000511 
0.013821395588000511 
0.013821395588000511 
0.013821395588000511 
0.013821395588000511 
0.013821395588000511 
0.013821395588000511 
0.013821395588000511 
0.013821395588000511 
0.013821395588000511 
0.013821395588000511 
0.013821395588000511 
0.013821395588000511 
0.013821395588000511 
0.013821395588000511 
0.013821395588000511 
0.013821395588000511 
0.013821395588000511 
0.013821395588000511 
0.013821395588000511 
0.013821395588000511 
0.013821395588000511 
0.013821395588000511 
0.013821395588000511 
0.013821395588000511 
0.013821395588000511 
0.013821395588000511 
0.013821395588000511 
0.013821395588000511 
0.013821395588000511 
0.013821395588000511 
0.013821395588000511 
0.013821395588000511 
0.013821395588000511 
0.013821395588000511 
0.013821395588000511 
0.013821395588000511 
0.013821395588000511 
0.013821395588000511 
0.013821395588000511 
0.013821395588000511 
0.013828897280694507 
0.013828897280694507 
0.013836390280705442 
0.013836390280705442 
0.013836390280705442 
0.013836390280705442 
0.013836390280705442 
0.013836390280705442 
0.013836390280705442 
0.013836390280705442 
0.013836390280705442 
0.013836390280705442 
0.013836390280705442 
0.013836390280705442 
0.013836390280705442 
0.013836390280705442 
0.013836390280705442 
0.013836390280705442 
0.013836390280705442 
0.013836390280705442 
0.013836390280705442 
0.013836390280705442 
0.013836390280705442 
0.013836390280705442 
0.013836390280705442 
0.013836390280705442 
0.013836390280705442 
0.013836390280705442 
0.013836390280705442 
0.013836390280705442 
0.013836390280705442 
0.013836390280705442 
0.013836390280705442 
0.013836390280705442 
0.013836390280705442 
0.013836390280705442 
0.013836390280705442 
0.013836390280705442 
0.013836390280705442 
0.013836390280705442 
0.013836390280705442 
0.013836390280705442 
0.013836390280705442 
0.013836390280705442 
0.013836390280705442 
0.013836390280705442 
0.013836390280705442 
0.013836390280705442 
0.013836390280705442 
0.013836390280705442 
0.013836390280705442 
0.013836390280705442 
0.013836390280705442 
0.013836390280705442 
0.013836390280705442 
0.013836390280705442 
0.013836390280705442 
0.013836390280705442 
0.013836390280705442 
0.013836390280705442 
0.013836390280705442 
0.013836390280705442 
0.013836390280705442 
0.013836390280705442 
0.013836390280705442 
0.013836390280705442 
0.013836390280705442 
0.013836390280705442 
0.013836390280705442 
0.013836390280705442 
0.013836390280705442 
0.013836390280705442 
0.013836390280705442 
0.013836390280705442 
0.013836390280705442 
0.013836390280705442 
0.013836390280705442 
0.013836390280705442 
0.013836390280705442 
0.013836390280705442 
0.013843874602148056 
0.013843874602148056 
0.013843874602148056 
0.013843874602148056 
0.013843874602148056 
0.013843874602148056 
0.013843874602148056 
0.013843874602148056 
0.013843874602148056 
0.013843874602148056 
0.013843874602148056 
0.013843874602148056 
0.013847949162240596 
0.01385542723989412 
0.01385542723989412 
0.01385542723989412 
0.01385542723989412 
0.01385542723989412 
0.01385542723989412 
0.01385542723989412 
0.01385542723989412 
0.01385542723989412 
0.01385542723989412 
0.01385542723989412 
0.01385542723989412 
0.01385542723989412 
0.01385542723989412 
0.01385542723989412 
0.01385542723989412 
0.01385542723989412 
0.01385542723989412 
0.01385542723989412 
0.01385542723989412 
0.01385542723989412 
0.01385542723989412 
0.01385542723989412 
0.01385542723989412 
0.01385542723989412 
0.01385542723989412 
0.01385542723989412 
0.01385542723989412 
0.01385542723989412 
0.01385542723989412 
0.013859498403621972 
0.013859498403621972 
0.013859498403621972 
0.013859498403621972 
0.013859498403621972 
0.013859498403621972 
0.013859498403621972 
0.013859498403621972 
0.013859498403621972 
0.013859498403621972 
0.013859498403621972 
0.013859498403621972 
0.013859498403621972 
0.013859498403621972 
0.013859498403621972 
0.013859498403621972 
0.013859498403621972 
0.013859498403621972 
0.013859498403621972 
0.013859498403621972 
0.013859498403621972 
0.013859498403621972 
0.013859498403621972 
0.013859498403621972 
0.013859498403621972 
0.013859498403621972 
0.013859498403621972 
0.013859498403621972 
0.013859498403621972 
0.013859498403621972 
0.013859498403621972 
0.013859498403621972 
0.013859498403621972 
0.013859498403621972 
0.013859498403621972 
0.013859498403621972 
0.013859498403621972 
0.013859498403621972 
0.013859498403621972 
0.013859498403621972 
0.013859498403621972 
0.013859498403621972 
0.013859498403621972 
0.013859498403621972 
0.013859498403621972 
0.013866970253087009 
0.013866970253087009 
0.013866970253087009 
0.013866970253087009 
0.013866970253087009 
0.013866970253087009 
0.013866970253087009 
0.013866970253087009 
0.013866970253087009 
0.013866970253087009 
0.013866970253087009 
0.013866970253087009 
0.013866970253087009 
0.013866970253087009 
0.013866970253087009 
0.013866970253087009 
0.013866970253087009 
0.013866970253087009 
0.013866970253087009 
0.013866970253087009 
0.013866970253087009 
0.013866970253087009 
0.013866970253087009 
0.013866970253087009 
0.013866970253087009 
0.013866970253087009 
0.013866970253087009 
0.013866970253087009 
0.013866970253087009 
0.013866970253087009 
0.013866970253087009 
0.013866970253087009 
0.013866970253087009 
0.013866970253087009 
0.013866970253087009 
0.013866970253087009 
0.013866970253087009 
0.013866970253087009 
0.013866970253087009 
0.013866970253087009 
0.013866970253087009 
0.013866970253087009 
0.013866970253087009 
0.013866970253087009 
0.013866970253087009 
0.013866970253087009 
0.013866970253087009 
0.013866970253087009 
0.013866970253087009 
0.013866970253087009 
0.013866970253087009 
0.013866970253087009 
0.013866970253087009 
0.013866970253087009 
0.013866970253087009 
0.013866970253087009 
0.013866970253087009 
0.013866970253087009 
0.013866970253087009 
0.013866970253087009 
0.013866970253087009 
0.013866970253087009 
0.013866970253087009 
0.013866970253087009 
0.013866970253087009 
0.013866970253087009 
0.013866970253087009 
0.013866970253087009 
0.013866970253087009 
0.013866970253087009 
0.0138710380289292 
0.0138710380289292 
0.0138710380289292 
0.0138710380289292 
0.0138710380289292 
0.0138710380289292 
0.0138710380289292 
0.0138710380289292 
0.0138710380289292 
0.0138710380289292 
0.0138710380289292 
0.0138710380289292 
0.0138710380289292 
0.0138710380289292 
0.0138710380289292 
0.0138710380289292 
0.0138710380289292 
0.0138710380289292 
0.0138710380289292 
0.0138710380289292 
0.0138710380289292 
0.0138710380289292 
0.0138710380289292 
0.0138710380289292 
0.0138710380289292 
0.0138710380289292 
0.0138710380289292 
0.0138710380289292 
0.0138710380289292 
0.0138710380289292 
0.0138710380289292 
0.0138710380289292 
0.0138710380289292 
0.0138710380289292 
0.0138710380289292 
0.0138710380289292 
0.0138710380289292 
0.0138710380289292 
0.0138710380289292 
0.0138710380289292 
0.0138710380289292 
0.0138710380289292 
0.0138710380289292 
0.0138710380289292 
0.0138710380289292 
0.0138710380289292 
0.0138710380289292 
0.0138710380289292 
0.0138710380289292 
0.0138710380289292 
0.0138710380289292 
0.0138710380289292 
0.0138710380289292 
0.0138710380289292 
0.0138710380289292 
0.0138710380289292 
0.0138710380289292 
0.0138710380289292 
0.0138710380289292 
0.0138710380289292 
0.0138710380289292 
0.0138710380289292 
0.0138710380289292 
0.0138710380289292 
0.0138710380289292 
0.0138710380289292 
0.0138710380289292 
0.0138710380289292 
0.0138710380289292 
0.0138710380289292 
0.0138710380289292 
0.01387850366574149 
0.01387850366574149 
0.01387850366574149 
0.01387850366574149 
0.01387850366574149 
0.01387850366574149 
0.01387850366574149 
0.01387850366574149 
0.01387850366574149 
0.01387850366574149 
0.01387850366574149 
0.01387850366574149 
0.01387850366574149 
0.01387850366574149 
0.01387850366574149 
0.01387850366574149 
0.01387850366574149 
0.01387850366574149 
0.01387850366574149 
0.01387850366574149 
0.01387850366574149 
0.01387850366574149 
0.01387850366574149 
0.01387850366574149 
0.01387850366574149 
0.01387850366574149 
0.01387850366574149 
0.01387850366574149 
0.01387850366574149 
0.01387850366574149 
0.01387850366574149 
0.01387850366574149 
0.01387850366574149 
0.01387850366574149 
0.01387850366574149 
0.01387850366574149 
0.01387850366574149 
0.01387850366574149 
0.01387850366574149 
0.01387850366574149 
0.01387850366574149 
0.01387850366574149 
0.01387850366574149 
0.01387850366574149 
0.01387850366574149 
0.01387850366574149 
0.01387850366574149 
0.01387850366574149 
0.01387850366574149 
0.01387850366574149 
0.01387850366574149 
0.01387850366574149 
0.01387850366574149 
0.01387850366574149 
0.01387850366574149 
0.01387850366574149 
0.01387850366574149 
0.01387850366574149 
0.01387850366574149 
0.01387850366574149 
0.01387850366574149 
0.01387850366574149 
0.01387850366574149 
0.01387850366574149 
0.01387850366574149 
0.01387850366574149 
0.01387850366574149 
0.01387850366574149 
0.01387850366574149 
0.01387850366574149 
0.01387850366574149 
0.01387850366574149 
0.01387850366574149 
0.01387850366574149 
0.01387850366574149 
0.01387850366574149 
0.01387850366574149 
0.01387850366574149 
0.01387850366574149 
0.01387850366574149 
0.01387850366574149 
0.01387850366574149 
0.01387850366574149 
0.01387850366574149 
0.01387850366574149 
0.01387850366574149 
0.01387850366574149 
0.01387850366574149 
0.01387850366574149 
0.01387850366574149 
0.01387850366574149 
0.01387850366574149 
0.01387850366574149 
0.013882568062141817 
0.013882568062141817 
0.013882568062141817 
0.013882568062141817 
0.013882568062141817 
0.013882568062141817 
0.013882568062141817 
0.013882568062141817 
0.013882568062141817 
0.013882568062141817 
0.013882568062141817 
0.013882568062141817 
0.013882568062141817 
0.013882568062141817 
0.013882568062141817 
0.013882568062141817 
0.013882568062141817 
0.013882568062141817 
0.013882568062141817 
0.013882568062141817 
0.013882568062141817 
0.013882568062141817 
0.013882568062141817 
0.013882568062141817 
0.013882568062141817 
0.013882568062141817 
0.013882568062141817 
0.013882568062141817 
0.013882568062141817 
0.013882568062141817 
0.013882568062141817 
0.013882568062141817 
0.013882568062141817 
0.01389002750177263 
0.01389002750177263 
0.01389002750177263 
0.01389002750177263 
0.01389002750177263 
0.01389002750177263 
0.01389002750177263 
0.01389002750177263 
0.01389002750177263 
0.01389002750177263 
0.01389002750177263 
0.01389002750177263 
0.01389002750177263 
0.01389002750177263 
0.01389002750177263 
0.01389002750177263 
0.01389002750177263 
0.01389002750177263 
0.01389002750177263 
0.01389002750177263 
0.01389002750177263 
0.01389002750177263 
0.01389002750177263 
0.01389002750177263 
0.013897478332417001 
0.013897478332417001 
0.013897478332417001 
0.013897478332417001 
0.013897478332417001 
0.013897478332417001 
0.013897478332417001 
0.013897478332417001 
0.013897478332417001 
0.013897478332417001 
0.013897478332417001 
0.013897478332417001 
0.013897478332417001 
0.013897478332417001 
0.013897478332417001 
0.013897478332417001 
0.013897478332417001 
0.013897478332417001 
0.013897478332417001 
0.013897478332417001 
0.013897478332417001 
0.013897478332417001 
0.013897478332417001 
0.013897478332417001 
0.013897478332417001 
0.013897478332417001 
0.013897478332417001 
0.013897478332417001 
0.013897478332417001 
0.013897478332417001 
0.013897478332417001 
0.013897478332417001 
0.013897478332417001 
0.013897478332417001 
0.013897478332417001 
0.013897478332417001 
0.013904920567914078 
0.013904920567914078 
0.013904920567914078 
0.013904920567914078 
0.013904920567914078 
0.013904920567914078 
0.013904920567914078 
0.013904920567914078 
0.013904920567914078 
0.013904920567914078 
0.013904920567914078 
0.013904920567914078 
0.013904920567914078 
0.013904920567914078 
0.013904920567914078 
0.013904920567914078 
0.013904920567914078 
0.013904920567914078 
0.013904920567914078 
0.013904920567914078 
0.013904920567914078 
0.013904920567914078 
0.013904920567914078 
0.013904920567914078 
0.013904920567914078 
0.013904920567914078 
0.013904920567914078 
0.013904920567914078 
0.01390898644761724 
0.01390898644761724 
0.01390898644761724 
0.01390898644761724 
0.01390898644761724 
0.01390898644761724 
0.01390898644761724 
0.01390898644761724 
0.01390898644761724 
0.01390898644761724 
0.01390898644761724 
0.01390898644761724 
0.01390898644761724 
0.01390898644761724 
0.01390898644761724 
0.01390898644761724 
0.01390898644761724 
0.01390898644761724 
0.01390898644761724 
0.013913046539130098 
0.013913046539130098 
0.013913046539130098 
0.013913046539130098 
0.013913046539130098 
0.013913046539130098 
0.013913046539130098 
0.013913046539130098 
0.013913046539130098 
0.013913046539130098 
0.013913046539130098 
0.013913046539130098 
0.013913046539130098 
0.013920485049020383 
0.013920485049020383 
0.013920485049020383 
0.013920485049020383 
0.013920485049020383 
0.013920485049020383 
0.013920485049020383 
0.013920485049020383 
0.013920485049020383 
0.013920485049020383 
0.013920485049020383 
0.013920485049020383 
0.013920485049020383 
0.013920485049020383 
0.013920485049020383 
0.013920485049020383 
0.013920485049020383 
0.013920485049020383 
0.013920485049020383 
0.013920485049020383 
0.01392791499112484 
0.013935336379147794 
0.013935336379147794 
0.013935336379147794 
0.013935336379147794 
0.013935336379147794 
0.013935336379147794 
0.013935336379147794 
0.013935336379147794 
0.013935336379147794 
0.013935336379147794 
0.013935336379147794 
0.013935336379147794 
0.013935336379147794 
0.013935336379147794 
0.013935336379147794 
0.013935336379147794 
0.013935336379147794 
0.013935336379147794 
0.013935336379147794 
0.013935336379147794 
0.013935336379147794 
0.013935336379147794 
0.013935336379147794 
0.013935336379147794 
0.013935336379147794 
0.013935336379147794 
0.013939397978392037 
0.013939397978392037 
0.013939397978392037 
0.013939397978392037 
0.013939397978392037 
0.013939397978392037 
0.013939397978392037 
0.013939397978392037 
0.013939397978392037 
0.013939397978392037 
0.013939397978392037 
0.013939397978392037 
0.013939397978392037 
0.013939397978392037 
0.013939397978392037 
0.013939397978392037 
0.013939397978392037 
0.013939397978392037 
0.013939397978392037 
0.013939397978392037 
0.013939397978392037 
0.013939397978392037 
0.013939397978392037 
0.013939397978392037 
0.013939397978392037 
0.013939397978392037 
0.013939397978392037 
0.013939397978392037 
0.013939397978392037 
0.013939397978392037 
0.013939397978392037 
0.013939397978392037 
0.013939397978392037 
0.013939397978392037 
0.013939397978392037 
0.013939397978392037 
0.013939397978392037 
0.013939397978392037 
0.013939397978392037 
0.013946813256081117 
0.013946813256081117 
0.013946813256081117 
0.013946813256081117 
0.013946813256081117 
0.013946813256081117 
0.013946813256081117 
0.013946813256081117 
0.013946813256081117 
0.013946813256081117 
0.013946813256081117 
0.013946813256081117 
0.013946813256081117 
0.013946813256081117 
0.013946813256081117 
0.013946813256081117 
0.013946813256081117 
0.013946813256081117 
0.013946813256081117 
0.013946813256081117 
0.013946813256081117 
0.013946813256081117 
0.013946813256081117 
0.013946813256081117 
0.013946813256081117 
0.013946813256081117 
0.013946813256081117 
0.013946813256081117 
0.013954220006865305 
0.013954220006865305 
0.013954220006865305 
0.013954220006865305 
0.013954220006865305 
0.013954220006865305 
0.013954220006865305 
0.013954220006865305 
0.013954220006865305 
0.013954220006865305 
0.013954220006865305 
0.013954220006865305 
0.013954220006865305 
0.013954220006865305 
0.013954220006865305 
0.013954220006865305 
0.013954220006865305 
0.013954220006865305 
0.013954220006865305 
0.013954220006865305 
0.013954220006865305 
0.013954220006865305 
0.013954220006865305 
0.013954220006865305 
0.013954220006865305 
0.013954220006865305 
0.013954220006865305 
0.013954220006865305 
0.013954220006865305 
0.013954220006865305 
0.013954220006865305 
0.013954220006865305 
0.013954220006865305 
0.013954220006865305 
0.013954220006865305 
0.013954220006865305 
0.013954220006865305 
0.013954220006865305 
0.013954220006865305 
0.013954220006865305 
0.013954220006865305 
0.013954220006865305 
0.013954220006865305 
0.013954220006865305 
0.013954220006865305 
0.013954220006865305 
0.013954220006865305 
0.013954220006865305 
0.013954220006865305 
0.013954220006865305 
0.013954220006865305 
0.013954220006865305 
0.013954220006865305 
0.013954220006865305 
0.013954220006865305 
0.013954220006865305 
0.013954220006865305 
0.013954220006865305 
0.013954220006865305 
0.013954220006865305 
0.013954220006865305 
0.013954220006865305 
0.013954220006865305 
0.013954220006865305 
0.013954220006865305 
0.013954220006865305 
0.013954220006865305 
0.013954220006865305 
0.013954220006865305 
0.013954220006865305 
0.013954220006865305 
0.013954220006865305 
0.013954220006865305 
0.013954220006865305 
0.013954220006865305 
0.013954220006865305 
0.013954220006865305 
0.013954220006865305 
0.013954220006865305 
0.013954220006865305 
0.013954220006865305 
0.013954220006865305 
0.013954220006865305 
0.013954220006865305 
0.013954220006865305 
0.013954220006865305 
0.013954220006865305 
0.013954220006865305 
0.013954220006865305 
0.013954220006865305 
0.013954220006865305 
0.013954220006865305 
0.013954220006865305 
0.013954220006865305 
0.013954220006865305 
0.013954220006865305 
0.013954220006865305 
0.013954220006865305 
0.013954220006865305 
0.013954220006865305 
0.013954220006865305 
0.013954220006865305 
0.013954220006865305 
0.013954220006865305 
0.013954220006865305 
0.013954220006865305 
0.013954220006865305 
0.013954220006865305 
0.013954220006865305 
0.013954220006865305 
0.013954220006865305 
0.013954220006865305 
0.013954220006865305 
0.013954220006865305 
0.013954220006865305 
0.013954220006865305 
0.013954220006865305 
0.013958280696418164 
0.013958280696418164 
0.013958280696418164 
0.013958280696418164 
0.013958280696418164 
0.013958280696418164 
0.013958280696418164 
0.013958280696418164 
0.013958280696418164 
0.013958280696418164 
0.013958280696418164 
0.013958280696418164 
0.013958280696418164 
0.013958280696418164 
0.013958280696418164 
0.013958280696418164 
0.013958280696418164 
0.013958280696418164 
0.013958280696418164 
0.013958280696418164 
0.013958280696418164 
0.013958280696418164 
0.013958280696418164 
0.013958280696418164 
0.013958280696418164 
0.013958280696418164 
0.013958280696418164 
0.013958280696418164 
0.013958280696418164 
0.013958280696418164 
0.013958280696418164 
0.013958280696418164 
0.013958280696418164 
0.013958280696418164 
0.013958280696418164 
0.013958280696418164 
0.013958280696418164 
0.013958280696418164 
0.013958280696418164 
0.013958280696418164 
0.013958280696418164 
0.013958280696418164 
0.013958280696418164 
0.013958280696418164 
0.013958280696418164 
0.013958280696418164 
0.013958280696418164 
0.013958280696418164 
0.013958280696418164 
0.013958280696418164 
0.013958280696418164 
0.013958280696418164 
0.013958280696418164 
0.013958280696418164 
0.013958280696418164 
0.013958280696418164 
0.013958280696418164 
0.013958280696418164 
0.013958280696418164 
0.013958280696418164 
0.013958280696418164 
0.013958280696418164 
0.013958280696418164 
0.013958280696418164 
0.013958280696418164 
0.013958280696418164 
0.013958280696418164 
0.013958280696418164 
0.013958280696418164 
0.013958280696418164 
0.013958280696418164 
0.013958280696418164 
0.013958280696418164 
0.013958280696418164 
0.013958280696418164 
0.013958280696418164 
0.013958280696418164 
0.013958280696418164 
0.013958280696418164 
0.013958280696418164 
0.013958280696418164 
0.013958280696418164 
0.013958280696418164 
0.013958280696418164 
0.013958280696418164 
0.013958280696418164 
0.013958280696418164 
0.013958280696418164 
0.013958280696418164 
0.013958280696418164 
0.013958280696418164 
0.013958280696418164 
0.013958280696418164 
0.013958280696418164 
0.013958280696418164 
0.013958280696418164 
0.013958280696418164 
0.013958280696418164 
0.013958280696418164 
0.013958280696418164 
0.013958280696418164 
0.013958280696418164 
0.013958280696418164 
0.013958280696418164 
0.013958280696418164 
0.013958280696418164 
0.013958280696418164 
0.013958280696418164 
0.013958280696418164 
0.013958280696418164 
0.013958280696418164 
0.013958280696418164 
0.013958280696418164 
0.013958280696418164 
0.013958280696418164 
0.013958280696418164 
0.013958280696418164 
0.013958280696418164 
0.013958280696418164 
0.013958280696418164 
0.013958280696418164 
0.013958280696418164 
0.013958280696418164 
0.013958280696418164 
0.013965681365404265 
0.013965681365404265 
0.013965681365404265 
0.013965681365404265 
0.013965681365404265 
0.013965681365404265 
0.013965681365404265 
0.013965681365404265 
0.013965681365404265 
0.013965681365404265 
0.013965681365404265 
0.013965681365404265 
0.013965681365404265 
0.013965681365404265 
0.013965681365404265 
0.013965681365404265 
0.013965681365404265 
0.013965681365404265 
0.013965681365404265 
0.013965681365404265 
0.013965681365404265 
0.0139697387233978 
0.0139697387233978 
0.0139697387233978 
0.0139697387233978 
0.0139697387233978 
0.0139697387233978 
0.0139697387233978 
0.0139697387233978 
0.0139697387233978 
0.0139697387233978 
0.0139697387233978 
0.0139697387233978 
0.0139697387233978 
0.0139697387233978 
0.0139697387233978 
0.0139697387233978 
0.0139697387233978 
0.0139697387233978 
0.0139697387233978 
0.0139697387233978 
0.0139697387233978 
0.0139697387233978 
0.0139697387233978 
0.0139697387233978 
0.0139697387233978 
0.0139697387233978 
0.0139697387233978 
0.0139697387233978 
0.0139697387233978 
0.0139697387233978 
0.0139697387233978 
0.0139697387233978 
0.0139697387233978 
0.0139697387233978 
0.0139697387233978 
0.0139697387233978 
0.0139697387233978 
0.0139697387233978 
0.0139697387233978 
0.0139697387233978 
0.0139697387233978 
0.0139697387233978 
0.0139697387233978 
0.0139697387233978 
0.0139697387233978 
0.0139697387233978 
0.0139697387233978 
0.0139697387233978 
0.0139697387233978 
0.0139697387233978 
0.0139697387233978 
0.0139697387233978 
0.0139697387233978 
0.0139697387233978 
0.0139697387233978 
0.0139697387233978 
0.0139697387233978 
0.0139697387233978 
0.0139697387233978 
0.0139697387233978 
0.0139697387233978 
0.0139697387233978 
0.0139697387233978 
0.0139697387233978 
0.0139697387233978 
0.0139697387233978 
0.0139697387233978 
0.0139697387233978 
0.0139697387233978 
0.0139697387233978 
0.0139697387233978 
0.0139697387233978 
0.0139697387233978 
0.0139697387233978 
0.0139697387233978 
0.0139697387233978 
0.0139697387233978 
0.0139697387233978 
0.0139697387233978 
0.0139697387233978 
0.0139697387233978 
0.0139697387233978 
0.0139697387233978 
0.0139697387233978 
0.0139697387233978 
0.0139697387233978 
0.0139697387233978 
0.0139697387233978 
0.0139697387233978 
0.0139697387233978 
0.0139697387233978 
0.0139697387233978 
0.0139697387233978 
0.0139697387233978 
0.0139697387233978 
0.0139697387233978 
0.0139697387233978 
0.0139697387233978 
0.0139697387233978 
0.0139697387233978 
0.0139697387233978 
0.0139697387233978 
0.0139697387233978 
0.0139697387233978 
0.0139697387233978 
0.0139697387233978 
0.0139697387233978 
0.0139697387233978 
0.0139697387233978 
0.0139697387233978 
0.0139697387233978 
0.0139697387233978 
0.0139697387233978 
0.0139697387233978 
0.0139697387233978 
0.0139697387233978 
0.0139697387233978 
0.0139697387233978 
0.0139697387233978 
0.0139697387233978 
0.0139697387233978 
0.013973790323316004 
0.013973790323316004 
0.013973790323316004 
0.013973790323316004 
0.013973790323316004 
0.013973790323316004 
0.013973790323316004 
0.013981187360163653 
0.013981187360163653 
0.013981187360163653 
0.013981187360163653 
0.013981187360163653 
0.013981187360163653 
0.013981187360163653 
0.013981187360163653 
0.013981187360163653 
0.013981187360163653 
0.013981187360163653 
0.013981187360163653 
0.013981187360163653 
0.013981187360163653 
0.013981187360163653 
0.013981187360163653 
0.013981187360163653 
0.013981187360163653 
0.013981187360163653 
0.013981187360163653 
0.013981187360163653 
0.013981187360163653 
0.013981187360163653 
0.013981187360163653 
0.013981187360163653 
0.013981187360163653 
0.013981187360163653 
0.013981187360163653 
0.013981187360163653 
0.013981187360163653 
0.013981187360163653 
0.013981187360163653 
0.013981187360163653 
0.013981187360163653 
0.013981187360163653 
0.013981187360163653 
0.013981187360163653 
0.013981187360163653 
0.013981187360163653 
0.013981187360163653 
0.013981187360163653 
0.013981187360163653 
0.013981187360163653 
0.013981187360163653 
0.013981187360163653 
0.013981187360163653 
0.013981187360163653 
0.013981187360163653 
0.013981187360163653 
0.013981187360163653 
0.013981187360163653 
0.013981187360163653 
0.013981187360163653 
0.013981187360163653 
0.013981187360163653 
0.013981187360163653 
0.013981187360163653 
0.013981187360163653 
0.013981187360163653 
0.013981187360163653 
0.013981187360163653 
0.013981187360163653 
0.013981187360163653 
0.013981187360163653 
0.013981187360163653 
0.013981187360163653 
0.013981187360163653 
0.013981187360163653 
0.013981187360163653 
0.013981187360163653 
0.013981187360163653 
0.013981187360163653 
0.013985235643349025 
0.013985235643349025 
0.013985235643349025 
0.013985235643349025 
0.013985235643349025 
0.013985235643349025 
0.013985235643349025 
0.013985235643349025 
0.013985235643349025 
0.013985235643349025 
0.013985235643349025 
0.013985235643349025 
0.013985235643349025 
0.013985235643349025 
0.013985235643349025 
0.013985235643349025 
0.013985235643349025 
0.013989278180092067 
0.013989278180092067 
0.013989278180092067 
0.013989278180092067 
0.013989278180092067 
0.013989278180092067 
0.013989278180092067 
0.013989278180092067 
0.013989278180092067 
0.013989278180092067 
0.013989278180092067 
0.013989278180092067 
0.013989278180092067 
0.013989278180092067 
0.013989278180092067 
0.013989278180092067 
0.013989278180092067 
0.013989278180092067 
0.013989278180092067 
0.013989278180092067 
0.013989278180092067 
0.013989278180092067 
0.013989278180092067 
0.013989278180092067 
0.013989278180092067 
0.013989278180092067 
0.013989278180092067 
0.013989278180092067 
0.013989278180092067 
0.013989278180092067 
0.013989278180092067 
0.013989278180092067 
0.013989278180092067 
0.013989278180092067 
0.013989278180092067 
0.013989278180092067 
0.013989278180092067 
0.013989278180092067 
0.013989278180092067 
0.013989278180092067 
0.013989278180092067 
0.013989278180092067 
0.013989278180092067 
0.013989278180092067 
0.013989278180092067 
0.013989278180092067 
0.013989278180092067 
0.013989278180092067 
0.013989278180092067 
0.013989278180092067 
0.013989278180092067 
0.013989278180092067 
0.013989278180092067 
0.013989278180092067 
0.013989278180092067 
0.013989278180092067 
0.013989278180092067 
0.013989278180092067 
0.013989278180092067 
0.013989278180092067 
0.013989278180092067 
0.013989278180092067 
0.013989278180092067 
0.013989278180092067 
0.013989278180092067 
0.013989278180092067 
0.013989278180092067 
0.013989278180092067 
0.013989278180092067 
0.013989278180092067 
0.013989278180092067 
0.013989278180092067 
0.013989278180092067 
0.013989278180092067 
0.013989278180092067 
0.013989278180092067 
0.013989278180092067 
0.013989278180092067 
0.013989278180092067 
0.013989278180092067 
0.013989278180092067 
0.013989278180092067 
0.013989278180092067 
0.013989278180092067 
0.013989278180092067 
0.013989278180092067 
0.013989278180092067 
0.013989278180092067 
0.013989278180092067 
0.013989278180092067 
0.013989278180092067 
0.013989278180092067 
0.013989278180092067 
0.013989278180092067 
0.013989278180092067 
0.013989278180092067 
0.013989278180092067 
0.013989278180092067 
0.013989278180092067 
0.013989278180092067 
0.013989278180092067 
0.013989278180092067 
0.013989278180092067 
0.013989278180092067 
0.013989278180092067 
0.013989278180092067 
0.013989278180092067 
0.013989278180092067 
0.013989278180092067 
0.013989278180092067 
0.013989278180092067 
0.013989278180092067 
0.013989278180092067 
0.013989278180092067 
0.013989278180092067 
0.013989278180092067 
0.013989278180092067 
0.013989278180092067 
0.013989278180092067 
0.013989278180092067 
0.013989278180092067 
0.013989278180092067 
0.013989278180092067 
0.013989278180092067 
0.013989278180092067 
0.013989278180092067 
0.013989278180092067 
0.013989278180092067 
0.013989278180092067 
0.013989278180092067 
0.013989278180092067 
0.013989278180092067 
0.013989278180092067 
0.013989278180092067 
0.013989278180092067 
0.013989278180092067 
0.013989278180092067 
0.013989278180092067 
0.013989278180092067 
0.013989278180092067 
0.013989278180092067 
0.013989278180092067 
0.013989278180092067 
0.013989278180092067 
0.013989278180092067 
0.013989278180092067 
0.013989278180092067 
0.013989278180092067 
0.013989278180092067 
0.013989278180092067 
0.013989278180092067 
0.013989278180092067 
0.013989278180092067 
0.013989278180092067 
0.013989278180092067 
0.013989278180092067 
0.013989278180092067 
0.013989278180092067 
0.013989278180092067 
0.013989278180092067 
0.013989278180092067 
0.013989278180092067 
0.013989278180092067 
0.013989278180092067 
0.013989278180092067 
0.013989278180092067 
0.013989278180092067 
0.013989278180092067 
0.013989278180092067 
0.013989278180092067 
0.013989278180092067 
0.013989278180092067 
0.013989278180092067 
0.013989278180092067 
0.013989278180092067 
0.013989278180092067 
0.013989278180092067 
0.013989278180092067 
0.013989278180092067 
0.013989278180092067 
0.013989278180092067 
0.013989278180092067 
0.013989278180092067 
0.013989278180092067 
0.013989278180092067 
0.013989278180092067 
0.013989278180092067 
0.013989278180092067 
0.013989278180092067 
0.013989278180092067 
0.013989278180092067 
0.013989278180092067 
0.013989278180092067 
0.013989278180092067 
0.013989278180092067 
0.013989278180092067 
0.013989278180092067 
0.013989278180092067 
0.013989278180092067 
0.013989278180092067 
0.013989278180092067 
0.013989278180092067 
0.013989278180092067 
0.013989278180092067 
0.013989278180092067 
0.013989278180092067 
0.013989278180092067 
0.013989278180092067 
0.013989278180092067 
0.013989278180092067 
0.013989278180092067 
0.013989278180092067 
0.013989278180092067 
0.013989278180092067 
0.013989278180092067 
0.013989278180092067 
0.013989278180092067 
0.013989278180092067 
0.013989278180092067 
0.013989278180092067 
0.013989278180092067 
0.013989278180092067 
0.013989278180092067 
0.013989278180092067 
0.013989278180092067 
0.013989278180092067 
0.013989278180092067 
0.013989278180092067 
0.013989278180092067 
0.013989278180092067 
0.013989278180092067 
0.013989278180092067 
0.013989278180092067 
0.013989278180092067 
0.013989278180092067 
0.013989278180092067 
0.013989278180092067 
0.013989278180092067 
0.013989278180092067 
0.013989278180092067 
0.013989278180092067 
0.013989278180092067 
0.013989278180092067 
0.013989278180092067 
0.013989278180092067 
0.013989278180092067 
0.013989278180092067 
0.013989278180092067 
0.013989278180092067 
0.013989278180092067 
0.013989278180092067 
0.013989278180092067 
0.013989278180092067 
0.013989278180092067 
0.013989278180092067 
0.013989278180092067 
0.013989278180092067 
0.013989278180092067 
0.013989278180092067 
0.013989278180092067 
0.013989278180092067 
0.013989278180092067 
0.013989278180092067 
0.013989278180092067 
0.013989278180092067 
0.013989278180092067 
0.013989278180092067 
0.013989278180092067 
0.013989278180092067 
0.013989278180092067 
0.013989278180092067 
0.013993314975373062 
0.013993314975373062 
0.013993314975373062 
0.013993314975373062 
0.014000710839096707 
0.014000710839096707 
0.014000710839096707 
0.014000710839096707 
0.014000710839096707 
0.014000710839096707 
0.014000710839096707 
0.014000710839096707 
0.014000710839096707 
0.014000710839096707 
0.014000710839096707 
0.014000710839096707 
0.014000710839096707 
0.014000710839096707 
0.014000710839096707 
0.014000710839096707 
0.014008098229238685 
0.014008098229238685 
0.014008098229238685 
0.014008098229238685 
0.014008098229238685 
0.014008098229238685 
0.014008098229238685 
0.014008098229238685 
0.014008098229238685 
0.014008098229238685 
0.014008098229238685 
0.014008098229238685 
0.014008098229238685 
0.014008098229238685 
0.014008098229238685 
0.014008098229238685 
0.014008098229238685 
0.014008098229238685 
0.014008098229238685 
0.014008098229238685 
0.014008098229238685 
0.014008098229238685 
0.014008098229238685 
0.014008098229238685 
0.014008098229238685 
0.014008098229238685 
0.014008098229238685 
0.014008098229238685 
0.014008098229238685 
0.01401547715919797 
0.01401547715919797 
0.01401547715919797 
0.01401547715919797 
0.01401547715919797 
0.01401547715919797 
0.01401547715919797 
0.01401547715919797 
0.01401547715919797 
0.01401547715919797 
0.01401547715919797 
0.01401547715919797 
0.01401547715919797 
0.01401547715919797 
0.01401547715919797 
0.01401547715919797 
0.01401547715919797 
0.01401547715919797 
0.01401547715919797 
0.01401547715919797 
0.01401547715919797 
0.01401547715919797 
0.01401547715919797 
0.01401547715919797 
0.01401547715919797 
0.01401547715919797 
0.01401547715919797 
0.01401547715919797 
0.01401547715919797 
0.01401547715919797 
0.01401547715919797 
0.01401547715919797 
0.01401547715919797 
0.01401547715919797 
0.01401547715919797 
0.01401547715919797 
0.01401547715919797 
0.01401547715919797 
0.01401547715919797 
0.01401547715919797 
0.01401547715919797 
0.01401547715919797 
0.01401547715919797 
0.01401547715919797 
0.01401547715919797 
0.01401547715919797 
0.01401547715919797 
0.01401547715919797 
0.01401547715919797 
0.01401547715919797 
0.01401547715919797 
0.01401547715919797 
0.01401547715919797 
0.01401547715919797 
0.01401547715919797 
0.01401547715919797 
0.01401547715919797 
0.01401547715919797 
0.01401547715919797 
0.01401547715919797 
0.01401547715919797 
0.01401547715919797 
0.01401547715919797 
0.01401547715919797 
0.01401547715919797 
0.01401547715919797 
0.01401547715919797 
0.01401547715919797 
0.01401547715919797 
0.01401547715919797 
0.01401547715919797 
0.01401547715919797 
0.01401547715919797 
0.01401547715919797 
0.01401547715919797 
0.01401547715919797 
0.01401547715919797 
0.01401547715919797 
0.01401547715919797 
0.014019515540845198 
0.014019515540845198 
0.014019515540845198 
0.014019515540845198 
0.014019515540845198 
0.014019515540845198 
0.01402688846465958 
0.01402688846465958 
0.01402688846465958 
0.01402688846465958 
0.01402688846465958 
0.01402688846465958 
0.01402688846465958 
0.01402688846465958 
0.01402688846465958 
0.01402688846465958 
0.01402688846465958 
0.01402688846465958 
0.01402688846465958 
0.01402688846465958 
0.01402688846465958 
0.01402688846465958 
0.01402688846465958 
0.01402688846465958 
0.01402688846465958 
0.01402688846465958 
0.01402688846465958 
0.01402688846465958 
0.01402688846465958 
0.01402688846465958 
0.01402688846465958 
0.01402688846465958 
0.01402688846465958 
0.01402688846465958 
0.01402688846465958 
0.01402688846465958 
0.01402688846465958 
0.01402688846465958 
0.01402688846465958 
0.01402688846465958 
0.01402688846465958 
0.01402688846465958 
0.01402688846465958 
0.01402688846465958 
0.014030923561904256 
0.014030923561904256 
0.014030923561904256 
0.014030923561904256 
0.014030923561904256 
0.014030923561904256 
0.014030923561904256 
0.014030923561904256 
0.014030923561904256 
0.014030923561904256 
0.014030923561904256 
0.014030923561904256 
0.014030923561904256 
0.014038290494216166 
0.014038290494216166 
0.014038290494216166 
0.014038290494216166 
0.014038290494216166 
0.014038290494216166 
0.014038290494216166 
0.014038290494216166 
0.014042322315058859 
0.014042322315058859 
0.014042322315058859 
0.014042322315058859 
0.014042322315058859 
0.014042322315058859 
0.014042322315058859 
0.014042322315058859 
0.014042322315058859 
0.014042322315058859 
0.014042322315058859 
0.014042322315058859 
0.014042322315058859 
0.014042322315058859 
0.014042322315058859 
0.014042322315058859 
0.014042322315058859 
0.014042322315058859 
0.014042322315058859 
0.014042322315058859 
0.014042322315058859 
0.014042322315058859 
0.014042322315058859 
0.014042322315058859 
0.014042322315058859 
0.014042322315058859 
0.014042322315058859 
0.014042322315058859 
0.014042322315058859 
0.014042322315058859 
0.014042322315058859 
0.014042322315058859 
0.014042322315058859 
0.014042322315058859 
0.014042322315058859 
0.014042322315058859 
0.014042322315058859 
0.014042322315058859 
0.014042322315058859 
0.014042322315058859 
0.014042322315058859 
0.014042322315058859 
0.014042322315058859 
0.014042322315058859 
0.014042322315058859 
0.014042322315058859 
0.014042322315058859 
0.014046348422276873 
0.014046348422276873 
0.014046348422276873 
0.014046348422276873 
0.014046348422276873 
0.014046348422276873 
0.014050368820781893 
0.014050368820781893 
0.014050368820781893 
0.014050368820781893 
0.014050368820781893 
0.014050368820781893 
0.014050368820781893 
0.014050368820781893 
0.014050368820781893 
0.014050368820781893 
0.014050368820781893 
0.014050368820781893 
0.014050368820781893 
0.014050368820781893 
0.014050368820781893 
0.014050368820781893 
0.014050368820781893 
0.014050368820781893 
0.014050368820781893 
0.014050368820781893 
0.014050368820781893 
0.014050368820781893 
0.014050368820781893 
0.014050368820781893 
0.014050368820781893 
0.014050368820781893 
0.014050368820781893 
0.014050368820781893 
0.014050368820781893 
0.014050368820781893 
0.014050368820781893 
0.014050368820781893 
0.014050368820781893 
0.014050368820781893 
0.014050368820781893 
0.014050368820781893 
0.014050368820781893 
0.014050368820781893 
0.014050368820781893 
0.014050368820781893 
0.014050368820781893 
0.014050368820781893 
0.014050368820781893 
0.014050368820781893 
0.014050368820781893 
0.014050368820781893 
0.014050368820781893 
0.014050368820781893 
0.014050368820781893 
0.014050368820781893 
0.014050368820781893 
0.014050368820781893 
0.014050368820781893 
0.014050368820781893 
0.014050368820781893 
0.014050368820781893 
0.014050368820781893 
0.014050368820781893 
0.014050368820781893 
0.014050368820781893 
0.014050368820781893 
0.014050368820781893 
0.014050368820781893 
0.014050368820781893 
0.014050368820781893 
0.014050368820781893 
0.014050368820781893 
0.014050368820781893 
0.014050368820781893 
0.014050368820781893 
0.014050368820781893 
0.014050368820781893 
0.014050368820781893 
0.014050368820781893 
0.014050368820781893 
0.014050368820781893 
0.014050368820781893 
0.014050368820781893 
0.014050368820781893 
0.014050368820781893 
0.014050368820781893 
0.014050368820781893 
0.014050368820781893 
0.014050368820781893 
0.014050368820781893 
0.014050368820781893 
0.014050368820781893 
0.014050368820781893 
0.014050368820781893 
0.014050368820781893 
0.014050368820781893 
0.014050368820781893 
0.014050368820781893 
0.014050368820781893 
0.014050368820781893 
0.014050368820781893 
0.014050368820781893 
0.014050368820781893 
0.014050368820781893 
0.014050368820781893 
0.014050368820781893 
0.014050368820781893 
0.014050368820781893 
0.014050368820781893 
0.014050368820781893 
0.014050368820781893 
0.014050368820781893 
0.014050368820781893 
0.014050368820781893 
0.014050368820781893 
0.014050368820781893 
0.014050368820781893 
0.014050368820781893 
0.014050368820781893 
0.014050368820781893 
0.014050368820781893 
0.014050368820781893 
0.014050368820781893 
0.014050368820781893 
0.014050368820781893 
0.014050368820781893 
0.014050368820781893 
0.014050368820781893 
0.014050368820781893 
0.014050368820781893 
0.014050368820781893 
0.014050368820781893 
0.014050368820781893 
0.014050368820781893 
0.014050368820781893 
0.014050368820781893 
0.014050368820781893 
0.014050368820781893 
0.014050368820781893 
0.014050368820781893 
0.014050368820781893 
0.014050368820781893 
0.014050368820781893 
0.014050368820781893 
0.014050368820781893 
0.014050368820781893 
0.014050368820781893 
0.014050368820781893 
0.014050368820781893 
0.014050368820781893 
0.014050368820781893 
0.014050368820781893 
0.014050368820781893 
0.014050368820781893 
0.014050368820781893 
0.014050368820781893 
0.014050368820781893 
0.014050368820781893 
0.014050368820781893 
0.014050368820781893 
0.014050368820781893 
0.014050368820781893 
0.014050368820781893 
0.014050368820781893 
0.014050368820781893 
0.014050368820781893 
0.014050368820781893 
0.014050368820781893 
0.014050368820781893 
0.014050368820781893 
0.014050368820781893 
0.014050368820781893 
0.014050368820781893 
0.014050368820781893 
0.014050368820781893 
0.014050368820781893 
0.014050368820781893 
0.014050368820781893 
0.014050368820781893 
0.014050368820781893 
0.014050368820781893 
0.014050368820781893 
0.014050368820781893 
0.014050368820781893 
0.014050368820781893 
0.014050368820781893 
0.014050368820781893 
0.014050368820781893 
0.014050368820781893 
0.014050368820781893 
0.014050368820781893 
0.014050368820781893 
0.014050368820781893 
0.014050368820781893 
0.014050368820781893 
0.014050368820781893 
0.014050368820781893 
0.014050368820781893 
0.014050368820781893 
0.014050368820781893 
0.014050368820781893 
0.014050368820781893 
0.014050368820781893 
0.014050368820781893 
0.014050368820781893 
0.014050368820781893 
0.014050368820781893 
0.014050368820781893 
0.014050368820781893 
0.014050368820781893 
0.014050368820781893 
0.014050368820781893 
0.014050368820781893 
0.014050368820781893 
0.014050368820781893 
0.014050368820781893 
0.014050368820781893 
0.014050368820781893 
0.014050368820781893 
0.014050368820781893 
0.014050368820781893 
0.014050368820781893 
0.014050368820781893 
0.014050368820781893 
0.014050368820781893 
0.014050368820781893 
0.014050368820781893 
0.014050368820781893 
0.014050368820781893 
0.014050368820781893 
0.014050368820781893 
0.014057734668146218 
0.014057734668146218 
0.014057734668146218 
0.014057734668146218 
0.014057734668146218 
0.014057734668146218 
0.014057734668146218 
0.014057734668146218 
0.014057734668146218 
0.014065092107768082 
0.014065092107768082 
0.014065092107768082 
0.014065092107768082 
0.014065092107768082 
0.014065092107768082 
0.014065092107768082 
0.014065092107768082 
0.014065092107768082 
0.014065092107768082 
0.014065092107768082 
0.014065092107768082 
0.014065092107768082 
0.014065092107768082 
0.014065092107768082 
0.014065092107768082 
0.014065092107768082 
0.014065092107768082 
0.014065092107768082 
0.014065092107768082 
0.014065092107768082 
0.014065092107768082 
0.014065092107768082 
0.014065092107768082 
0.014065092107768082 
0.014065092107768082 
0.014072441152834854 
0.014072441152834854 
0.014072441152834854 
0.014072441152834854 
0.014072441152834854 
0.014072441152834854 
0.014072441152834854 
0.014072441152834854 
0.014072441152834854 
0.014072441152834854 
0.014072441152834854 
0.014072441152834854 
0.014072441152834854 
0.014072441152834854 
0.014072441152834854 
0.014072441152834854 
0.014072441152834854 
0.01407978181649133 
0.01407978181649133 
0.01407978181649133 
0.01407978181649133 
0.01407978181649133 
0.01407978181649133 
0.01407978181649133 
0.01407978181649133 
0.01407978181649133 
0.01407978181649133 
0.01407978181649133 
0.01407978181649133 
0.01407978181649133 
0.01407978181649133 
0.01407978181649133 
0.01407978181649133 
0.01407978181649133 
0.01407978181649133 
0.01407978181649133 
0.01407978181649133 
0.01407978181649133 
0.01407978181649133 
0.01407978181649133 
0.01407978181649133 
0.01407978181649133 
0.01407978181649133 
0.01407978181649133 
0.01407978181649133 
0.01407978181649133 
0.01407978181649133 
0.01407978181649133 
0.01407978181649133 
0.01407978181649133 
0.01407978181649133 
0.01407978181649133 
0.01407978181649133 
0.01407978181649133 
0.01407978181649133 
0.01407978181649133 
0.01407978181649133 
0.01407978181649133 
0.01407978181649133 
0.01407978181649133 
0.01407978181649133 
0.014083806303695032 
0.014083806303695032 
0.014083806303695032 
0.014083806303695032 
0.014083806303695032 
0.014083806303695032 
0.014083806303695032 
0.014083806303695032 
0.014083806303695032 
0.014083806303695032 
0.014083806303695032 
0.014087825098289658 
0.014087825098289658 
0.014087825098289658 
0.014087825098289658 
0.014087825098289658 
0.014087825098289658 
0.014087825098289658 
0.014087825098289658 
0.014087825098289658 
0.014087825098289658 
0.014087825098289658 
0.014087825098289658 
0.014087825098289658 
0.014087825098289658 
0.014087825098289658 
0.014087825098289658 
0.014087825098289658 
0.014087825098289658 
0.014087825098289658 
0.014087825098289658 
0.014087825098289658 
0.014087825098289658 
0.014087825098289658 
0.014087825098289658 
0.014087825098289658 
0.014087825098289658 
0.014087825098289658 
0.014087825098289658 
0.014087825098289658 
0.014087825098289658 
0.014087825098289658 
0.014087825098289658 
0.014087825098289658 
0.014087825098289658 
0.014087825098289658 
0.014087825098289658 
0.014087825098289658 
0.014087825098289658 
0.014087825098289658 
0.014087825098289658 
0.014087825098289658 
0.014087825098289658 
0.014087825098289658 
0.014087825098289658 
0.014087825098289658 
0.014087825098289658 
0.014087825098289658 
0.014087825098289658 
0.014087825098289658 
0.014087825098289658 
0.01409183820514556 
0.01409183820514556 
0.01409183820514556 
0.01409183820514556 
0.01409183820514556 
0.01409183820514556 
0.01409183820514556 
0.01409183820514556 
0.01409183820514556 
0.01409183820514556 
0.01409183820514556 
0.01409183820514556 
0.01409183820514556 
0.01409183820514556 
0.01409183820514556 
0.01409183820514556 
0.01409183820514556 
0.01409183820514556 
0.01409183820514556 
0.01409183820514556 
0.01409183820514556 
0.01409183820514556 
0.01409183820514556 
0.01409183820514556 
0.01409183820514556 
0.01409183820514556 
0.01409183820514556 
0.01409183820514556 
0.01409183820514556 
0.01409183820514556 
0.01409183820514556 
0.01409183820514556 
0.01409183820514556 
0.01409183820514556 
0.01409183820514556 
0.01409183820514556 
0.01409183820514556 
0.01409183820514556 
0.01409183820514556 
0.01409183820514556 
0.01409183820514556 
0.01409183820514556 
0.01409183820514556 
0.01409183820514556 
0.01409183820514556 
0.01409183820514556 
0.01409183820514556 
0.01409183820514556 
0.01409183820514556 
0.01409183820514556 
0.01409183820514556 
0.01409183820514556 
0.01409183820514556 
0.01409183820514556 
0.01409183820514556 
0.01409183820514556 
0.01409183820514556 
0.01409183820514556 
0.01409183820514556 
0.01409183820514556 
0.01409183820514556 
0.01409183820514556 
0.01409183820514556 
0.01409183820514556 
0.01409183820514556 
0.01409183820514556 
0.01409183820514556 
0.01409183820514556 
0.01409183820514556 
0.01409183820514556 
0.01409183820514556 
0.01409183820514556 
0.01409183820514556 
0.01409183820514556 
0.01409183820514556 
0.01409183820514556 
0.01409183820514556 
0.01409183820514556 
0.01409183820514556 
0.01409183820514556 
0.01409183820514556 
0.01409183820514556 
0.01409183820514556 
0.01409183820514556 
0.01409183820514556 
0.01409183820514556 
0.01409183820514556 
0.01409183820514556 
0.01409183820514556 
0.01409183820514556 
0.01409183820514556 
0.01409183820514556 
0.01409183820514556 
0.01409183820514556 
0.01409183820514556 
0.01409183820514556 
0.01409183820514556 
0.01409183820514556 
0.01409183820514556 
0.01409183820514556 
0.01409183820514556 
0.01409183820514556 
0.01409183820514556 
0.01409183820514556 
0.01409183820514556 
0.01409183820514556 
0.01409183820514556 
0.01409183820514556 
0.01409183820514556 
0.01409183820514556 
0.014095845629120661 
0.014095845629120661 
0.014095845629120661 
0.014095845629120661 
0.014095845629120661 
0.014095845629120661 
0.014095845629120661 
0.014095845629120661 
0.014095845629120661 
0.014095845629120661 
0.014095845629120661 
0.014095845629120661 
0.014095845629120661 
0.014095845629120661 
0.014095845629120661 
0.014095845629120661 
0.014095845629120661 
0.014095845629120661 
0.014095845629120661 
0.014095845629120661 
0.014095845629120661 
0.014095845629120661 
0.014095845629120661 
0.014095845629120661 
0.014095845629120661 
0.014095845629120661 
0.014095845629120661 
0.014095845629120661 
0.014095845629120661 
0.014095845629120661 
0.014095845629120661 
0.014095845629120661 
0.014095845629120661 
0.014095845629120661 
0.014095845629120661 
0.014095845629120661 
0.014095845629120661 
0.014095845629120661 
0.014095845629120661 
0.014095845629120661 
0.014095845629120661 
0.014095845629120661 
0.014095845629120661 
0.014095845629120661 
0.014095845629120661 
0.014095845629120661 
0.014095845629120661 
0.014095845629120661 
0.014095845629120661 
0.014103187724766342 
0.014103187724766342 
0.014103187724766342 
0.014103187724766342 
0.014103187724766342 
0.014103187724766342 
0.014103187724766342 
0.014103187724766342 
0.014103187724766342 
0.014103187724766342 
0.014103187724766342 
0.014103187724766342 
0.014103187724766342 
0.014103187724766342 
0.014103187724766342 
0.014103187724766342 
0.014103187724766342 
0.014103187724766342 
0.014103187724766342 
0.014103187724766342 
0.014103187724766342 
0.014103187724766342 
0.014103187724766342 
0.014103187724766342 
0.014103187724766342 
0.014103187724766342 
0.014103187724766342 
0.014103187724766342 
0.014103187724766342 
0.014103187724766342 
0.014103187724766342 
0.014103187724766342 
0.014103187724766342 
0.014103187724766342 
0.014103187724766342 
0.014103187724766342 
0.014103187724766342 
0.014103187724766342 
0.014103187724766342 
0.014103187724766342 
0.014103187724766342 
0.014103187724766342 
0.014103187724766342 
0.014103187724766342 
0.014103187724766342 
0.014103187724766342 
0.014103187724766342 
0.014103187724766342 
0.014103187724766342 
0.014103187724766342 
0.014103187724766342 
0.014103187724766342 
0.014103187724766342 
0.014103187724766342 
0.014103187724766342 
0.014103187724766342 
0.014103187724766342 
0.014103187724766342 
0.014103187724766342 
0.014103187724766342 
0.014103187724766342 
0.014103187724766342 
0.014103187724766342 
0.014103187724766342 
0.014103187724766342 
0.014103187724766342 
0.014103187724766342 
0.014103187724766342 
0.014103187724766342 
0.014103187724766342 
0.014103187724766342 
0.014103187724766342 
0.014103187724766342 
0.014103187724766342 
0.014103187724766342 
0.014103187724766342 
0.014103187724766342 
0.014103187724766342 
0.014103187724766342 
0.014103187724766342 
0.014103187724766342 
0.014103187724766342 
0.014103187724766342 
0.014103187724766342 
0.014103187724766342 
0.014103187724766342 
0.014103187724766342 
0.014103187724766342 
0.014103187724766342 
0.014103187724766342 
0.014103187724766342 
0.014103187724766342 
0.014103187724766342 
0.014103187724766342 
0.014103187724766342 
0.014103187724766342 
0.014103187724766342 
0.014103187724766342 
0.014103187724766342 
0.014103187724766342 
0.014103187724766342 
0.014103187724766342 
0.014103187724766342 
0.014103187724766342 
0.014103187724766342 
0.014103187724766342 
0.014103187724766342 
0.014103187724766342 
0.014103187724766342 
0.014103187724766342 
0.014103187724766342 
0.014103187724766342 
0.014103187724766342 
0.014103187724766342 
0.014103187724766342 
0.014103187724766342 
0.014103187724766342 
0.014103187724766342 
0.014103187724766342 
0.014103187724766342 
0.014103187724766342 
0.014103187724766342 
0.014103187724766342 
0.014103187724766342 
0.014103187724766342 
0.014103187724766342 
0.014103187724766342 
0.014103187724766342 
0.014103187724766342 
0.014103187724766342 
0.014103187724766342 
0.014103187724766342 
0.014103187724766342 
0.014103187724766342 
0.014103187724766342 
0.014103187724766342 
0.014103187724766342 
0.014103187724766342 
0.014103187724766342 
0.014103187724766342 
0.014103187724766342 
0.014103187724766342 
0.014103187724766342 
0.014103187724766342 
0.014103187724766342 
0.014103187724766342 
0.014103187724766342 
0.014103187724766342 
0.014103187724766342 
0.014103187724766342 
0.014103187724766342 
0.014103187724766342 
0.014103187724766342 
0.014103187724766342 
0.014103187724766342 
0.014103187724766342 
0.014103187724766342 
0.014103187724766342 
0.014103187724766342 
0.014103187724766342 
0.014103187724766342 
0.014110521464495918 
0.014110521464495918 
0.014110521464495918 
0.014110521464495918 
0.014110521464495918 
0.014110521464495918 
0.014110521464495918 
0.014110521464495918 
0.014110521464495918 
0.014110521464495918 
0.014110521464495918 
0.014110521464495918 
0.014110521464495918 
0.014110521464495918 
0.014110521464495918 
