0.3332605897818267 
0.33430565747027047 
0.3346255954840119 
0.33497491803421087 
0.3346420695738792 
0.335277876147885 
0.33524746858670074 
0.33527923053609354 
0.3360689327838564 
0.3361862745171386 
0.33643221835687137 
0.3362293648979858 
0.3367356608365538 
0.3373183247918769 
0.3372610727775635 
0.33814152894430444 
0.33842150719755715 
0.33898165237500877 
0.3391935250567535 
0.3393499585392524 
0.33949320493247603 
0.33966545218643773 
0.3401534974240113 
0.3411822894928807 
0.34184092700104485 
0.34210387513739937 
0.3434312127774717 
0.3441385979001988 
0.3441014398248415 
0.34460519579714627 
0.3456001085536166 
0.346205271238322 
0.3466548631876053 
0.3467224054180361 
0.3474072749812582 
0.348178426346486 
0.34823307689375926 
0.34871863917255097 
0.34992377510797784 
0.35102359934607796 
0.351900531595858 
0.3518025432756594 
0.3526684299096965 
0.3530671514295391 
0.3531579530077952 
0.35381393381971254 
0.3545194111294664 
0.35509536470032 
0.3559003244494357 
0.3560609694779206 
0.35686361308097614 
0.35675277760242324 
0.3575960151409016 
0.35830805586036 
0.35891786276222937 
0.3598479371867538 
0.3608613982111532 
0.36099783346107783 
0.36180882871763836 
0.36190308134607985 
0.3619769538583911 
0.362564019295713 
0.36217000952996875 
0.36249228444571163 
0.3626733305647476 
0.36339272299122255 
0.36339272299122255 
0.3636218423477589 
0.36324803740379 
0.36348002749301433 
0.36369597395040965 
0.3640203588835775 
0.36438679629647497 
0.3656455625922567 
0.3660547288437521 
0.3663276686935441 
0.36726208358327345 
0.3673035462699097 
0.36757674081987807 
0.368460626426917 
0.36912474015494395 
0.369354490756478 
0.36948543460319644 
0.36991741536077116 
0.37170085063023256 
0.371761488205804 
0.3722440557672641 
0.37309155764122204 
0.37296261521331514 
0.3735467714520975 
0.3736390758228508 
0.37340337111238425 
0.37398358910952395 
0.37443327174740143 
0.37504977022040914 
0.3749278913676497 
0.37519498187879013 
0.3755123553383335 
0.3755303754761376 
0.3757341826521155 
0.3760876484786752 
0.3770284846517713 
0.37707103389190566 
0.3779722417932062 
0.37819135840591445 
0.37891611863645586 
0.3789442480329192 
0.37855826335124554 
0.3792789829147609 
0.3800219116749313 
0.38018506940106256 
0.3807571516713456 
0.3812103458640382 
0.3812213728360059 
0.38148203191959185 
0.38126192645561635 
0.38220348652795016 
0.3825072663673622 
0.38251016800599086 
0.38344845977611264 
0.38283605060730097 
0.3826446553610781 
0.38340920319164407 
0.38363301066359157 
0.38343992294297496 
0.3839082574442807 
0.38435460262037047 
0.38510453704531894 
0.38576452619163765 
0.38643888353568817 
0.3871716891735747 
0.3883821416472051 
0.38829884627845745 
0.38829884627845745 
0.38845929262168377 
0.38835497236562677 
0.38800562221671286 
0.38913398107860503 
0.3891268165541836 
0.38897054789748187 
0.3893576652860236 
0.389478327678144 
0.3900329433975163 
0.3905417169901733 
0.39090488860319933 
0.3913804878389426 
0.39175205658967316 
0.3910482631197199 
0.39154770982530235 
0.3918677937095837 
0.39167008298231265 
0.39177184333006715 
0.39177184333006715 
0.3923914920410512 
0.39296126400807174 
0.39314052579847797 
0.39260910685866 
0.3927936131336066 
0.3931346010933098 
0.39320689360234057 
0.3927282694336791 
0.3928522987894273 
0.3928522987894273 
0.39276820605833657 
0.39300974167014124 
0.39339568000053193 
0.39362924395871834 
0.3943182874222533 
0.3942782824408717 
0.39439968479940674 
0.39471530771858043 
0.39471530771858043 
0.39511627352079487 
0.3949779655058402 
0.39494207890856126 
0.39461261697271316 
0.39468485841437173 
0.3949142779856966 
0.3955963551104338 
0.3955963551104338 
0.39594095447566574 
0.39624543457517797 
0.3967341586311158 
0.39709323049884654 
0.39750075605698926 
0.39757473811479477 
0.39729449031014363 
0.39719831363294156 
0.39719831363294156 
0.39752677220890875 
0.3979579327085324 
0.397718369978948 
0.39803611278241624 
0.39794154248083646 
0.39881311051162543 
0.39958751140158993 
0.39997446430439926 
0.3998400100368707 
0.4000330368656614 
0.40092370509026526 
0.4007807593558208 
0.4005254395146916 
0.400753235911501 
0.4005788291260869 
0.40066011935806817 
0.40029437019194125 
0.4002778553383787 
0.4002778553383787 
0.40061161903359266 
0.40028904978158475 
0.4005892082895567 
0.40120715678630864 
0.40120715678630864 
0.40120715678630864 
0.4014975725875521 
0.4011277003297172 
0.4013831890231276 
0.4013831890231276 
0.4013831890231276 
0.4014908707382774 
0.4014118496651968 
0.4011708252905001 
0.4011708252905001 
0.4011708252905001 
0.4010395493925996 
0.4010395493925996 
0.40080466313334207 
0.40027601825954706 
0.4005429269225931 
0.4005063161590301 
0.4005063161590301 
0.4006180203715878 
0.4006180203715878 
0.40051821857782405 
0.40080317084587375 
0.4005470173033869 
0.40038194041097347 
0.4002898017428835 
0.4002898017428835 
0.4005064889571419 
0.40067611942054676 
0.40067611942054676 
0.4007484858149708 
0.4007484858149708 
0.4008801248580345 
0.4012761679509527 
0.4012761679509527 
0.40210618712710544 
0.40210618712710544 
0.40202006432338583 
0.40202006432338583 
0.4020142877222769 
0.4016396804377069 
0.4016396804377069 
0.4016396804377069 
0.40193832374450744 
0.4021101057267922 
0.40190285966003314 
0.4020284578700676 
0.4014272490319423 
0.4014272490319423 
0.4014272490319423 
0.4014272490319423 
0.4014272490319423 
0.4014272490319423 
0.4016111344197553 
0.4022133623578143 
0.40188414343833223 
0.40138423484527264 
0.40138423484527264 
0.40138423484527264 
0.4017924607069682 
0.4025176175267745 
0.4025176175267745 
0.4017523053979135 
0.40193060955658344 
0.40174687912241425 
0.40174687912241425 
0.402191577514563 
0.4024774482483419 
0.4023100318629452 
0.40185311953476666 
0.40185311953476666 
0.401969399521941 
0.4019300998392438 
0.40192186196219487 
0.4019777083189992 
0.4019777083189992 
0.4019777083189992 
0.40210263758256304 
0.40233627012796525 
0.40233627012796525 
0.40242553000613557 
0.4026214735957096 
0.4026214735957096 
0.4026214735957096 
0.4026214735957096 
0.4026214735957096 
0.40232296679432367 
0.4021103416264373 
0.4021103416264373 
0.4020832009337965 
0.401910212159286 
0.4014487626649508 
0.40182539165268755 
0.40192321587321084 
0.4022748502395809 
0.4020919979124123 
0.4020919979124123 
0.4020919979124123 
0.4020919979124123 
0.4021909553999226 
0.40325489238447465 
0.40325489238447465 
0.40325489238447465 
0.4031916954369075 
0.4034935533603432 
0.4034935533603432 
0.4034935533603432 
0.4034935533603432 
0.40400880986248705 
0.40435670418915937 
0.40435670418915937 
0.40435670418915937 
0.40435670418915937 
0.4046305671476388 
0.4042719908993256 
0.40433475675036173 
0.40433475675036173 
0.40433475675036173 
0.4044924934764694 
0.4044924934764694 
0.40421421884601627 
0.40421421884601627 
0.404346536186144 
0.4042647361055583 
0.40391553333608116 
0.40374731845747486 
0.40401600002134325 
0.40363522161855514 
0.40363522161855514 
0.40413273718274634 
0.4037851270233451 
0.4037851270233451 
0.4037851270233451 
0.4034691365247745 
0.4034691365247745 
0.4034691365247745 
0.4034691365247745 
0.4034691365247745 
0.4035427505607888 
0.4035427505607888 
0.4035427505607888 
0.4035427505607888 
0.4035427505607888 
0.4035427505607888 
0.40315216434518125 
0.40315216434518125 
0.4035712355115448 
0.4035712355115448 
0.4035712355115448 
0.40354733678737137 
0.40354733678737137 
0.40310237039914576 
0.40281815124527964 
0.40281815124527964 
0.40281815124527964 
0.40308344944522 
0.4030551791666661 
0.4033428830581512 
0.4033428830581512 
0.40312206784498755 
0.40312206784498755 
0.40312206784498755 
0.40312206784498755 
0.4035625140792668 
0.4035625140792668 
0.4035625140792668 
0.4035625140792668 
0.4035625140792668 
0.4035625140792668 
0.4035625140792668 
0.40330305466626126 
0.40330305466626126 
0.40330305466626126 
0.4034063886779625 
0.4034063886779625 
0.4034063886779625 
0.4034063886779625 
0.4034063886779625 
0.4032320124735084 
0.4032320124735084 
0.4032320124735084 
0.4032320124735084 
0.4032320124735084 
0.40333656788445826 
0.40333656788445826 
0.40333656788445826 
0.4030943816199728 
0.4030943816199728 
0.4030943816199728 
0.4030943816199728 
0.4031450364036586 
0.4031450364036586 
0.4031450364036586 
0.40291696335502714 
0.40291696335502714 
0.40291696335502714 
0.40291696335502714 
0.40291696335502714 
0.40291696335502714 
0.40291696335502714 
0.4026937756824676 
0.40241744463035173 
0.40241744463035173 
0.4020981321994515 
0.4020981321994515 
0.4020981321994515 
0.40163538952810246 
0.40163538952810246 
0.40163538952810246 
0.40163538952810246 
0.40163538952810246 
0.40189316090999744 
0.40189316090999744 
0.40189316090999744 
0.40189316090999744 
0.40189316090999744 
0.40189316090999744 
0.4018340594037215 
0.4018340594037215 
0.4018340594037215 
0.4018340594037215 
0.4021423408105112 
0.4021423408105112 
0.4021423408105112 
0.4021423408105112 
0.4021423408105112 
0.4021423408105112 
0.4021423408105112 
0.4021423408105112 
0.4024225017789266 
0.4018755739590828 
0.4018755739590828 
0.4019155838496695 
0.4019155838496695 
0.4019155838496695 
0.4019155838496695 
0.4019155838496695 
0.4019155838496695 
0.4019155838496695 
0.4019155838496695 
0.40192580613967055 
0.40192580613967055 
0.40192580613967055 
0.40192580613967055 
0.40192580613967055 
0.40192580613967055 
0.40192580613967055 
0.40192580613967055 
0.40192580613967055 
0.40192580613967055 
0.40192580613967055 
0.40192580613967055 
0.40192580613967055 
0.40192580613967055 
0.402157478779111 
0.4022339399452386 
0.4022339399452386 
0.4022339399452386 
0.4022339399452386 
0.4022339399452386 
0.4022339399452386 
0.4022339399452386 
0.4022339399452386 
0.4022339399452386 
0.4022339399452386 
0.4022339399452386 
0.4022339399452386 
0.4022339399452386 
0.4022339399452386 
0.4022339399452386 
0.4022339399452386 
0.4022339399452386 
0.4022339399452386 
0.4022339399452386 
0.4022339399452386 
0.4022339399452386 
0.4022339399452386 
0.4025337565954428 
0.4025337565954428 
0.4025337565954428 
0.4025337565954428 
0.4025337565954428 
0.4025337565954428 
0.4025337565954428 
0.4021714520400363 
0.4021714520400363 
0.4021714520400363 
0.4021714520400363 
0.4021714520400363 
0.4021714520400363 
0.4019469031681661 
0.4019469031681661 
0.4019469031681661 
0.4019469031681661 
0.4019469031681661 
0.4019469031681661 
0.4019469031681661 
0.4019469031681661 
0.4019469031681661 
0.4019469031681661 
0.4019469031681661 
0.4019469031681661 
0.40189673004998183 
0.40189673004998183 
0.40189673004998183 
0.40189673004998183 
0.40189673004998183 
0.40189673004998183 
0.4020680252951902 
0.4020680252951902 
0.4020680252951902 
0.4020680252951902 
0.4020680252951902 
0.4020680252951902 
0.4020680252951902 
0.4020680252951902 
0.4020870927135375 
0.4020870927135375 
0.4020870927135375 
0.4020870927135375 
0.4020870927135375 
0.4020870927135375 
0.4020870927135375 
0.4020870927135375 
0.4020870927135375 
0.4020870927135375 
0.4020870927135375 
0.40180700374406675 
0.40180700374406675 
0.40180700374406675 
0.40180700374406675 
0.40180700374406675 
0.40180700374406675 
0.40180700374406675 
0.40180700374406675 
0.40180700374406675 
0.40180700374406675 
0.40180700374406675 
0.40180700374406675 
0.40180700374406675 
0.40180700374406675 
0.40180700374406675 
0.40180700374406675 
0.40180700374406675 
0.40180700374406675 
0.40180700374406675 
0.40180700374406675 
0.40180700374406675 
0.40180700374406675 
0.40180700374406675 
0.40180700374406675 
0.40180700374406675 
0.40180700374406675 
0.40180700374406675 
0.40180700374406675 
0.40180700374406675 
0.40180700374406675 
0.40180700374406675 
0.40180700374406675 
0.40180700374406675 
0.40180700374406675 
0.40180700374406675 
0.40180700374406675 
0.40180700374406675 
0.40180700374406675 
0.40180700374406675 
0.40180700374406675 
0.40180700374406675 
0.40180700374406675 
0.40180700374406675 
0.40180700374406675 
0.40180700374406675 
0.40180700374406675 
0.40180700374406675 
0.4022989798249244 
0.4022989798249244 
0.4022989798249244 
0.4022989798249244 
0.4022989798249244 
0.4022989798249244 
0.4022989798249244 
0.4022989798249244 
0.4022989798249244 
0.4022989798249244 
0.4022989798249244 
0.40213824674460985 
0.40213824674460985 
0.40213824674460985 
0.40213824674460985 
0.4023338896658075 
0.4023338896658075 
0.4023338896658075 
0.4023338896658075 
0.40215557863588464 
0.4022235374723925 
0.4022235374723925 
0.4022235374723925 
0.4022235374723925 
0.4022235374723925 
0.4022235374723925 
0.4022235374723925 
0.4022235374723925 
0.4022235374723925 
0.4022235374723925 
0.4022235374723925 
0.4022235374723925 
0.4022235374723925 
0.4022235374723925 
0.4022235374723925 
0.4022235374723925 
0.40196275167800943 
0.40196275167800943 
0.40196275167800943 
0.40196275167800943 
0.40196275167800943 
0.40196275167800943 
0.40196275167800943 
0.40196275167800943 
0.40196275167800943 
0.40196275167800943 
0.40196275167800943 
0.40191795330930347 
0.40191795330930347 
0.40191795330930347 
0.40191795330930347 
0.40191795330930347 
0.40191795330930347 
0.40191795330930347 
0.40191795330930347 
0.40167534573822866 
0.4016922503480267 
0.4016922503480267 
0.4016922503480267 
0.4016922503480267 
0.4016922503480267 
0.4016922503480267 
0.4016922503480267 
0.4016922503480267 
0.4016922503480267 
0.4016922503480267 
0.4016922503480267 
0.4016922503480267 
0.4016922503480267 
0.4016922503480267 
0.4016922503480267 
0.4016922503480267 
0.40147492944722485 
0.40147492944722485 
0.40147492944722485 
0.40147492944722485 
0.40147492944722485 
0.40147492944722485 
0.40147492944722485 
0.40147492944722485 
0.40147492944722485 
0.40147492944722485 
0.40147492944722485 
0.40147492944722485 
0.40147492944722485 
0.40147492944722485 
0.40147492944722485 
0.40147492944722485 
0.40147492944722485 
0.40147492944722485 
0.40147492944722485 
0.40147492944722485 
0.401458452896025 
0.401458452896025 
0.401458452896025 
0.401458452896025 
0.401458452896025 
0.401458452896025 
0.401458452896025 
0.401458452896025 
0.401458452896025 
0.401458452896025 
0.401458452896025 
0.401458452896025 
0.401458452896025 
0.401458452896025 
0.401458452896025 
0.401458452896025 
0.401458452896025 
0.401458452896025 
0.401458452896025 
0.401458452896025 
0.401458452896025 
0.401458452896025 
0.401458452896025 
0.401458452896025 
0.401458452896025 
0.401458452896025 
0.401458452896025 
0.401458452896025 
0.401458452896025 
0.401458452896025 
0.401458452896025 
0.401458452896025 
0.401458452896025 
0.401458452896025 
0.401458452896025 
0.401458452896025 
0.401458452896025 
0.401458452896025 
0.401458452896025 
0.401458452896025 
0.401458452896025 
0.401458452896025 
0.401458452896025 
0.401458452896025 
0.401458452896025 
0.401458452896025 
0.401458452896025 
0.401458452896025 
0.401458452896025 
0.401458452896025 
0.401458452896025 
0.401458452896025 
0.401458452896025 
0.401458452896025 
0.401458452896025 
0.401458452896025 
0.401458452896025 
0.401458452896025 
0.401458452896025 
0.401458452896025 
0.401458452896025 
0.401458452896025 
0.401458452896025 
0.401458452896025 
0.401458452896025 
0.401458452896025 
0.401458452896025 
0.401458452896025 
0.401458452896025 
0.401458452896025 
0.401458452896025 
0.401458452896025 
0.401458452896025 
0.401458452896025 
0.401458452896025 
0.401458452896025 
0.401458452896025 
0.401458452896025 
0.401458452896025 
0.401458452896025 
0.401458452896025 
0.401458452896025 
0.401458452896025 
0.401458452896025 
0.401458452896025 
0.401458452896025 
0.401458452896025 
0.401458452896025 
0.401458452896025 
0.401458452896025 
0.401458452896025 
0.401458452896025 
0.401458452896025 
0.401458452896025 
0.401458452896025 
0.401458452896025 
0.401458452896025 
0.401458452896025 
0.401458452896025 
0.401458452896025 
0.401458452896025 
0.401458452896025 
0.401458452896025 
0.401458452896025 
0.401458452896025 
0.401458452896025 
0.401458452896025 
0.401458452896025 
0.401458452896025 
0.401458452896025 
0.401458452896025 
0.401458452896025 
0.401458452896025 
0.401458452896025 
0.401458452896025 
0.401458452896025 
0.401458452896025 
0.401458452896025 
0.401458452896025 
0.401458452896025 
0.401458452896025 
0.401458452896025 
0.401458452896025 
0.401458452896025 
0.401458452896025 
0.401458452896025 
0.401458452896025 
0.401458452896025 
0.401578560774917 
0.401578560774917 
0.401578560774917 
0.401578560774917 
0.401578560774917 
0.401578560774917 
0.401578560774917 
0.401578560774917 
0.401578560774917 
0.401578560774917 
0.401578560774917 
0.401578560774917 
0.401578560774917 
0.401578560774917 
0.401578560774917 
0.401578560774917 
0.401578560774917 
0.401578560774917 
0.401578560774917 
0.401578560774917 
0.401578560774917 
0.401578560774917 
0.401578560774917 
0.401578560774917 
0.401578560774917 
0.401578560774917 
0.401578560774917 
0.401578560774917 
0.401578560774917 
0.401578560774917 
0.401578560774917 
0.401578560774917 
0.401578560774917 
0.401578560774917 
0.401578560774917 
0.401578560774917 
0.401578560774917 
0.401578560774917 
0.401578560774917 
0.401578560774917 
0.401578560774917 
0.401578560774917 
0.401578560774917 
0.401578560774917 
0.401578560774917 
0.401578560774917 
0.401578560774917 
0.401578560774917 
0.401578560774917 
0.401578560774917 
0.401578560774917 
0.401578560774917 
0.401578560774917 
0.401578560774917 
0.401578560774917 
0.401578560774917 
0.401578560774917 
0.401578560774917 
0.401578560774917 
0.401578560774917 
0.401578560774917 
0.401578560774917 
0.401578560774917 
0.401578560774917 
0.401578560774917 
0.401578560774917 
0.401578560774917 
0.401578560774917 
0.401578560774917 
0.401578560774917 
0.401578560774917 
0.401578560774917 
0.401578560774917 
0.401578560774917 
0.401578560774917 
0.401578560774917 
0.401578560774917 
0.401578560774917 
0.401578560774917 
0.401578560774917 
0.401578560774917 
0.401578560774917 
0.401578560774917 
0.401578560774917 
0.401578560774917 
0.401578560774917 
0.401578560774917 
0.401578560774917 
0.401578560774917 
0.401578560774917 
0.401578560774917 
0.401578560774917 
0.401578560774917 
0.401578560774917 
0.401578560774917 
0.401578560774917 
0.401578560774917 
0.401578560774917 
0.401578560774917 
0.401578560774917 
0.401578560774917 
0.401578560774917 
0.401578560774917 
0.401578560774917 
0.401578560774917 
0.401578560774917 
0.401578560774917 
0.401578560774917 
0.401578560774917 
0.401578560774917 
0.401578560774917 
0.401578560774917 
0.401578560774917 
0.401578560774917 
0.401578560774917 
0.401578560774917 
0.401578560774917 
0.401578560774917 
0.401578560774917 
0.401578560774917 
0.401578560774917 
0.401578560774917 
0.401578560774917 
0.401578560774917 
0.401578560774917 
0.401578560774917 
0.401578560774917 
0.401578560774917 
0.401578560774917 
0.401578560774917 
0.401578560774917 
0.401578560774917 
0.401578560774917 
0.401578560774917 
0.401578560774917 
0.401578560774917 
0.401578560774917 
0.401578560774917 
0.401578560774917 
0.401578560774917 
0.401578560774917 
0.401578560774917 
0.401578560774917 
0.401578560774917 
0.401578560774917 
0.401578560774917 
0.401578560774917 
0.401578560774917 
0.401578560774917 
0.401578560774917 
0.401578560774917 
0.401578560774917 
0.401578560774917 
0.401578560774917 
0.401578560774917 
0.401578560774917 
0.401578560774917 
0.401578560774917 
0.401578560774917 
0.401578560774917 
0.401578560774917 
0.401578560774917 
0.401578560774917 
0.401578560774917 
0.401578560774917 
0.401578560774917 
0.401578560774917 
0.401578560774917 
0.401578560774917 
0.401578560774917 
0.401578560774917 
0.401578560774917 
0.401578560774917 
0.401578560774917 
0.401578560774917 
0.401578560774917 
0.401578560774917 
0.401578560774917 
0.401578560774917 
0.401578560774917 
0.401578560774917 
0.401578560774917 
0.401578560774917 
0.401578560774917 
0.401578560774917 
0.401578560774917 
0.401578560774917 
0.401578560774917 
0.401578560774917 
0.401578560774917 
0.401578560774917 
0.401578560774917 
0.401578560774917 
0.401578560774917 
0.401578560774917 
0.401578560774917 
0.401578560774917 
0.401578560774917 
0.401578560774917 
0.401578560774917 
0.401578560774917 
0.401578560774917 
0.401578560774917 
0.401578560774917 
0.401578560774917 
0.401578560774917 
0.401578560774917 
0.401578560774917 
0.401578560774917 
0.401578560774917 
0.401578560774917 
0.401578560774917 
0.40131019325491285 
0.40131019325491285 
0.40131019325491285 
0.40131019325491285 
0.40131019325491285 
0.40131019325491285 
0.40131019325491285 
0.40131019325491285 
0.40131019325491285 
0.40131019325491285 
0.40131019325491285 
0.40131019325491285 
0.4012827601576353 
0.4012827601576353 
0.4012827601576353 
0.4012827601576353 
0.4012827601576353 
0.4012827601576353 
0.4012827601576353 
0.4012827601576353 
0.4012827601576353 
0.4012827601576353 
0.4012827601576353 
0.4012827601576353 
0.4012827601576353 
0.4012827601576353 
0.4012827601576353 
0.4012827601576353 
0.4012827601576353 
0.4012827601576353 
0.4012827601576353 
0.4012827601576353 
0.4012827601576353 
0.4012827601576353 
0.4012827601576353 
0.4012827601576353 
0.4012827601576353 
0.4012827601576353 
0.4012827601576353 
0.4012827601576353 
0.4012827601576353 
0.4012827601576353 
0.4012827601576353 
0.4012827601576353 
0.4012827601576353 
0.4012827601576353 
0.4012827601576353 
0.4012827601576353 
0.4012827601576353 
0.4012827601576353 
0.4012827601576353 
0.4012827601576353 
0.4012827601576353 
0.4012827601576353 
0.4012827601576353 
0.4012827601576353 
0.4012827601576353 
0.4012827601576353 
0.4012827601576353 
0.4012827601576353 
0.4012827601576353 
0.4012827601576353 
0.4012827601576353 
0.4012827601576353 
0.40116402207526847 
0.40116402207526847 
0.40116402207526847 
0.40116402207526847 
0.40116402207526847 
0.40116402207526847 
0.40116402207526847 
0.40116402207526847 
0.40116402207526847 
0.40116402207526847 
0.40116402207526847 
0.40116402207526847 
0.40116402207526847 
0.40116402207526847 
0.40116402207526847 
0.40116402207526847 
0.40116402207526847 
0.40116402207526847 
0.40116402207526847 
0.4010764476888872 
0.4010764476888872 
0.40081141695960926 
0.40081141695960926 
0.40081141695960926 
0.40081141695960926 
0.40081141695960926 
0.40081141695960926 
0.40081141695960926 
0.40081141695960926 
0.40081141695960926 
0.40081141695960926 
0.40081141695960926 
0.40081141695960926 
0.4003330998953815 
0.4003330998953815 
0.4003330998953815 
0.3999807130389875 
0.3999807130389875 
0.3999807130389875 
0.3999807130389875 
0.3999807130389875 
0.3999807130389875 
0.3999807130389875 
0.3999807130389875 
0.3999807130389875 
0.3999807130389875 
0.3999807130389875 
0.3999807130389875 
0.3999807130389875 
0.3999807130389875 
0.3999807130389875 
0.3999807130389875 
0.3999807130389875 
0.3999807130389875 
0.3999807130389875 
0.3999807130389875 
0.3999807130389875 
0.3999807130389875 
0.3999807130389875 
0.3999807130389875 
0.3999807130389875 
0.3999807130389875 
0.3999807130389875 
0.3999807130389875 
0.3999807130389875 
0.3999807130389875 
0.3999807130389875 
0.3999807130389875 
0.3999807130389875 
0.3999807130389875 
0.3999807130389875 
0.3999807130389875 
0.3999807130389875 
0.3999807130389875 
0.3999807130389875 
0.3999807130389875 
0.3999807130389875 
0.3999807130389875 
0.3999807130389875 
0.3999807130389875 
0.3999807130389875 
0.3999807130389875 
0.3999807130389875 
0.3995239740419324 
0.3995239740419324 
0.3995239740419324 
0.3995239740419324 
0.3995239740419324 
0.3995239740419324 
0.3995239740419324 
0.3995239740419324 
0.3995239740419324 
0.3995239740419324 
0.3995239740419324 
0.3995239740419324 
0.39921017946405835 
0.39921017946405835 
0.39921017946405835 
0.39921017946405835 
0.39921017946405835 
0.39921017946405835 
0.39921017946405835 
0.39921017946405835 
0.39921017946405835 
0.39921017946405835 
0.39921017946405835 
0.39921017946405835 
0.39921017946405835 
0.39921017946405835 
0.39921017946405835 
0.39921017946405835 
0.39921017946405835 
0.39921017946405835 
0.39921017946405835 
0.39921017946405835 
0.39921017946405835 
0.39921017946405835 
0.39921017946405835 
0.39921017946405835 
0.39921017946405835 
0.39921017946405835 
0.39921017946405835 
0.39921017946405835 
0.39921017946405835 
0.39921017946405835 
0.39921017946405835 
0.39921017946405835 
0.39921017946405835 
0.39921017946405835 
0.39921017946405835 
0.39921017946405835 
0.39921017946405835 
0.39921017946405835 
0.39921017946405835 
0.39921017946405835 
0.39921017946405835 
0.39921017946405835 
0.39921017946405835 
0.39921017946405835 
0.39921017946405835 
0.39921017946405835 
0.39921017946405835 
0.39921017946405835 
0.39921017946405835 
0.39921017946405835 
0.39921017946405835 
0.39921017946405835 
0.39921017946405835 
0.39921017946405835 
0.39921017946405835 
0.39921017946405835 
0.39921017946405835 
0.39921017946405835 
0.39921017946405835 
0.39921017946405835 
0.39921017946405835 
0.39921017946405835 
0.39921017946405835 
0.39921017946405835 
0.39921017946405835 
0.39921017946405835 
0.39921017946405835 
0.39921017946405835 
0.39921017946405835 
0.39921017946405835 
0.39921017946405835 
0.39921017946405835 
0.39921017946405835 
0.39921017946405835 
0.39921017946405835 
0.39921017946405835 
0.39921017946405835 
0.39921017946405835 
0.39921017946405835 
0.39921017946405835 
0.39921017946405835 
0.39921017946405835 
0.39921017946405835 
0.39921017946405835 
0.39921017946405835 
0.39921017946405835 
0.39921017946405835 
0.39921017946405835 
0.39921017946405835 
0.39921017946405835 
0.39889746491648487 
0.39889746491648487 
0.39878625638043885 
0.39878625638043885 
0.39878625638043885 
0.39878625638043885 
0.39878625638043885 
0.39878625638043885 
0.39878625638043885 
0.39878625638043885 
0.39878625638043885 
0.39878625638043885 
0.39878625638043885 
0.39878625638043885 
0.39878625638043885 
0.39878625638043885 
0.39878625638043885 
0.39878625638043885 
0.39878625638043885 
0.39878625638043885 
0.39878625638043885 
0.39878625638043885 
0.39878625638043885 
0.39878625638043885 
0.39878625638043885 
0.39878625638043885 
0.39878625638043885 
0.39878625638043885 
0.39878625638043885 
0.39878625638043885 
0.39878625638043885 
0.39878625638043885 
0.39878625638043885 
0.39878625638043885 
0.39878625638043885 
0.39878625638043885 
0.39878625638043885 
0.39878625638043885 
0.39878625638043885 
0.39878625638043885 
0.39878625638043885 
0.39878625638043885 
0.39878625638043885 
0.39878625638043885 
0.39878625638043885 
0.39878625638043885 
0.39878625638043885 
0.39878625638043885 
0.39878625638043885 
0.39878625638043885 
0.39878625638043885 
0.39878625638043885 
0.39878625638043885 
0.39878625638043885 
0.39878625638043885 
0.39878625638043885 
0.39878625638043885 
0.39878625638043885 
0.39878625638043885 
0.39878625638043885 
0.39878625638043885 
0.39878625638043885 
0.39878625638043885 
0.39878625638043885 
0.39878625638043885 
0.39878625638043885 
0.39878625638043885 
0.39878625638043885 
0.39878625638043885 
0.39878625638043885 
0.39878625638043885 
0.39878625638043885 
0.39878625638043885 
0.39878625638043885 
0.39878625638043885 
0.39878625638043885 
0.39878625638043885 
0.39878625638043885 
0.39878625638043885 
0.39878625638043885 
0.39875213615623334 
0.39875213615623334 
0.39875213615623334 
0.39875213615623334 
0.39875213615623334 
0.39875213615623334 
0.39875213615623334 
0.39875213615623334 
0.39875213615623334 
0.39875213615623334 
0.39875213615623334 
0.39875213615623334 
0.39867133407978134 
0.3985845061395314 
0.3985845061395314 
0.3985845061395314 
0.3985845061395314 
0.3985845061395314 
0.3985845061395314 
0.3985845061395314 
0.3985845061395314 
0.3985845061395314 
0.3985845061395314 
0.3985845061395314 
0.3985845061395314 
0.3985845061395314 
0.3985845061395314 
0.3985845061395314 
0.3985845061395314 
0.3985845061395314 
0.3985845061395314 
0.3985845061395314 
0.3985845061395314 
0.3985845061395314 
0.3985845061395314 
0.3985845061395314 
0.3985845061395314 
0.3985845061395314 
0.3985845061395314 
0.3985845061395314 
0.3985845061395314 
0.3985845061395314 
0.3985845061395314 
0.3984414097263117 
0.3984414097263117 
0.3984414097263117 
0.3984414097263117 
0.3984414097263117 
0.3984414097263117 
0.3984414097263117 
0.3984414097263117 
0.3984414097263117 
0.3984414097263117 
0.3984414097263117 
0.3984414097263117 
0.3984414097263117 
0.3984414097263117 
0.3984414097263117 
0.3984414097263117 
0.3984414097263117 
0.3984414097263117 
0.3984414097263117 
0.3984414097263117 
0.3984414097263117 
0.3984414097263117 
0.3984414097263117 
0.3984414097263117 
0.3984414097263117 
0.3984414097263117 
0.3984414097263117 
0.3984414097263117 
0.3984414097263117 
0.3984414097263117 
0.3984414097263117 
0.3984414097263117 
0.3984414097263117 
0.3984414097263117 
0.3984414097263117 
0.3984414097263117 
0.3984414097263117 
0.3984414097263117 
0.3984414097263117 
0.3984414097263117 
0.3984414097263117 
0.3984414097263117 
0.3984414097263117 
0.3984414097263117 
0.3984414097263117 
0.39790122580825327 
0.39790122580825327 
0.39790122580825327 
0.39790122580825327 
0.39790122580825327 
0.39790122580825327 
0.39790122580825327 
0.39790122580825327 
0.39790122580825327 
0.39790122580825327 
0.39790122580825327 
0.39790122580825327 
0.39790122580825327 
0.39790122580825327 
0.39790122580825327 
0.39790122580825327 
0.39790122580825327 
0.39790122580825327 
0.39790122580825327 
0.39790122580825327 
0.39790122580825327 
0.39790122580825327 
0.39790122580825327 
0.39790122580825327 
0.39790122580825327 
0.39790122580825327 
0.39790122580825327 
0.39790122580825327 
0.39790122580825327 
0.39790122580825327 
0.39790122580825327 
0.39790122580825327 
0.39790122580825327 
0.39790122580825327 
0.39790122580825327 
0.39790122580825327 
0.39790122580825327 
0.39790122580825327 
0.39790122580825327 
0.39790122580825327 
0.39790122580825327 
0.39790122580825327 
0.39790122580825327 
0.39790122580825327 
0.39790122580825327 
0.39790122580825327 
0.39790122580825327 
0.39790122580825327 
0.39790122580825327 
0.39790122580825327 
0.39790122580825327 
0.39790122580825327 
0.39790122580825327 
0.39790122580825327 
0.39790122580825327 
0.39790122580825327 
0.39790122580825327 
0.39790122580825327 
0.39790122580825327 
0.39790122580825327 
0.39790122580825327 
0.39790122580825327 
0.39790122580825327 
0.39790122580825327 
0.39790122580825327 
0.39790122580825327 
0.39790122580825327 
0.39790122580825327 
0.39790122580825327 
0.39790122580825327 
0.39800252726657925 
0.39800252726657925 
0.39800252726657925 
0.39800252726657925 
0.39800252726657925 
0.39800252726657925 
0.39800252726657925 
0.39800252726657925 
0.39800252726657925 
0.39800252726657925 
0.39800252726657925 
0.39800252726657925 
0.39800252726657925 
0.39800252726657925 
0.39800252726657925 
0.39800252726657925 
0.39800252726657925 
0.39800252726657925 
0.39800252726657925 
0.39800252726657925 
0.39800252726657925 
0.39800252726657925 
0.39800252726657925 
0.39800252726657925 
0.39800252726657925 
0.39800252726657925 
0.39800252726657925 
0.39800252726657925 
0.39800252726657925 
0.39800252726657925 
0.39800252726657925 
0.39800252726657925 
0.39800252726657925 
0.39800252726657925 
0.39800252726657925 
0.39800252726657925 
0.39800252726657925 
0.39800252726657925 
0.39800252726657925 
0.39800252726657925 
0.39800252726657925 
0.39800252726657925 
0.39800252726657925 
0.39800252726657925 
0.39800252726657925 
0.39800252726657925 
0.39800252726657925 
0.39800252726657925 
0.39800252726657925 
0.39800252726657925 
0.39800252726657925 
0.39800252726657925 
0.39800252726657925 
0.39800252726657925 
0.39800252726657925 
0.39800252726657925 
0.39800252726657925 
0.39800252726657925 
0.39800252726657925 
0.39800252726657925 
0.39800252726657925 
0.39800252726657925 
0.39800252726657925 
0.39800252726657925 
0.39800252726657925 
0.39800252726657925 
0.39800252726657925 
0.39800252726657925 
0.39800252726657925 
0.39800252726657925 
0.39800252726657925 
0.39761524480326355 
0.39761524480326355 
0.39761524480326355 
0.39761524480326355 
0.39761524480326355 
0.39761524480326355 
0.39761524480326355 
0.39761524480326355 
0.39761524480326355 
0.39761524480326355 
0.39761524480326355 
0.39761524480326355 
0.39761524480326355 
0.39761524480326355 
0.39761524480326355 
0.39761524480326355 
0.39761524480326355 
0.39761524480326355 
0.39761524480326355 
0.39761524480326355 
0.39761524480326355 
0.39761524480326355 
0.39761524480326355 
0.39761524480326355 
0.39761524480326355 
0.39761524480326355 
0.39761524480326355 
0.39761524480326355 
0.39761524480326355 
0.39761524480326355 
0.39761524480326355 
0.39761524480326355 
0.39761524480326355 
0.39761524480326355 
0.39761524480326355 
0.39761524480326355 
0.39761524480326355 
0.39761524480326355 
0.39761524480326355 
0.39761524480326355 
0.39761524480326355 
0.39761524480326355 
0.39761524480326355 
0.39761524480326355 
0.39761524480326355 
0.39761524480326355 
0.39761524480326355 
0.39761524480326355 
0.39761524480326355 
0.39761524480326355 
0.39761524480326355 
0.39761524480326355 
0.39761524480326355 
0.39761524480326355 
0.39761524480326355 
0.39761524480326355 
0.39761524480326355 
0.39761524480326355 
0.39761524480326355 
0.39761524480326355 
0.39761524480326355 
0.39761524480326355 
0.39761524480326355 
0.39761524480326355 
0.39761524480326355 
0.39761524480326355 
0.39761524480326355 
0.39761524480326355 
0.39761524480326355 
0.39761524480326355 
0.39761524480326355 
0.39761524480326355 
0.39761524480326355 
0.39761524480326355 
0.39761524480326355 
0.39761524480326355 
0.39761524480326355 
0.39761524480326355 
0.39761524480326355 
0.39761524480326355 
0.39761524480326355 
0.39761524480326355 
0.39761524480326355 
0.39761524480326355 
0.39761524480326355 
0.39761524480326355 
0.39761524480326355 
0.39761524480326355 
0.39761524480326355 
0.39761524480326355 
0.39761524480326355 
0.39761524480326355 
0.39761524480326355 
0.3973615754852601 
0.3973615754852601 
0.3973615754852601 
0.3973615754852601 
0.3973615754852601 
0.3973615754852601 
0.3973615754852601 
0.3973615754852601 
0.3973615754852601 
0.3973615754852601 
0.3973615754852601 
0.3973615754852601 
0.3973615754852601 
0.3973615754852601 
0.3973615754852601 
0.3973615754852601 
0.3973615754852601 
0.3973615754852601 
0.3973615754852601 
0.3973615754852601 
0.3973615754852601 
0.3973615754852601 
0.3973615754852601 
0.3973615754852601 
0.3973615754852601 
0.3973615754852601 
0.3973615754852601 
0.3973615754852601 
0.3973615754852601 
0.3973615754852601 
0.3973615754852601 
0.3973615754852601 
0.3973615754852601 
0.3969444979924471 
0.3969444979924471 
0.3969444979924471 
0.3969444979924471 
0.3969444979924471 
0.3969444979924471 
0.3969444979924471 
0.3969444979924471 
0.3969444979924471 
0.3969444979924471 
0.3969444979924471 
0.3969444979924471 
0.3969444979924471 
0.3969444979924471 
0.3969444979924471 
0.3969444979924471 
0.3969444979924471 
0.3969444979924471 
0.3969444979924471 
0.3969444979924471 
0.3969444979924471 
0.3969444979924471 
0.3969444979924471 
0.3969444979924471 
0.396715157142646 
0.396715157142646 
0.396715157142646 
0.396715157142646 
0.396715157142646 
0.396715157142646 
0.396715157142646 
0.396715157142646 
0.396715157142646 
0.396715157142646 
0.396715157142646 
0.396715157142646 
0.396715157142646 
0.396715157142646 
0.396715157142646 
0.396715157142646 
0.396715157142646 
0.396715157142646 
0.396715157142646 
0.396715157142646 
0.396715157142646 
0.396715157142646 
0.396715157142646 
0.396715157142646 
0.396715157142646 
0.396715157142646 
0.396715157142646 
0.396715157142646 
0.396715157142646 
0.396715157142646 
0.396715157142646 
0.396715157142646 
0.396715157142646 
0.396715157142646 
0.396715157142646 
0.396715157142646 
0.39642913114770706 
0.39642913114770706 
0.39642913114770706 
0.39642913114770706 
0.39642913114770706 
0.39642913114770706 
0.39642913114770706 
0.39642913114770706 
0.39642913114770706 
0.39642913114770706 
0.39642913114770706 
0.39642913114770706 
0.39642913114770706 
0.39642913114770706 
0.39642913114770706 
0.39642913114770706 
0.39642913114770706 
0.39642913114770706 
0.39642913114770706 
0.39642913114770706 
0.39642913114770706 
0.39642913114770706 
0.39642913114770706 
0.39642913114770706 
0.39642913114770706 
0.39642913114770706 
0.39642913114770706 
0.39642913114770706 
0.3962443985116638 
0.3962443985116638 
0.3962443985116638 
0.3962443985116638 
0.3962443985116638 
0.3962443985116638 
0.3962443985116638 
0.3962443985116638 
0.3962443985116638 
0.3962443985116638 
0.3962443985116638 
0.3962443985116638 
0.3962443985116638 
0.3962443985116638 
0.3962443985116638 
0.3962443985116638 
0.3962443985116638 
0.3962443985116638 
0.3962443985116638 
0.3962217742754126 
0.3962217742754126 
0.3962217742754126 
0.3962217742754126 
0.3962217742754126 
0.3962217742754126 
0.3962217742754126 
0.3962217742754126 
0.3962217742754126 
0.3962217742754126 
0.3962217742754126 
0.3962217742754126 
0.3962217742754126 
0.39610146229491916 
0.39610146229491916 
0.39610146229491916 
0.39610146229491916 
0.39610146229491916 
0.39610146229491916 
0.39610146229491916 
0.39610146229491916 
0.39610146229491916 
0.39610146229491916 
0.39610146229491916 
0.39610146229491916 
0.39610146229491916 
0.39610146229491916 
0.39610146229491916 
0.39610146229491916 
0.39610146229491916 
0.39610146229491916 
0.39610146229491916 
0.39610146229491916 
0.39596446990510586 
0.39589810686112825 
0.39589810686112825 
0.39589810686112825 
0.39589810686112825 
0.39589810686112825 
0.39589810686112825 
0.39589810686112825 
0.39589810686112825 
0.39589810686112825 
0.39589810686112825 
0.39589810686112825 
0.39589810686112825 
0.39589810686112825 
0.39589810686112825 
0.39589810686112825 
0.39589810686112825 
0.39589810686112825 
0.39589810686112825 
0.39589810686112825 
0.39589810686112825 
0.39589810686112825 
0.39589810686112825 
0.39589810686112825 
0.39589810686112825 
0.39589810686112825 
0.39589810686112825 
0.39586022560248846 
0.39586022560248846 
0.39586022560248846 
0.39586022560248846 
0.39586022560248846 
0.39586022560248846 
0.39586022560248846 
0.39586022560248846 
0.39586022560248846 
0.39586022560248846 
0.39586022560248846 
0.39586022560248846 
0.39586022560248846 
0.39586022560248846 
0.39586022560248846 
0.39586022560248846 
0.39586022560248846 
0.39586022560248846 
0.39586022560248846 
0.39586022560248846 
0.39586022560248846 
0.39586022560248846 
0.39586022560248846 
0.39586022560248846 
0.39586022560248846 
0.39586022560248846 
0.39586022560248846 
0.39586022560248846 
0.39586022560248846 
0.39586022560248846 
0.39586022560248846 
0.39586022560248846 
0.39586022560248846 
0.39586022560248846 
0.39586022560248846 
0.39586022560248846 
0.39586022560248846 
0.39586022560248846 
0.39586022560248846 
0.3957144360188541 
0.3957144360188541 
0.3957144360188541 
0.3957144360188541 
0.3957144360188541 
0.3957144360188541 
0.3957144360188541 
0.3957144360188541 
0.3957144360188541 
0.3957144360188541 
0.3957144360188541 
0.3957144360188541 
0.3957144360188541 
0.3957144360188541 
0.3957144360188541 
0.3957144360188541 
0.3957144360188541 
0.3957144360188541 
0.3957144360188541 
0.3957144360188541 
0.3957144360188541 
0.3957144360188541 
0.3957144360188541 
0.3957144360188541 
0.3957144360188541 
0.3957144360188541 
0.3957144360188541 
0.3957144360188541 
0.3953840699850559 
0.3953840699850559 
0.3953840699850559 
0.3953840699850559 
0.3953840699850559 
0.3953840699850559 
0.3953840699850559 
0.3953840699850559 
0.3953840699850559 
0.3953840699850559 
0.3953840699850559 
0.3953840699850559 
0.3953840699850559 
0.3953840699850559 
0.3953840699850559 
0.3953840699850559 
0.3953840699850559 
0.3953840699850559 
0.3953840699850559 
0.3953840699850559 
0.3953840699850559 
0.3953840699850559 
0.3953840699850559 
0.3953840699850559 
0.3953840699850559 
0.3953840699850559 
0.3953840699850559 
0.3953840699850559 
0.3953840699850559 
0.3953840699850559 
0.3953840699850559 
0.3953840699850559 
0.3953840699850559 
0.3953840699850559 
0.3953840699850559 
0.3953840699850559 
0.3953840699850559 
0.3953840699850559 
0.3953840699850559 
0.3953840699850559 
0.3953840699850559 
0.3953840699850559 
0.3953840699850559 
0.3953840699850559 
0.3953840699850559 
0.3953840699850559 
0.3953840699850559 
0.3953840699850559 
0.3953840699850559 
0.3953840699850559 
0.3953840699850559 
0.3953840699850559 
0.3953840699850559 
0.3953840699850559 
0.3953840699850559 
0.3953840699850559 
0.3953840699850559 
0.3953840699850559 
0.3953840699850559 
0.3953840699850559 
0.3953840699850559 
0.3953840699850559 
0.3953840699850559 
0.3953840699850559 
0.3953840699850559 
0.3953840699850559 
0.3953840699850559 
0.3953840699850559 
0.3953840699850559 
0.3953840699850559 
0.3953840699850559 
0.3953840699850559 
0.3953840699850559 
0.3953840699850559 
0.3953840699850559 
0.3953840699850559 
0.3953840699850559 
0.3953840699850559 
0.3953840699850559 
0.3953840699850559 
0.3953840699850559 
0.3953840699850559 
0.3953840699850559 
0.3953840699850559 
0.3953840699850559 
0.3953840699850559 
0.3953840699850559 
0.3953840699850559 
0.3953840699850559 
0.3953840699850559 
0.3953840699850559 
0.3953840699850559 
0.3953840699850559 
0.3953840699850559 
0.3953840699850559 
0.3953840699850559 
0.3953840699850559 
0.3953840699850559 
0.3953840699850559 
0.3953840699850559 
0.3953840699850559 
0.3953840699850559 
0.3953840699850559 
0.3953840699850559 
0.3953840699850559 
0.3953840699850559 
0.3953840699850559 
0.3953840699850559 
0.3953840699850559 
0.3953840699850559 
0.3953840699850559 
0.3953840699850559 
0.3953840699850559 
0.3953840699850559 
0.3953840699850559 
0.3953840699850559 
0.3953840699850559 
0.3950459814221661 
0.3950459814221661 
0.3950459814221661 
0.3950459814221661 
0.3950459814221661 
0.3950459814221661 
0.3950459814221661 
0.3950459814221661 
0.3950459814221661 
0.3950459814221661 
0.3950459814221661 
0.3950459814221661 
0.3950459814221661 
0.3950459814221661 
0.3950459814221661 
0.3950459814221661 
0.3950459814221661 
0.3950459814221661 
0.3950459814221661 
0.3950459814221661 
0.3950459814221661 
0.3950459814221661 
0.3950459814221661 
0.3950459814221661 
0.3950459814221661 
0.3950459814221661 
0.3950459814221661 
0.3950459814221661 
0.3950459814221661 
0.3950459814221661 
0.3950459814221661 
0.3950459814221661 
0.3950459814221661 
0.3950459814221661 
0.3950459814221661 
0.3950459814221661 
0.3950459814221661 
0.3950459814221661 
0.3950459814221661 
0.3950459814221661 
0.3950459814221661 
0.3950459814221661 
0.3950459814221661 
0.3950459814221661 
0.3950459814221661 
0.3950459814221661 
0.3950459814221661 
0.3950459814221661 
0.3950459814221661 
0.3950459814221661 
0.3950459814221661 
0.3950459814221661 
0.3950459814221661 
0.3950459814221661 
0.3950459814221661 
0.3950459814221661 
0.3950459814221661 
0.3950459814221661 
0.3950459814221661 
0.3950459814221661 
0.3950459814221661 
0.3950459814221661 
0.3950459814221661 
0.3950459814221661 
0.3950459814221661 
0.3950459814221661 
0.3950459814221661 
0.3950459814221661 
0.3950459814221661 
0.3950459814221661 
0.3950459814221661 
0.3950459814221661 
0.3950459814221661 
0.3950459814221661 
0.3950459814221661 
0.3950459814221661 
0.3950459814221661 
0.3950459814221661 
0.3950459814221661 
0.3950459814221661 
0.3950459814221661 
0.3950459814221661 
0.3950459814221661 
0.3950459814221661 
0.3950459814221661 
0.3950459814221661 
0.3950459814221661 
0.3950459814221661 
0.3950459814221661 
0.3950459814221661 
0.3950459814221661 
0.3950459814221661 
0.3950459814221661 
0.3950459814221661 
0.3950459814221661 
0.3950459814221661 
0.3950459814221661 
0.3950459814221661 
0.3950459814221661 
0.3950459814221661 
0.3950459814221661 
0.3950459814221661 
0.3950459814221661 
0.3950459814221661 
0.3950459814221661 
0.3950459814221661 
0.3950459814221661 
0.3950459814221661 
0.3950459814221661 
0.3950459814221661 
0.3950459814221661 
0.3950459814221661 
0.3950459814221661 
0.3950459814221661 
0.3950459814221661 
0.3950459814221661 
0.3950459814221661 
0.3950459814221661 
0.3950459814221661 
0.3950459814221661 
0.3950459814221661 
0.3950459814221661 
0.3950459814221661 
0.3950459814221661 
0.3948008920193644 
0.3948008920193644 
0.3948008920193644 
0.3948008920193644 
0.3948008920193644 
0.3948008920193644 
0.3948008920193644 
0.3948008920193644 
0.3948008920193644 
0.3948008920193644 
0.3948008920193644 
0.3948008920193644 
0.3948008920193644 
0.3948008920193644 
0.3948008920193644 
0.3948008920193644 
0.3948008920193644 
0.3948008920193644 
0.3948008920193644 
0.3948008920193644 
0.3948008920193644 
0.39447569600800253 
0.39447569600800253 
0.39447569600800253 
0.39447569600800253 
0.39447569600800253 
0.39447569600800253 
0.39447569600800253 
0.39447569600800253 
0.39447569600800253 
0.39447569600800253 
0.39447569600800253 
0.39447569600800253 
0.39447569600800253 
0.39447569600800253 
0.39447569600800253 
0.39447569600800253 
0.39447569600800253 
0.39447569600800253 
0.39447569600800253 
0.39447569600800253 
0.39447569600800253 
0.39447569600800253 
0.39447569600800253 
0.39447569600800253 
0.39447569600800253 
0.39447569600800253 
0.39447569600800253 
0.39447569600800253 
0.39447569600800253 
0.39447569600800253 
0.39447569600800253 
0.39447569600800253 
0.39447569600800253 
0.39447569600800253 
0.39447569600800253 
0.39447569600800253 
0.39447569600800253 
0.39447569600800253 
0.39447569600800253 
0.39447569600800253 
0.39447569600800253 
0.39447569600800253 
0.39447569600800253 
0.39447569600800253 
0.39447569600800253 
0.39447569600800253 
0.39447569600800253 
0.39447569600800253 
0.39447569600800253 
0.39447569600800253 
0.39447569600800253 
0.39447569600800253 
0.39447569600800253 
0.39447569600800253 
0.39447569600800253 
0.39447569600800253 
0.39447569600800253 
0.39447569600800253 
0.39447569600800253 
0.39447569600800253 
0.39447569600800253 
0.39447569600800253 
0.39447569600800253 
0.39447569600800253 
0.39447569600800253 
0.39447569600800253 
0.39447569600800253 
0.39447569600800253 
0.39447569600800253 
0.39447569600800253 
0.39447569600800253 
0.39447569600800253 
0.39447569600800253 
0.39447569600800253 
0.39447569600800253 
0.39447569600800253 
0.39447569600800253 
0.39447569600800253 
0.39447569600800253 
0.39447569600800253 
0.39447569600800253 
0.39447569600800253 
0.39447569600800253 
0.39447569600800253 
0.39447569600800253 
0.39447569600800253 
0.39447569600800253 
0.39447569600800253 
0.39447569600800253 
0.39447569600800253 
0.39447569600800253 
0.39447569600800253 
0.39447569600800253 
0.39447569600800253 
0.39447569600800253 
0.39447569600800253 
0.39447569600800253 
0.39447569600800253 
0.39447569600800253 
0.39447569600800253 
0.39447569600800253 
0.39447569600800253 
0.39447569600800253 
0.39447569600800253 
0.39447569600800253 
0.39447569600800253 
0.39447569600800253 
0.39447569600800253 
0.39447569600800253 
0.39447569600800253 
0.39447569600800253 
0.39447569600800253 
0.39447569600800253 
0.39447569600800253 
0.39447569600800253 
0.39447569600800253 
0.39447569600800253 
0.39447569600800253 
0.39447569600800253 
0.39447569600800253 
0.39447569600800253 
0.3943796332464134 
0.3943796332464134 
0.3943796332464134 
0.3943796332464134 
0.3943796332464134 
0.3943796332464134 
0.3943796332464134 
0.3940358113848125 
0.3940358113848125 
0.3940358113848125 
0.3940358113848125 
0.3940358113848125 
0.3940358113848125 
0.3940358113848125 
0.3940358113848125 
0.3940358113848125 
0.3940358113848125 
0.3940358113848125 
0.3940358113848125 
0.3940358113848125 
0.3940358113848125 
0.3940358113848125 
0.3940358113848125 
0.3940358113848125 
0.3940358113848125 
0.3940358113848125 
0.3940358113848125 
0.3940358113848125 
0.3940358113848125 
0.3940358113848125 
0.3940358113848125 
0.3940358113848125 
0.3940358113848125 
0.3940358113848125 
0.3940358113848125 
0.3940358113848125 
0.3940358113848125 
0.3940358113848125 
0.3940358113848125 
0.3940358113848125 
0.3940358113848125 
0.3940358113848125 
0.3940358113848125 
0.3940358113848125 
0.3940358113848125 
0.3940358113848125 
0.3940358113848125 
0.3940358113848125 
0.3940358113848125 
0.3940358113848125 
0.3940358113848125 
0.3940358113848125 
0.3940358113848125 
0.3940358113848125 
0.3940358113848125 
0.3940358113848125 
0.3940358113848125 
0.3940358113848125 
0.3940358113848125 
0.3940358113848125 
0.3940358113848125 
0.3940358113848125 
0.3940358113848125 
0.3940358113848125 
0.3940358113848125 
0.3940358113848125 
0.3940358113848125 
0.3940358113848125 
0.3940358113848125 
0.3940358113848125 
0.3940358113848125 
0.3940358113848125 
0.3940358113848125 
0.3940358113848125 
0.3940358113848125 
0.3940358113848125 
0.3940358113848125 
0.3940358113848125 
0.3940358113848125 
0.3940036965989164 
0.3940036965989164 
0.3940036965989164 
0.3940036965989164 
0.3940036965989164 
0.3940036965989164 
0.3940036965989164 
0.3940036965989164 
0.3940036965989164 
0.3940036965989164 
0.3940036965989164 
0.3940036965989164 
0.3940036965989164 
0.3940036965989164 
0.3940036965989164 
0.3940036965989164 
0.3940036965989164 
0.3939349992866019 
0.3939349992866019 
0.3939349992866019 
0.3939349992866019 
0.3939349992866019 
0.3939349992866019 
0.3939349992866019 
0.3939349992866019 
0.3939349992866019 
0.3939349992866019 
0.3939349992866019 
0.3939349992866019 
0.3939349992866019 
0.3939349992866019 
0.3939349992866019 
0.3939349992866019 
0.3939349992866019 
0.3939349992866019 
0.3939349992866019 
0.3939349992866019 
0.3939349992866019 
0.3939349992866019 
0.3939349992866019 
0.3939349992866019 
0.3939349992866019 
0.3939349992866019 
0.3939349992866019 
0.3939349992866019 
0.3939349992866019 
0.3939349992866019 
0.3939349992866019 
0.3939349992866019 
0.3939349992866019 
0.3939349992866019 
0.3939349992866019 
0.3939349992866019 
0.3939349992866019 
0.3939349992866019 
0.3939349992866019 
0.3939349992866019 
0.3939349992866019 
0.3939349992866019 
0.3939349992866019 
0.3939349992866019 
0.3939349992866019 
0.3939349992866019 
0.3939349992866019 
0.3939349992866019 
0.3939349992866019 
0.3939349992866019 
0.3939349992866019 
0.3939349992866019 
0.3939349992866019 
0.3939349992866019 
0.3939349992866019 
0.3939349992866019 
0.3939349992866019 
0.3939349992866019 
0.3939349992866019 
0.3939349992866019 
0.3939349992866019 
0.3939349992866019 
0.3939349992866019 
0.3939349992866019 
0.3939349992866019 
0.3939349992866019 
0.3939349992866019 
0.3939349992866019 
0.3939349992866019 
0.3939349992866019 
0.3939349992866019 
0.3939349992866019 
0.3939349992866019 
0.3939349992866019 
0.3939349992866019 
0.3939349992866019 
0.3939349992866019 
0.3939349992866019 
0.3939349992866019 
0.3939349992866019 
0.3939349992866019 
0.3939349992866019 
0.3939349992866019 
0.3939349992866019 
0.3939349992866019 
0.3939349992866019 
0.3939349992866019 
0.3939349992866019 
0.3939349992866019 
0.3939349992866019 
0.3939349992866019 
0.3939349992866019 
0.3939349992866019 
0.3939349992866019 
0.3939349992866019 
0.3939349992866019 
0.3939349992866019 
0.3939349992866019 
0.3939349992866019 
0.3939349992866019 
0.3939349992866019 
0.3939349992866019 
0.3939349992866019 
0.3939349992866019 
0.3939349992866019 
0.3939349992866019 
0.3939349992866019 
0.3939349992866019 
0.3939349992866019 
0.3939349992866019 
0.3939349992866019 
0.3939349992866019 
0.3939349992866019 
0.3939349992866019 
0.3939349992866019 
0.3939349992866019 
0.3939349992866019 
0.3939349992866019 
0.3939349992866019 
0.3939349992866019 
0.3939349992866019 
0.3939349992866019 
0.3939349992866019 
0.3939349992866019 
0.3939349992866019 
0.3939349992866019 
0.3939349992866019 
0.3939349992866019 
0.3939349992866019 
0.3939349992866019 
0.3939349992866019 
0.3939349992866019 
0.3939349992866019 
0.3939349992866019 
0.3939349992866019 
0.3939349992866019 
0.3939349992866019 
0.3939349992866019 
0.3939349992866019 
0.3939349992866019 
0.3939349992866019 
0.3939349992866019 
0.3939349992866019 
0.3939349992866019 
0.3939349992866019 
0.3939349992866019 
0.3939349992866019 
0.3939349992866019 
0.3939349992866019 
0.3939349992866019 
0.3939349992866019 
0.3939349992866019 
0.3939349992866019 
0.3939349992866019 
0.3939349992866019 
0.3939349992866019 
0.3939349992866019 
0.3939349992866019 
0.3939349992866019 
0.3939349992866019 
0.3939349992866019 
0.3939349992866019 
0.3939349992866019 
0.3939349992866019 
0.3939349992866019 
0.3939349992866019 
0.3939349992866019 
0.3939349992866019 
0.3939349992866019 
0.3939349992866019 
0.3939349992866019 
0.3939349992866019 
0.3939349992866019 
0.3939349992866019 
0.3939349992866019 
0.3939349992866019 
0.3939349992866019 
0.3939349992866019 
0.3939349992866019 
0.3939349992866019 
0.3939349992866019 
0.3939349992866019 
0.3939349992866019 
0.3939349992866019 
0.3939349992866019 
0.3939349992866019 
0.3939349992866019 
0.3939349992866019 
0.3939349992866019 
0.3939349992866019 
0.3939349992866019 
0.3939349992866019 
0.3939349992866019 
0.3939349992866019 
0.3939349992866019 
0.3939349992866019 
0.3939349992866019 
0.3939349992866019 
0.3939349992866019 
0.3939349992866019 
0.3939349992866019 
0.3939349992866019 
0.3939349992866019 
0.3939349992866019 
0.3939349992866019 
0.3939349992866019 
0.3939349992866019 
0.3939349992866019 
0.3939349992866019 
0.3939349992866019 
0.3939349992866019 
0.3939349992866019 
0.3939349992866019 
0.3939349992866019 
0.3939349992866019 
0.3939349992866019 
0.3939349992866019 
0.3939349992866019 
0.3939349992866019 
0.3939349992866019 
0.3939349992866019 
0.3939349992866019 
0.3939349992866019 
0.3939349992866019 
0.3939349992866019 
0.3939349992866019 
0.3939349992866019 
0.3939349992866019 
0.3939349992866019 
0.3939349992866019 
0.3939349992866019 
0.3939349992866019 
0.3939349992866019 
0.3939349992866019 
0.3939349992866019 
0.3939349992866019 
0.3939349992866019 
0.3939349992866019 
0.3939349992866019 
0.3939349992866019 
0.3939349992866019 
0.3939349992866019 
0.3939349992866019 
0.3939349992866019 
0.3939349992866019 
0.3939349992866019 
0.3939349992866019 
0.3939349992866019 
0.3939349992866019 
0.3939349992866019 
0.3939349992866019 
0.3939349992866019 
0.3939349992866019 
0.3939349992866019 
0.3939349992866019 
0.3939349992866019 
0.3939349992866019 
0.3939349992866019 
0.3939349992866019 
0.3939349992866019 
0.3939349992866019 
0.3939349992866019 
0.3939349992866019 
0.3939349992866019 
0.3939349992866019 
0.3939349992866019 
0.3939349992866019 
0.3939349992866019 
0.3939349992866019 
0.3939349992866019 
0.3939349992866019 
0.39368902810707207 
0.39368902810707207 
0.39368902810707207 
0.39368902810707207 
0.3935525316790353 
0.3935525316790353 
0.3935525316790353 
0.3935525316790353 
0.3935525316790353 
0.3935525316790353 
0.3935525316790353 
0.3935525316790353 
0.3935525316790353 
0.3935525316790353 
0.3935525316790353 
0.3935525316790353 
0.3935525316790353 
0.3935525316790353 
0.3935525316790353 
0.3935525316790353 
0.393488652990711 
0.393488652990711 
0.393488652990711 
0.393488652990711 
0.393488652990711 
0.393488652990711 
0.393488652990711 
0.393488652990711 
0.393488652990711 
0.393488652990711 
0.393488652990711 
0.393488652990711 
0.393488652990711 
0.393488652990711 
0.393488652990711 
0.393488652990711 
0.393488652990711 
0.393488652990711 
0.393488652990711 
0.393488652990711 
0.393488652990711 
0.393488652990711 
0.393488652990711 
0.393488652990711 
0.393488652990711 
0.393488652990711 
0.393488652990711 
0.393488652990711 
0.393488652990711 
0.39346386779005005 
0.39346386779005005 
0.39346386779005005 
0.39346386779005005 
0.39346386779005005 
0.39346386779005005 
0.39346386779005005 
0.39346386779005005 
0.39346386779005005 
0.39346386779005005 
0.39346386779005005 
0.39346386779005005 
0.39346386779005005 
0.39346386779005005 
0.39346386779005005 
0.39346386779005005 
0.39346386779005005 
0.39346386779005005 
0.39346386779005005 
0.39346386779005005 
0.39346386779005005 
0.39346386779005005 
0.39346386779005005 
0.39346386779005005 
0.39346386779005005 
0.39346386779005005 
0.39346386779005005 
0.39346386779005005 
0.39346386779005005 
0.39346386779005005 
0.39346386779005005 
0.39346386779005005 
0.39346386779005005 
0.39346386779005005 
0.39346386779005005 
0.39346386779005005 
0.39346386779005005 
0.39346386779005005 
0.39346386779005005 
0.39346386779005005 
0.39346386779005005 
0.39346386779005005 
0.39346386779005005 
0.39346386779005005 
0.39346386779005005 
0.39346386779005005 
0.39346386779005005 
0.39346386779005005 
0.39346386779005005 
0.39346386779005005 
0.39346386779005005 
0.39346386779005005 
0.39346386779005005 
0.39346386779005005 
0.39346386779005005 
0.39346386779005005 
0.39346386779005005 
0.39346386779005005 
0.39346386779005005 
0.39346386779005005 
0.39346386779005005 
0.39346386779005005 
0.39346386779005005 
0.39346386779005005 
0.39346386779005005 
0.39346386779005005 
0.39346386779005005 
0.39346386779005005 
0.39346386779005005 
0.39346386779005005 
0.39346386779005005 
0.39346386779005005 
0.39346386779005005 
0.39346386779005005 
0.39346386779005005 
0.39346386779005005 
0.39346386779005005 
0.39346386779005005 
0.39346386779005005 
0.3932794337034968 
0.3932794337034968 
0.3932794337034968 
0.3932794337034968 
0.3932794337034968 
0.3932794337034968 
0.39312547722541147 
0.39312547722541147 
0.39312547722541147 
0.39312547722541147 
0.39312547722541147 
0.39312547722541147 
0.39312547722541147 
0.39312547722541147 
0.39312547722541147 
0.39312547722541147 
0.39312547722541147 
0.39312547722541147 
0.39312547722541147 
0.39312547722541147 
0.39312547722541147 
0.39312547722541147 
0.39312547722541147 
0.39312547722541147 
0.39312547722541147 
0.39312547722541147 
0.39312547722541147 
0.39312547722541147 
0.39312547722541147 
0.39312547722541147 
0.39312547722541147 
0.39312547722541147 
0.39312547722541147 
0.39312547722541147 
0.39312547722541147 
0.39312547722541147 
0.39312547722541147 
0.39312547722541147 
0.39312547722541147 
0.39312547722541147 
0.39312547722541147 
0.39312547722541147 
0.39312547722541147 
0.39312547722541147 
0.3930771148101917 
0.3930771148101917 
0.3930771148101917 
0.3930771148101917 
0.3930771148101917 
0.3930771148101917 
0.3930771148101917 
0.3930771148101917 
0.3930771148101917 
0.3930771148101917 
0.3930771148101917 
0.3930771148101917 
0.3930771148101917 
0.392804053120014 
0.392804053120014 
0.392804053120014 
0.392804053120014 
0.392804053120014 
0.392804053120014 
0.392804053120014 
0.392804053120014 
0.3927561706974388 
0.3927561706974388 
0.3927561706974388 
0.3927561706974388 
0.3927561706974388 
0.3927561706974388 
0.3927561706974388 
0.3927561706974388 
0.3927561706974388 
0.3927561706974388 
0.3927561706974388 
0.3927561706974388 
0.3927561706974388 
0.3927561706974388 
0.3927561706974388 
0.3927561706974388 
0.3927561706974388 
0.3927561706974388 
0.3927561706974388 
0.3927561706974388 
0.3927561706974388 
0.3927561706974388 
0.3927561706974388 
0.3927561706974388 
0.3927561706974388 
0.3927561706974388 
0.3927561706974388 
0.3927561706974388 
0.3927561706974388 
0.3927561706974388 
0.3927561706974388 
0.3927561706974388 
0.3927561706974388 
0.3927561706974388 
0.3927561706974388 
0.3927561706974388 
0.3927561706974388 
0.3927561706974388 
0.3927561706974388 
0.3927561706974388 
0.3927561706974388 
0.3927561706974388 
0.3927561706974388 
0.3927561706974388 
0.3927561706974388 
0.3927561706974388 
0.3927561706974388 
0.39261866959365344 
0.39261866959365344 
0.39261866959365344 
0.39261866959365344 
0.39261866959365344 
0.39261866959365344 
0.39272379229279347 
0.39272379229279347 
0.39272379229279347 
0.39272379229279347 
0.39272379229279347 
0.39272379229279347 
0.39272379229279347 
0.39272379229279347 
0.39272379229279347 
0.39272379229279347 
0.39272379229279347 
0.39272379229279347 
0.39272379229279347 
0.39272379229279347 
0.39272379229279347 
0.39272379229279347 
0.39272379229279347 
0.39272379229279347 
0.39272379229279347 
0.39272379229279347 
0.39272379229279347 
0.39272379229279347 
0.39272379229279347 
0.39272379229279347 
0.39272379229279347 
0.39272379229279347 
0.39272379229279347 
0.39272379229279347 
0.39272379229279347 
0.39272379229279347 
0.39272379229279347 
0.39272379229279347 
0.39272379229279347 
0.39272379229279347 
0.39272379229279347 
0.39272379229279347 
0.39272379229279347 
0.39272379229279347 
0.39272379229279347 
0.39272379229279347 
0.39272379229279347 
0.39272379229279347 
0.39272379229279347 
0.39272379229279347 
0.39272379229279347 
0.39272379229279347 
0.39272379229279347 
0.39272379229279347 
0.39272379229279347 
0.39272379229279347 
0.39272379229279347 
0.39272379229279347 
0.39272379229279347 
0.39272379229279347 
0.39272379229279347 
0.39272379229279347 
0.39272379229279347 
0.39272379229279347 
0.39272379229279347 
0.39272379229279347 
0.39272379229279347 
0.39272379229279347 
0.39272379229279347 
0.39272379229279347 
0.39272379229279347 
0.39272379229279347 
0.39272379229279347 
0.39272379229279347 
0.39272379229279347 
0.39272379229279347 
0.39272379229279347 
0.39272379229279347 
0.39272379229279347 
0.39272379229279347 
0.39272379229279347 
0.39272379229279347 
0.39272379229279347 
0.39272379229279347 
0.39272379229279347 
0.39272379229279347 
0.39272379229279347 
0.39272379229279347 
0.39272379229279347 
0.39272379229279347 
0.39272379229279347 
0.39272379229279347 
0.39272379229279347 
0.39272379229279347 
0.39272379229279347 
0.39272379229279347 
0.39272379229279347 
0.39272379229279347 
0.39272379229279347 
0.39272379229279347 
0.39272379229279347 
0.39272379229279347 
0.39272379229279347 
0.39272379229279347 
0.39272379229279347 
0.39272379229279347 
0.39272379229279347 
0.39272379229279347 
0.39272379229279347 
0.39272379229279347 
0.39272379229279347 
0.39272379229279347 
0.39272379229279347 
0.39272379229279347 
0.39272379229279347 
0.39272379229279347 
0.39272379229279347 
0.39272379229279347 
0.39272379229279347 
0.39272379229279347 
0.39272379229279347 
0.39272379229279347 
0.39272379229279347 
0.39272379229279347 
0.39272379229279347 
0.39272379229279347 
0.39272379229279347 
0.39272379229279347 
0.39272379229279347 
0.39272379229279347 
0.39272379229279347 
0.39272379229279347 
0.39272379229279347 
0.39272379229279347 
0.39272379229279347 
0.39272379229279347 
0.39272379229279347 
0.39272379229279347 
0.39272379229279347 
0.39272379229279347 
0.39272379229279347 
0.39272379229279347 
0.39272379229279347 
0.39272379229279347 
0.39272379229279347 
0.39272379229279347 
0.39272379229279347 
0.39272379229279347 
0.39272379229279347 
0.39272379229279347 
0.39272379229279347 
0.39272379229279347 
0.39272379229279347 
0.39272379229279347 
0.39272379229279347 
0.39272379229279347 
0.39272379229279347 
0.39272379229279347 
0.39272379229279347 
0.39272379229279347 
0.39272379229279347 
0.39272379229279347 
0.39272379229279347 
0.39272379229279347 
0.39272379229279347 
0.39272379229279347 
0.39272379229279347 
0.39272379229279347 
0.39272379229279347 
0.39272379229279347 
0.39272379229279347 
0.39272379229279347 
0.39272379229279347 
0.39272379229279347 
0.39272379229279347 
0.39272379229279347 
0.39272379229279347 
0.39272379229279347 
0.39272379229279347 
0.39272379229279347 
0.39272379229279347 
0.39272379229279347 
0.39272379229279347 
0.39272379229279347 
0.39272379229279347 
0.39272379229279347 
0.39272379229279347 
0.39272379229279347 
0.39272379229279347 
0.39272379229279347 
0.39272379229279347 
0.39272379229279347 
0.39272379229279347 
0.39272379229279347 
0.39272379229279347 
0.39272379229279347 
0.39272379229279347 
0.39272379229279347 
0.39272379229279347 
0.39272379229279347 
0.39272379229279347 
0.39272379229279347 
0.39272379229279347 
0.39272379229279347 
0.39272379229279347 
0.39272379229279347 
0.39272379229279347 
0.39272379229279347 
0.39272379229279347 
0.39272379229279347 
0.39272379229279347 
0.39272379229279347 
0.39272379229279347 
0.39272379229279347 
0.39272379229279347 
0.39272379229279347 
0.39272379229279347 
0.39272379229279347 
0.39272379229279347 
0.39272379229279347 
0.39272379229279347 
0.39272379229279347 
0.39272379229279347 
0.39272379229279347 
0.39272379229279347 
0.39272379229279347 
0.39272379229279347 
0.39272379229279347 
0.39272379229279347 
0.39272379229279347 
0.39272379229279347 
0.39272379229279347 
0.39262405835595315 
0.39262405835595315 
0.39262405835595315 
0.39262405835595315 
0.39262405835595315 
0.39262405835595315 
0.39262405835595315 
0.39262405835595315 
0.39262405835595315 
0.3924461047681939 
0.3924461047681939 
0.3924461047681939 
0.3924461047681939 
0.3924461047681939 
0.3924461047681939 
0.3924461047681939 
0.3924461047681939 
0.3924461047681939 
0.3924461047681939 
0.3924461047681939 
0.3924461047681939 
0.3924461047681939 
0.3924461047681939 
0.3924461047681939 
0.3924461047681939 
0.3924461047681939 
0.3924461047681939 
0.3924461047681939 
0.3924461047681939 
0.3924461047681939 
0.3924461047681939 
0.3924461047681939 
0.3924461047681939 
0.3924461047681939 
0.3924461047681939 
0.3922173463297213 
0.3922173463297213 
0.3922173463297213 
0.3922173463297213 
0.3922173463297213 
0.3922173463297213 
0.3922173463297213 
0.3922173463297213 
0.3922173463297213 
0.3922173463297213 
0.3922173463297213 
0.3922173463297213 
0.3922173463297213 
0.3922173463297213 
0.3922173463297213 
0.3922173463297213 
0.3922173463297213 
0.3921785897686333 
0.3921785897686333 
0.3921785897686333 
0.3921785897686333 
0.3921785897686333 
0.3921785897686333 
0.3921785897686333 
0.3921785897686333 
0.3921785897686333 
0.3921785897686333 
0.3921785897686333 
0.3921785897686333 
0.3921785897686333 
0.3921785897686333 
0.3921785897686333 
0.3921785897686333 
0.3921785897686333 
0.3921785897686333 
0.3921785897686333 
0.3921785897686333 
0.3921785897686333 
0.3921785897686333 
0.3921785897686333 
0.3921785897686333 
0.3921785897686333 
0.3921785897686333 
0.3921785897686333 
0.3921785897686333 
0.3921785897686333 
0.3921785897686333 
0.3921785897686333 
0.3921785897686333 
0.3921785897686333 
0.3921785897686333 
0.3921785897686333 
0.3921785897686333 
0.3921785897686333 
0.3921785897686333 
0.3921785897686333 
0.3921785897686333 
0.3921785897686333 
0.3921785897686333 
0.3921785897686333 
0.3921785897686333 
0.3921033146280134 
0.3921033146280134 
0.3921033146280134 
0.3921033146280134 
0.3921033146280134 
0.3921033146280134 
0.3921033146280134 
0.3921033146280134 
0.3921033146280134 
0.3921033146280134 
0.3921033146280134 
0.39178346833285876 
0.39178346833285876 
0.39178346833285876 
0.39178346833285876 
0.39178346833285876 
0.39178346833285876 
0.39178346833285876 
0.39178346833285876 
0.39178346833285876 
0.39178346833285876 
0.39178346833285876 
0.39178346833285876 
0.39178346833285876 
0.39178346833285876 
0.39178346833285876 
0.39178346833285876 
0.39178346833285876 
0.39178346833285876 
0.39178346833285876 
0.39178346833285876 
0.39178346833285876 
0.39178346833285876 
0.39178346833285876 
0.39178346833285876 
0.39178346833285876 
0.39178346833285876 
0.39178346833285876 
0.39178346833285876 
0.39178346833285876 
0.39178346833285876 
0.39178346833285876 
0.39178346833285876 
0.39178346833285876 
0.39178346833285876 
0.39178346833285876 
0.39178346833285876 
0.39178346833285876 
0.39178346833285876 
0.39178346833285876 
0.39178346833285876 
0.39178346833285876 
0.39178346833285876 
0.39178346833285876 
0.39178346833285876 
0.39178346833285876 
0.39178346833285876 
0.39178346833285876 
0.39178346833285876 
0.39178346833285876 
0.39178346833285876 
0.3914208658455295 
0.3914208658455295 
0.3914208658455295 
0.3914208658455295 
0.3914208658455295 
0.3914208658455295 
0.3914208658455295 
0.3914208658455295 
0.3914208658455295 
0.3914208658455295 
0.3914208658455295 
0.3914208658455295 
0.3914208658455295 
0.3914208658455295 
0.3914208658455295 
0.3914208658455295 
0.3914208658455295 
0.3914208658455295 
0.3914208658455295 
0.3914208658455295 
0.3914208658455295 
0.3914208658455295 
0.3914208658455295 
0.3914208658455295 
0.3914208658455295 
0.3914208658455295 
0.3914208658455295 
0.3914208658455295 
0.3914208658455295 
0.3914208658455295 
0.3914208658455295 
0.3914208658455295 
0.3914208658455295 
0.3914208658455295 
0.3914208658455295 
0.3914208658455295 
0.3914208658455295 
0.3914208658455295 
0.3914208658455295 
0.3914208658455295 
0.3914208658455295 
0.3914208658455295 
0.3914208658455295 
0.3914208658455295 
0.3914208658455295 
0.3914208658455295 
0.3914208658455295 
0.3914208658455295 
0.3914208658455295 
0.3914208658455295 
0.3914208658455295 
0.3914208658455295 
0.3914208658455295 
0.3914208658455295 
0.3914208658455295 
0.3914208658455295 
0.3914208658455295 
0.3914208658455295 
0.3914208658455295 
0.3914208658455295 
0.3914208658455295 
0.3914208658455295 
0.3914208658455295 
0.3914208658455295 
0.3914208658455295 
0.3914208658455295 
0.3914208658455295 
0.3914208658455295 
0.3914208658455295 
0.3914208658455295 
0.3914208658455295 
0.3914208658455295 
0.3914208658455295 
0.3914208658455295 
0.3914208658455295 
0.3914208658455295 
0.3914208658455295 
0.3914208658455295 
0.3914208658455295 
0.3914208658455295 
0.3914208658455295 
0.3914208658455295 
0.3914208658455295 
0.3914208658455295 
0.3914208658455295 
0.3914208658455295 
0.3914208658455295 
0.3914208658455295 
0.3914208658455295 
0.3914208658455295 
0.3914208658455295 
0.3914208658455295 
0.3914208658455295 
0.3914208658455295 
0.3914208658455295 
0.3914208658455295 
0.3914208658455295 
0.3914208658455295 
0.3914208658455295 
0.3914208658455295 
0.3914208658455295 
0.3914208658455295 
0.3914208658455295 
0.3914208658455295 
0.3914208658455295 
0.3914208658455295 
0.3914208658455295 
0.3914208658455295 
0.3914208658455295 
0.3914208658455295 
0.39118332529377053 
0.39118332529377053 
0.39118332529377053 
0.39118332529377053 
0.39118332529377053 
0.39118332529377053 
0.39118332529377053 
0.39118332529377053 
0.39118332529377053 
0.39118332529377053 
0.39118332529377053 
0.39118332529377053 
0.39118332529377053 
0.39118332529377053 
0.39118332529377053 
0.39118332529377053 
0.39118332529377053 
0.39118332529377053 
0.39118332529377053 
0.39118332529377053 
0.39118332529377053 
0.39118332529377053 
0.39118332529377053 
0.39118332529377053 
0.39118332529377053 
0.39118332529377053 
0.39118332529377053 
0.39118332529377053 
0.39118332529377053 
0.39118332529377053 
0.39118332529377053 
0.39118332529377053 
0.39118332529377053 
0.39118332529377053 
0.39118332529377053 
0.39118332529377053 
0.39118332529377053 
0.39118332529377053 
0.39118332529377053 
0.39118332529377053 
0.39118332529377053 
0.39118332529377053 
0.39118332529377053 
0.39118332529377053 
0.39118332529377053 
0.39118332529377053 
0.39118332529377053 
0.39118332529377053 
0.39118332529377053 
0.39097506568735996 
0.39097506568735996 
0.39097506568735996 
0.39097506568735996 
0.39097506568735996 
0.39097506568735996 
0.39097506568735996 
0.39097506568735996 
0.39097506568735996 
0.39097506568735996 
0.39097506568735996 
0.39097506568735996 
0.39097506568735996 
0.39097506568735996 
0.39097506568735996 
0.39097506568735996 
0.39097506568735996 
0.39097506568735996 
0.39097506568735996 
0.39097506568735996 
0.39097506568735996 
0.39097506568735996 
0.39097506568735996 
0.39097506568735996 
0.39097506568735996 
0.39097506568735996 
0.39097506568735996 
0.39097506568735996 
0.39097506568735996 
0.39097506568735996 
0.39097506568735996 
0.39097506568735996 
0.39097506568735996 
0.39097506568735996 
0.39097506568735996 
0.39097506568735996 
0.39097506568735996 
0.39097506568735996 
0.39097506568735996 
0.39097506568735996 
0.39097506568735996 
0.39097506568735996 
0.39097506568735996 
0.39097506568735996 
0.39097506568735996 
0.39097506568735996 
0.39097506568735996 
0.39097506568735996 
0.39097506568735996 
0.39097506568735996 
0.39097506568735996 
0.39097506568735996 
0.39097506568735996 
0.39097506568735996 
0.39097506568735996 
0.39097506568735996 
0.39097506568735996 
0.39097506568735996 
0.39097506568735996 
0.39097506568735996 
0.39097506568735996 
0.39097506568735996 
0.39097506568735996 
0.39097506568735996 
0.39097506568735996 
0.39097506568735996 
0.39097506568735996 
0.39097506568735996 
0.39097506568735996 
0.39097506568735996 
0.39097506568735996 
0.39097506568735996 
0.39097506568735996 
0.39097506568735996 
0.39097506568735996 
0.39097506568735996 
0.39097506568735996 
0.39097506568735996 
0.39097506568735996 
0.39097506568735996 
0.39097506568735996 
0.39097506568735996 
0.39097506568735996 
0.39097506568735996 
0.39097506568735996 
0.39097506568735996 
0.39097506568735996 
0.39097506568735996 
0.39097506568735996 
0.39097506568735996 
0.39097506568735996 
0.39097506568735996 
0.39097506568735996 
0.39097506568735996 
0.39097506568735996 
0.39097506568735996 
0.39097506568735996 
0.39097506568735996 
0.39097506568735996 
0.39097506568735996 
0.39097506568735996 
0.39097506568735996 
0.39097506568735996 
0.39097506568735996 
0.39097506568735996 
0.39097506568735996 
0.39097506568735996 
0.39097506568735996 
0.39097506568735996 
0.39097506568735996 
0.39097506568735996 
0.39097506568735996 
0.39097506568735996 
0.39097506568735996 
0.39097506568735996 
0.39097506568735996 
0.39097506568735996 
0.39097506568735996 
0.39097506568735996 
0.39097506568735996 
0.39097506568735996 
0.39097506568735996 
0.39097506568735996 
0.39097506568735996 
0.39097506568735996 
0.39097506568735996 
0.39097506568735996 
0.39097506568735996 
0.39097506568735996 
0.39097506568735996 
0.39097506568735996 
0.39097506568735996 
0.39097506568735996 
0.39097506568735996 
0.39097506568735996 
0.39097506568735996 
0.39097506568735996 
0.39097506568735996 
0.39097506568735996 
0.39097506568735996 
0.39097506568735996 
0.39097506568735996 
0.39097506568735996 
0.39097506568735996 
0.39097506568735996 
0.39097506568735996 
0.39097506568735996 
0.39097506568735996 
0.39097506568735996 
0.39097506568735996 
0.39097506568735996 
0.39097506568735996 
0.39097506568735996 
0.39097506568735996 
0.39097506568735996 
0.39097506568735996 
0.39097506568735996 
0.39097506568735996 
0.39097506568735996 
0.39097506568735996 
0.39097506568735996 
0.3909397952869021 
0.3909397952869021 
0.3909397952869021 
0.3909397952869021 
0.3909397952869021 
0.3909397952869021 
0.3909397952869021 
0.3909397952869021 
0.3909397952869021 
0.3909397952869021 
0.3909397952869021 
0.3909397952869021 
0.3909397952869021 
0.3909397952869021 
0.3909397952869021 
