-0.012 
-0.0132 
-0.0156 
-0.0176 
-0.0188 
-0.0196 
-0.0196 
-0.0224 
-0.0244 
-0.0264 
-0.0268 
-0.028 
-0.03 
-0.03 
-0.0312 
-0.0316 
-0.0328 
-0.036 
-0.0384 
-0.0376 
-0.0384 
-0.04 
-0.0408 
-0.0432 
-0.0452 
-0.0476 
-0.0488 
-0.0504 
-0.0524 
-0.054 
-0.0556 
-0.0552 
-0.056 
-0.0572 
-0.0576 
-0.0588 
-0.0624 
-0.064 
-0.0636 
-0.0648 
-0.066 
-0.0656 
-0.0652 
-0.0672 
-0.0668 
-0.0672 
-0.0696 
-0.0704 
-0.072 
-0.0716 
-0.0728 
-0.0736 
-0.0748 
-0.076 
-0.0776 
-0.0796 
-0.0804 
-0.0796 
-0.0804 
-0.082 
-0.082 
-0.0828 
-0.084 
-0.0852 
-0.0852 
-0.0864 
-0.0864 
-0.0876 
-0.0884 
-0.09 
-0.0916 
-0.0928 
-0.0928 
-0.0928 
-0.0924 
-0.0936 
-0.0948 
-0.0948 
-0.0956 
-0.096 
-0.0964 
-0.096 
-0.0956 
-0.0972 
-0.0992 
-0.0988 
-0.098 
-0.1 
-0.1004 
-0.1012 
-0.1016 
-0.1024 
-0.104 
-0.1048 
-0.1068 
-0.1064 
-0.1068 
-0.1072 
-0.1072 
-0.1076 
-0.108 
-0.11 
-0.1112 
-0.1124 
-0.1128 
-0.114 
-0.1152 
-0.1148 
-0.1148 
-0.1168 
-0.1168 
-0.118 
-0.1192 
-0.1204 
-0.1196 
-0.1196 
-0.1208 
-0.1212 
-0.1216 
-0.1228 
-0.1224 
-0.122 
-0.1232 
-0.1236 
-0.1244 
-0.1256 
-0.1264 
-0.128 
-0.1288 
-0.1288 
-0.13 
-0.1304 
-0.1304 
-0.1304 
-0.1308 
-0.1304 
-0.13 
-0.1328 
-0.1324 
-0.1336 
-0.1344 
-0.1344 
-0.1352 
-0.1356 
-0.1368 
-0.1368 
-0.136 
-0.136 
-0.1352 
-0.1364 
-0.1368 
-0.1368 
-0.1368 
-0.1364 
-0.1368 
-0.1368 
-0.136 
-0.136 
-0.1356 
-0.1352 
-0.1364 
-0.136 
-0.136 
-0.136 
-0.1364 
-0.1372 
-0.138 
-0.1388 
-0.1392 
-0.1388 
-0.1392 
-0.1392 
-0.1396 
-0.1392 
-0.1396 
-0.1392 
-0.1384 
-0.1388 
-0.1392 
-0.1392 
-0.1396 
-0.14 
-0.1396 
-0.14 
-0.1396 
-0.1396 
-0.14 
-0.1396 
-0.1396 
-0.1392 
-0.14 
-0.1396 
-0.1392 
-0.1388 
-0.14 
-0.1404 
-0.1404 
-0.14 
-0.1404 
-0.1396 
-0.1388 
-0.1392 
-0.1396 
-0.1392 
-0.1396 
-0.1392 
-0.14 
-0.14 
-0.1404 
-0.1404 
-0.1408 
-0.1408 
-0.1408 
-0.1408 
-0.1412 
-0.1408 
-0.1412 
-0.1412 
-0.1412 
-0.1408 
-0.1408 
-0.1408 
-0.1408 
-0.1408 
-0.1412 
-0.1412 
-0.1416 
-0.1416 
-0.1412 
-0.1416 
-0.1416 
-0.1412 
-0.1412 
-0.1408 
-0.1408 
-0.1416 
-0.1412 
-0.1416 
-0.1416 
-0.1416 
-0.142 
-0.142 
-0.1424 
-0.1424 
-0.1428 
-0.1424 
-0.1424 
-0.1436 
-0.1436 
-0.1432 
-0.1432 
-0.1432 
-0.1432 
-0.1432 
-0.1432 
-0.1436 
-0.144 
-0.1444 
-0.1448 
-0.144 
-0.144 
-0.144 
-0.144 
-0.144 
-0.144 
-0.1448 
-0.146 
-0.1456 
-0.146 
-0.146 
-0.146 
-0.1456 
-0.1464 
-0.1464 
-0.1464 
-0.1468 
-0.1472 
-0.1472 
-0.1476 
-0.148 
-0.1484 
-0.1484 
-0.1484 
-0.1488 
-0.1492 
-0.1496 
-0.15 
-0.15 
-0.15 
-0.1496 
-0.1488 
-0.1488 
-0.1492 
-0.1496 
-0.1496 
-0.1496 
-0.1496 
-0.1496 
-0.1492 
-0.1496 
-0.1496 
-0.1492 
-0.1488 
-0.1488 
-0.1492 
-0.1488 
-0.1492 
-0.1488 
-0.1488 
-0.1488 
-0.1488 
-0.1496 
-0.15 
-0.15 
-0.15 
-0.1504 
-0.1508 
-0.1508 
-0.1508 
-0.1508 
-0.1512 
-0.1516 
-0.1516 
-0.1516 
-0.1516 
-0.152 
-0.1516 
-0.152 
-0.152 
-0.152 
-0.1516 
-0.1516 
-0.152 
-0.152 
-0.1516 
-0.1512 
-0.1508 
-0.1504 
-0.1508 
-0.1504 
-0.1504 
-0.15 
-0.15 
-0.15 
-0.15 
-0.1496 
-0.1496 
-0.1496 
-0.1496 
-0.1496 
-0.1492 
-0.1492 
-0.1492 
-0.1492 
-0.1492 
-0.1492 
-0.1488 
-0.1488 
-0.1492 
-0.1492 
-0.1492 
-0.1496 
-0.1496 
-0.1492 
-0.1488 
-0.1488 
-0.1488 
-0.1492 
-0.1488 
-0.1484 
-0.1484 
-0.148 
-0.148 
-0.148 
-0.148 
-0.1484 
-0.1484 
-0.1484 
-0.1484 
-0.1484 
-0.1484 
-0.1484 
-0.1488 
-0.1488 
-0.1488 
-0.1492 
-0.1492 
-0.1492 
-0.1492 
-0.1492 
-0.1496 
-0.1496 
-0.1496 
-0.1496 
-0.1496 
-0.1492 
-0.1492 
-0.1492 
-0.1488 
-0.1488 
-0.1488 
-0.1488 
-0.1492 
-0.1492 
-0.1492 
-0.1496 
-0.1496 
-0.1496 
-0.1496 
-0.1496 
-0.1496 
-0.1496 
-0.15 
-0.1496 
-0.1496 
-0.1492 
-0.1492 
-0.1492 
-0.1488 
-0.1488 
-0.1488 
-0.1488 
-0.1488 
-0.1484 
-0.1484 
-0.1484 
-0.1484 
-0.1484 
-0.1484 
-0.1488 
-0.1488 
-0.1488 
-0.1488 
-0.1484 
-0.1484 
-0.1484 
-0.1484 
-0.1484 
-0.1484 
-0.1484 
-0.1484 
-0.1488 
-0.1484 
-0.1484 
-0.148 
-0.148 
-0.148 
-0.148 
-0.148 
-0.148 
-0.148 
-0.148 
-0.1484 
-0.1484 
-0.1484 
-0.1484 
-0.1484 
-0.1484 
-0.1484 
-0.1484 
-0.1484 
-0.1484 
-0.1484 
-0.1484 
-0.1484 
-0.1484 
-0.148 
-0.1484 
-0.1484 
-0.1484 
-0.1484 
-0.1484 
-0.1484 
-0.1484 
-0.1484 
-0.1484 
-0.1484 
-0.1484 
-0.1484 
-0.1484 
-0.1484 
-0.1484 
-0.1484 
-0.1484 
-0.1484 
-0.1484 
-0.1484 
-0.1484 
-0.1484 
-0.1488 
-0.1488 
-0.1488 
-0.1488 
-0.1488 
-0.1488 
-0.1488 
-0.1484 
-0.1484 
-0.1484 
-0.1484 
-0.1484 
-0.1484 
-0.148 
-0.148 
-0.148 
-0.148 
-0.148 
-0.148 
-0.148 
-0.148 
-0.148 
-0.148 
-0.148 
-0.148 
-0.1484 
-0.1484 
-0.1484 
-0.1484 
-0.1484 
-0.1484 
-0.1492 
-0.1492 
-0.1492 
-0.1492 
-0.1492 
-0.1492 
-0.1492 
-0.1492 
-0.1496 
-0.1496 
-0.1496 
-0.1496 
-0.1496 
-0.1496 
-0.1496 
-0.1496 
-0.1496 
-0.1496 
-0.1496 
-0.1492 
-0.1492 
-0.1492 
-0.1492 
-0.1492 
-0.1492 
-0.1492 
-0.1492 
-0.1492 
-0.1492 
-0.1492 
-0.1492 
-0.1492 
-0.1492 
-0.1492 
-0.1492 
-0.1492 
-0.1492 
-0.1492 
-0.1492 
-0.1492 
-0.1492 
-0.1492 
-0.1492 
-0.1492 
-0.1492 
-0.1492 
-0.1492 
-0.1492 
-0.1492 
-0.1492 
-0.1492 
-0.1492 
-0.1492 
-0.1492 
-0.1492 
-0.1492 
-0.1492 
-0.1492 
-0.1492 
-0.1492 
-0.1492 
-0.1492 
-0.1492 
-0.1492 
-0.1492 
-0.1492 
-0.1496 
-0.1496 
-0.1496 
-0.1496 
-0.1496 
-0.1496 
-0.1496 
-0.1496 
-0.1496 
-0.1496 
-0.1496 
-0.15 
-0.15 
-0.15 
-0.15 
-0.1504 
-0.1504 
-0.1504 
-0.1504 
-0.1508 
-0.1504 
-0.1504 
-0.1504 
-0.1504 
-0.1504 
-0.1504 
-0.1504 
-0.1504 
-0.1504 
-0.1504 
-0.1504 
-0.1504 
-0.1504 
-0.1504 
-0.1504 
-0.1504 
-0.15 
-0.15 
-0.15 
-0.15 
-0.15 
-0.15 
-0.15 
-0.15 
-0.15 
-0.15 
-0.15 
-0.1496 
-0.1496 
-0.1496 
-0.1496 
-0.1496 
-0.1496 
-0.1496 
-0.1496 
-0.15 
-0.1496 
-0.1496 
-0.1496 
-0.1496 
-0.1496 
-0.1496 
-0.1496 
-0.1496 
-0.1496 
-0.1496 
-0.1496 
-0.1496 
-0.1496 
-0.1496 
-0.1496 
-0.1496 
-0.1492 
-0.1492 
-0.1492 
-0.1492 
-0.1492 
-0.1492 
-0.1492 
-0.1492 
-0.1492 
-0.1492 
-0.1492 
-0.1492 
-0.1492 
-0.1492 
-0.1492 
-0.1492 
-0.1492 
-0.1492 
-0.1492 
-0.1492 
-0.1496 
-0.1496 
-0.1496 
-0.1496 
-0.1496 
-0.1496 
-0.1496 
-0.1496 
-0.1496 
-0.1496 
-0.1496 
-0.1496 
-0.1496 
-0.1496 
-0.1496 
-0.1496 
-0.1496 
-0.1496 
-0.1496 
-0.1496 
-0.1496 
-0.1496 
-0.1496 
-0.1496 
-0.1496 
-0.1496 
-0.1496 
-0.1496 
-0.1496 
-0.1496 
-0.1496 
-0.1496 
-0.1496 
-0.1496 
-0.1496 
-0.1496 
-0.1496 
-0.1496 
-0.1496 
-0.1496 
-0.1496 
-0.1496 
-0.1496 
-0.1496 
-0.1496 
-0.1496 
-0.1496 
-0.1496 
-0.1496 
-0.1496 
-0.1496 
-0.1496 
-0.1496 
-0.1496 
-0.1496 
-0.1496 
-0.1496 
-0.1496 
-0.1496 
-0.1496 
-0.1496 
-0.1496 
-0.1496 
-0.1496 
-0.1496 
-0.1496 
-0.1496 
-0.1496 
-0.1496 
-0.1496 
-0.1496 
-0.1496 
-0.1496 
-0.1496 
-0.1496 
-0.1496 
-0.1496 
-0.1496 
-0.1496 
-0.1496 
-0.1496 
-0.1496 
-0.1496 
-0.1496 
-0.1496 
-0.1496 
-0.1496 
-0.1496 
-0.1496 
-0.1496 
-0.1496 
-0.1496 
-0.1496 
-0.1496 
-0.1496 
-0.1496 
-0.1496 
-0.1496 
-0.1496 
-0.1496 
-0.1496 
-0.1496 
-0.1496 
-0.1496 
-0.1496 
-0.1496 
-0.1496 
-0.1496 
-0.1496 
-0.1496 
-0.1496 
-0.1496 
-0.1496 
-0.1496 
-0.1496 
-0.1496 
-0.1496 
-0.1496 
-0.1496 
-0.1496 
-0.1496 
-0.1496 
-0.1496 
-0.1496 
-0.1496 
-0.1496 
-0.1496 
-0.1496 
-0.15 
-0.15 
-0.15 
-0.15 
-0.15 
-0.15 
-0.15 
-0.15 
-0.15 
-0.15 
-0.15 
-0.15 
-0.15 
-0.15 
-0.15 
-0.15 
-0.15 
-0.15 
-0.15 
-0.15 
-0.15 
-0.15 
-0.15 
-0.15 
-0.15 
-0.15 
-0.15 
-0.15 
-0.15 
-0.15 
-0.15 
-0.15 
-0.15 
-0.15 
-0.15 
-0.15 
-0.15 
-0.15 
-0.15 
-0.15 
-0.15 
-0.15 
-0.15 
-0.15 
-0.15 
-0.15 
-0.15 
-0.15 
-0.15 
-0.15 
-0.15 
-0.15 
-0.15 
-0.15 
-0.15 
-0.15 
-0.15 
-0.15 
-0.15 
-0.15 
-0.15 
-0.15 
-0.15 
-0.15 
-0.15 
-0.15 
-0.15 
-0.15 
-0.15 
-0.15 
-0.15 
-0.15 
-0.15 
-0.15 
-0.15 
-0.15 
-0.15 
-0.15 
-0.15 
-0.15 
-0.15 
-0.15 
-0.15 
-0.15 
-0.15 
-0.15 
-0.15 
-0.15 
-0.15 
-0.15 
-0.15 
-0.15 
-0.15 
-0.15 
-0.15 
-0.15 
-0.15 
-0.15 
-0.15 
-0.15 
-0.15 
-0.15 
-0.15 
-0.15 
-0.15 
-0.15 
-0.15 
-0.15 
-0.15 
-0.15 
-0.15 
-0.15 
-0.15 
-0.15 
-0.15 
-0.15 
-0.15 
-0.15 
-0.15 
-0.15 
-0.15 
-0.15 
-0.15 
-0.15 
-0.15 
-0.15 
-0.15 
-0.15 
-0.15 
-0.15 
-0.15 
-0.15 
-0.15 
-0.15 
-0.15 
-0.15 
-0.15 
-0.15 
-0.15 
-0.15 
-0.15 
-0.15 
-0.15 
-0.15 
-0.15 
-0.15 
-0.15 
-0.15 
-0.15 
-0.15 
-0.15 
-0.15 
-0.15 
-0.15 
-0.15 
-0.15 
-0.15 
-0.15 
-0.15 
-0.15 
-0.15 
-0.15 
-0.15 
-0.15 
-0.15 
-0.15 
-0.15 
-0.15 
-0.15 
-0.15 
-0.15 
-0.15 
-0.15 
-0.15 
-0.15 
-0.15 
-0.15 
-0.15 
-0.15 
-0.15 
-0.15 
-0.15 
-0.15 
-0.15 
-0.15 
-0.15 
-0.15 
-0.15 
-0.15 
-0.15 
-0.15 
-0.15 
-0.15 
-0.15 
-0.15 
-0.15 
-0.15 
-0.15 
-0.15 
-0.15 
-0.15 
-0.15 
-0.15 
-0.15 
-0.15 
-0.15 
-0.15 
-0.15 
-0.15 
-0.15 
-0.15 
-0.15 
-0.1496 
-0.1496 
-0.1496 
-0.1496 
-0.1496 
-0.1496 
-0.1496 
-0.1496 
-0.1496 
-0.1496 
-0.1496 
-0.1496 
-0.1496 
-0.1496 
-0.1496 
-0.1496 
-0.1496 
-0.1496 
-0.1496 
-0.1496 
-0.1496 
-0.1496 
-0.1496 
-0.1496 
-0.1496 
-0.1496 
-0.1496 
-0.1496 
-0.1496 
-0.1496 
-0.1496 
-0.1496 
-0.1496 
-0.1496 
-0.1496 
-0.1496 
-0.1496 
-0.1496 
-0.1496 
-0.1496 
-0.1496 
-0.1496 
-0.1496 
-0.1496 
-0.1496 
-0.1496 
-0.1496 
-0.1496 
-0.1496 
-0.1496 
-0.1496 
-0.1496 
-0.1496 
-0.1496 
-0.1496 
-0.1496 
-0.1496 
-0.1496 
-0.1496 
-0.1496 
-0.1496 
-0.1496 
-0.1496 
-0.1496 
-0.1492 
-0.1492 
-0.1492 
-0.1492 
-0.1492 
-0.1492 
-0.1492 
-0.1492 
-0.1492 
-0.1492 
-0.1492 
-0.1492 
-0.1492 
-0.1492 
-0.1492 
-0.1492 
-0.1492 
-0.1492 
-0.1492 
-0.1488 
-0.1488 
-0.1484 
-0.1484 
-0.1484 
-0.1484 
-0.1484 
-0.1484 
-0.1484 
-0.1484 
-0.1484 
-0.1484 
-0.1484 
-0.1484 
-0.1488 
-0.1488 
-0.1488 
-0.1492 
-0.1492 
-0.1492 
-0.1492 
-0.1492 
-0.1492 
-0.1492 
-0.1492 
-0.1492 
-0.1492 
-0.1492 
-0.1492 
-0.1492 
-0.1492 
-0.1492 
-0.1492 
-0.1492 
-0.1492 
-0.1492 
-0.1492 
-0.1492 
-0.1492 
-0.1492 
-0.1492 
-0.1492 
-0.1492 
-0.1492 
-0.1492 
-0.1492 
-0.1492 
-0.1492 
-0.1492 
-0.1492 
-0.1492 
-0.1492 
-0.1492 
-0.1492 
-0.1492 
-0.1492 
-0.1492 
-0.1492 
-0.1492 
-0.1492 
-0.1492 
-0.1492 
-0.1492 
-0.1492 
-0.1488 
-0.1488 
-0.1488 
-0.1488 
-0.1488 
-0.1488 
-0.1488 
-0.1488 
-0.1488 
-0.1488 
-0.1488 
-0.1488 
-0.1484 
-0.1484 
-0.1484 
-0.1484 
-0.1484 
-0.1484 
-0.1484 
-0.1484 
-0.1484 
-0.1484 
-0.1484 
-0.1484 
-0.1484 
-0.1484 
-0.1484 
-0.1484 
-0.1484 
-0.1484 
-0.1484 
-0.1484 
-0.1484 
-0.1484 
-0.1484 
-0.1484 
-0.1484 
-0.1484 
-0.1484 
-0.1484 
-0.1484 
-0.1484 
-0.1484 
-0.1484 
-0.1484 
-0.1484 
-0.1484 
-0.1484 
-0.1484 
-0.1484 
-0.1484 
-0.1484 
-0.1484 
-0.1484 
-0.1484 
-0.1484 
-0.1484 
-0.1484 
-0.1484 
-0.1484 
-0.1484 
-0.1484 
-0.1484 
-0.1484 
-0.1484 
-0.1484 
-0.1484 
-0.1484 
-0.1484 
-0.1484 
-0.1484 
-0.1484 
-0.1484 
-0.1484 
-0.1484 
-0.1484 
-0.1484 
-0.1484 
-0.1484 
-0.1484 
-0.1484 
-0.1484 
-0.1484 
-0.1484 
-0.1484 
-0.1484 
-0.1484 
-0.1484 
-0.1484 
-0.1484 
-0.1484 
-0.1484 
-0.1484 
-0.1484 
-0.1484 
-0.1484 
-0.1484 
-0.1484 
-0.1484 
-0.1484 
-0.1484 
-0.1484 
-0.148 
-0.148 
-0.1476 
-0.1476 
-0.1476 
-0.1476 
-0.1476 
-0.1476 
-0.1476 
-0.1476 
-0.1476 
-0.1476 
-0.1476 
-0.1476 
-0.1476 
-0.1476 
-0.1476 
-0.1476 
-0.1476 
-0.1476 
-0.1476 
-0.1476 
-0.1476 
-0.1476 
-0.1476 
-0.1476 
-0.1476 
-0.1476 
-0.1476 
-0.1476 
-0.1476 
-0.1476 
-0.1476 
-0.1476 
-0.1476 
-0.1476 
-0.1476 
-0.1476 
-0.1476 
-0.1476 
-0.1476 
-0.1476 
-0.1476 
-0.1476 
-0.1476 
-0.1476 
-0.1476 
-0.1476 
-0.1476 
-0.1476 
-0.1476 
-0.1476 
-0.1476 
-0.1476 
-0.1476 
-0.1476 
-0.1476 
-0.1476 
-0.1476 
-0.1476 
-0.1476 
-0.1476 
-0.1476 
-0.1476 
-0.1476 
-0.1476 
-0.1476 
-0.1476 
-0.1476 
-0.1476 
-0.1476 
-0.1476 
-0.1476 
-0.1476 
-0.1476 
-0.1476 
-0.1476 
-0.1476 
-0.1476 
-0.1476 
-0.1472 
-0.1472 
-0.1472 
-0.1472 
-0.1472 
-0.1472 
-0.1472 
-0.1472 
-0.1472 
-0.1472 
-0.1472 
-0.1472 
-0.1476 
-0.1472 
-0.1472 
-0.1472 
-0.1472 
-0.1472 
-0.1472 
-0.1472 
-0.1472 
-0.1472 
-0.1472 
-0.1472 
-0.1472 
-0.1472 
-0.1472 
-0.1472 
-0.1472 
-0.1472 
-0.1472 
-0.1472 
-0.1472 
-0.1472 
-0.1472 
-0.1472 
-0.1472 
-0.1472 
-0.1472 
-0.1472 
-0.1472 
-0.1472 
-0.1472 
-0.1476 
-0.1476 
-0.1476 
-0.1476 
-0.1476 
-0.1476 
-0.1476 
-0.1476 
-0.1476 
-0.1476 
-0.1476 
-0.1476 
-0.1476 
-0.1476 
-0.1476 
-0.1476 
-0.1476 
-0.1476 
-0.1476 
-0.1476 
-0.1476 
-0.1476 
-0.1476 
-0.1476 
-0.1476 
-0.1476 
-0.1476 
-0.1476 
-0.1476 
-0.1476 
-0.1476 
-0.1476 
-0.1476 
-0.1476 
-0.1476 
-0.1476 
-0.1476 
-0.1476 
-0.1476 
-0.1476 
-0.1476 
-0.1476 
-0.1476 
-0.1476 
-0.1476 
-0.1472 
-0.1472 
-0.1472 
-0.1472 
-0.1472 
-0.1472 
-0.1472 
-0.1472 
-0.1472 
-0.1472 
-0.1472 
-0.1472 
-0.1472 
-0.1472 
-0.1472 
-0.1472 
-0.1472 
-0.1472 
-0.1472 
-0.1472 
-0.1472 
-0.1472 
-0.1472 
-0.1472 
-0.1472 
-0.1472 
-0.1472 
-0.1472 
-0.1472 
-0.1472 
-0.1472 
-0.1472 
-0.1472 
-0.1472 
-0.1472 
-0.1472 
-0.1472 
-0.1472 
-0.1472 
-0.1472 
-0.1472 
-0.1472 
-0.1472 
-0.1472 
-0.1472 
-0.1472 
-0.1472 
-0.1472 
-0.1472 
-0.1472 
-0.1472 
-0.1472 
-0.1472 
-0.1472 
-0.1472 
-0.1472 
-0.1472 
-0.1472 
-0.1472 
-0.1472 
-0.1472 
-0.1472 
-0.1472 
-0.1472 
-0.1472 
-0.1472 
-0.1472 
-0.1472 
-0.1472 
-0.1472 
-0.1476 
-0.1476 
-0.1476 
-0.1476 
-0.1476 
-0.1476 
-0.1476 
-0.1476 
-0.1476 
-0.1476 
-0.1476 
-0.1476 
-0.1476 
-0.1476 
-0.1476 
-0.1476 
-0.1476 
-0.1476 
-0.1476 
-0.1476 
-0.1476 
-0.1476 
-0.1476 
-0.1476 
-0.1476 
-0.1476 
-0.1476 
-0.1476 
-0.1476 
-0.1476 
-0.1476 
-0.1476 
-0.1476 
-0.1476 
-0.1476 
-0.1476 
-0.1476 
-0.1476 
-0.1476 
-0.1476 
-0.1476 
-0.1476 
-0.1476 
-0.1476 
-0.1476 
-0.1476 
-0.1476 
-0.1476 
-0.1476 
-0.1476 
-0.1476 
-0.1476 
-0.1476 
-0.1476 
-0.1476 
-0.1476 
-0.1476 
-0.1476 
-0.1476 
-0.1476 
-0.1476 
-0.1476 
-0.1476 
-0.1476 
-0.1476 
-0.1476 
-0.1476 
-0.1476 
-0.1476 
-0.1476 
-0.1476 
-0.1472 
-0.1472 
-0.1472 
-0.1472 
-0.1472 
-0.1472 
-0.1472 
-0.1472 
-0.1472 
-0.1472 
-0.1472 
-0.1472 
-0.1472 
-0.1472 
-0.1472 
-0.1472 
-0.1472 
-0.1472 
-0.1472 
-0.1472 
-0.1472 
-0.1472 
-0.1472 
-0.1472 
-0.1472 
-0.1472 
-0.1472 
-0.1472 
-0.1472 
-0.1472 
-0.1472 
-0.1472 
-0.1472 
-0.1472 
-0.1472 
-0.1472 
-0.1472 
-0.1472 
-0.1472 
-0.1472 
-0.1472 
-0.1472 
-0.1472 
-0.1472 
-0.1472 
-0.1472 
-0.1472 
-0.1472 
-0.1472 
-0.1472 
-0.1472 
-0.1472 
-0.1472 
-0.1472 
-0.1472 
-0.1472 
-0.1472 
-0.1472 
-0.1472 
-0.1472 
-0.1472 
-0.1472 
-0.1472 
-0.1472 
-0.1472 
-0.1472 
-0.1472 
-0.1472 
-0.1472 
-0.1472 
-0.1472 
-0.1472 
-0.1472 
-0.1472 
-0.1472 
-0.1472 
-0.1472 
-0.1472 
-0.1472 
-0.1472 
-0.1472 
-0.1472 
-0.1472 
-0.1472 
-0.1472 
-0.1472 
-0.1472 
-0.1472 
-0.1472 
-0.1472 
-0.1472 
-0.1472 
-0.1472 
-0.1476 
-0.1476 
-0.1476 
-0.1476 
-0.1476 
-0.1476 
-0.1476 
-0.1476 
-0.1476 
-0.1476 
-0.1476 
-0.1476 
-0.1476 
-0.1476 
-0.1476 
-0.1476 
-0.1476 
-0.1476 
-0.1476 
-0.1476 
-0.1476 
-0.1476 
-0.1476 
-0.1476 
-0.1476 
-0.1476 
-0.1476 
-0.1476 
-0.1476 
-0.1476 
-0.1476 
-0.1476 
-0.1476 
-0.1472 
-0.1472 
-0.1472 
-0.1472 
-0.1472 
-0.1472 
-0.1472 
-0.1472 
-0.1472 
-0.1472 
-0.1472 
-0.1472 
-0.1472 
-0.1472 
-0.1472 
-0.1472 
-0.1472 
-0.1472 
-0.1472 
-0.1472 
-0.1472 
-0.1472 
-0.1472 
-0.1472 
-0.1468 
-0.1468 
-0.1468 
-0.1468 
-0.1468 
-0.1468 
-0.1468 
-0.1468 
-0.1468 
-0.1468 
-0.1468 
-0.1468 
-0.1468 
-0.1468 
-0.1468 
-0.1468 
-0.1468 
-0.1468 
-0.1468 
-0.1468 
-0.1468 
-0.1468 
-0.1468 
-0.1468 
-0.1468 
-0.1468 
-0.1468 
-0.1468 
-0.1468 
-0.1468 
-0.1468 
-0.1468 
-0.1468 
-0.1468 
-0.1468 
-0.1468 
-0.1464 
-0.1464 
-0.1464 
-0.1464 
-0.1464 
-0.1464 
-0.1464 
-0.1464 
-0.1464 
-0.1464 
-0.1464 
-0.1464 
-0.1464 
-0.1464 
-0.1464 
-0.1464 
-0.1464 
-0.1464 
-0.1464 
-0.1464 
-0.1464 
-0.1464 
-0.1464 
-0.1464 
-0.1464 
-0.1464 
-0.1464 
-0.1464 
-0.1468 
-0.1468 
-0.1468 
-0.1468 
-0.1468 
-0.1468 
-0.1468 
-0.1468 
-0.1468 
-0.1468 
-0.1468 
-0.1468 
-0.1468 
-0.1468 
-0.1468 
-0.1468 
-0.1468 
-0.1468 
-0.1468 
-0.1472 
-0.1472 
-0.1472 
-0.1472 
-0.1472 
-0.1472 
-0.1472 
-0.1472 
-0.1472 
-0.1472 
-0.1472 
-0.1472 
-0.1472 
-0.1468 
-0.1468 
-0.1468 
-0.1468 
-0.1468 
-0.1468 
-0.1468 
-0.1468 
-0.1468 
-0.1468 
-0.1468 
-0.1468 
-0.1468 
-0.1468 
-0.1468 
-0.1468 
-0.1468 
-0.1468 
-0.1468 
-0.1468 
-0.1464 
-0.146 
-0.146 
-0.146 
-0.146 
-0.146 
-0.146 
-0.146 
-0.146 
-0.146 
-0.146 
-0.146 
-0.146 
-0.146 
-0.146 
-0.146 
-0.146 
-0.146 
-0.146 
-0.146 
-0.146 
-0.146 
-0.146 
-0.146 
-0.146 
-0.146 
-0.146 
-0.1464 
-0.1464 
-0.1464 
-0.1464 
-0.1464 
-0.1464 
-0.1464 
-0.1464 
-0.1464 
-0.1464 
-0.1464 
-0.1464 
-0.1464 
-0.1464 
-0.1464 
-0.1464 
-0.1464 
-0.1464 
-0.1464 
-0.1464 
-0.1464 
-0.1464 
-0.1464 
-0.1464 
-0.1464 
-0.1464 
-0.1464 
-0.1464 
-0.1464 
-0.1464 
-0.1464 
-0.1464 
-0.1464 
-0.1464 
-0.1464 
-0.1464 
-0.1464 
-0.1464 
-0.1464 
-0.146 
-0.146 
-0.146 
-0.146 
-0.146 
-0.146 
-0.146 
-0.146 
-0.146 
-0.146 
-0.146 
-0.146 
-0.146 
-0.146 
-0.146 
-0.146 
-0.146 
-0.146 
-0.146 
-0.146 
-0.146 
-0.146 
-0.146 
-0.146 
-0.146 
-0.146 
-0.146 
-0.146 
-0.1456 
-0.1456 
-0.1456 
-0.1456 
-0.1456 
-0.1456 
-0.1456 
-0.1456 
-0.1456 
-0.1456 
-0.1456 
-0.1456 
-0.1456 
-0.1456 
-0.1456 
-0.1456 
-0.1456 
-0.1456 
-0.1456 
-0.1456 
-0.1456 
-0.1456 
-0.1456 
-0.1456 
-0.1456 
-0.1456 
-0.1456 
-0.1456 
-0.1456 
-0.1456 
-0.1456 
-0.1456 
-0.1456 
-0.1456 
-0.1456 
-0.1456 
-0.1456 
-0.1456 
-0.1456 
-0.1456 
-0.1456 
-0.1456 
-0.1456 
-0.1456 
-0.1456 
-0.1456 
-0.1456 
-0.1456 
-0.1456 
-0.1456 
-0.1456 
-0.1456 
-0.1456 
-0.1456 
-0.1456 
-0.1456 
-0.1456 
-0.1456 
-0.1456 
-0.1456 
-0.1456 
-0.1456 
-0.1456 
-0.1456 
-0.1456 
-0.1456 
-0.1456 
-0.1456 
-0.1456 
-0.1456 
-0.1456 
-0.1456 
-0.1456 
-0.1456 
-0.1456 
-0.1456 
-0.1456 
-0.1456 
-0.1456 
-0.1456 
-0.1456 
-0.1456 
-0.1456 
-0.1456 
-0.1456 
-0.1456 
-0.1456 
-0.1456 
-0.1456 
-0.1456 
-0.1456 
-0.1456 
-0.1456 
-0.1456 
-0.1456 
-0.1456 
-0.1456 
-0.1456 
-0.1456 
-0.1456 
-0.1456 
-0.1456 
-0.1456 
-0.1456 
-0.1456 
-0.1456 
-0.1456 
-0.1456 
-0.1456 
-0.1456 
-0.1456 
-0.1456 
-0.1456 
-0.1456 
-0.1456 
-0.1456 
-0.1456 
-0.146 
-0.146 
-0.146 
-0.146 
-0.146 
-0.146 
-0.146 
-0.146 
-0.146 
-0.146 
-0.146 
-0.146 
-0.146 
-0.146 
-0.146 
-0.146 
-0.146 
-0.146 
-0.146 
-0.146 
-0.146 
-0.146 
-0.146 
-0.146 
-0.146 
-0.146 
-0.146 
-0.146 
-0.146 
-0.146 
-0.146 
-0.146 
-0.146 
-0.146 
-0.146 
-0.146 
-0.146 
-0.146 
-0.146 
-0.146 
-0.146 
-0.146 
-0.146 
-0.146 
-0.146 
-0.146 
-0.146 
-0.146 
-0.146 
-0.146 
-0.146 
-0.146 
-0.146 
-0.146 
-0.146 
-0.146 
-0.146 
-0.146 
-0.146 
-0.146 
-0.146 
-0.146 
-0.146 
-0.146 
-0.146 
-0.146 
-0.146 
-0.146 
-0.146 
-0.146 
-0.146 
-0.146 
-0.146 
-0.146 
-0.146 
-0.146 
-0.146 
-0.146 
-0.146 
-0.146 
-0.146 
-0.146 
-0.146 
-0.146 
-0.146 
-0.146 
-0.146 
-0.146 
-0.146 
-0.146 
-0.146 
-0.146 
-0.146 
-0.146 
-0.146 
-0.146 
-0.146 
-0.146 
-0.146 
-0.146 
-0.146 
-0.146 
-0.146 
-0.146 
-0.146 
-0.146 
-0.146 
-0.146 
-0.146 
-0.146 
-0.146 
-0.146 
-0.146 
-0.146 
-0.146 
-0.146 
-0.146 
-0.146 
-0.146 
-0.146 
-0.146 
-0.146 
-0.146 
-0.146 
-0.1456 
-0.1456 
-0.1456 
-0.1456 
-0.1456 
-0.1456 
-0.1456 
-0.1456 
-0.1456 
-0.1456 
-0.1456 
-0.1456 
-0.1456 
-0.1456 
-0.1456 
-0.1456 
-0.1456 
-0.1456 
-0.1456 
-0.1456 
-0.1456 
-0.146 
-0.146 
-0.146 
-0.146 
-0.146 
-0.146 
-0.146 
-0.146 
-0.146 
-0.146 
-0.146 
-0.146 
-0.146 
-0.146 
-0.146 
-0.146 
-0.146 
-0.146 
-0.146 
-0.146 
-0.146 
-0.146 
-0.146 
-0.146 
-0.146 
-0.146 
-0.146 
-0.146 
-0.146 
-0.146 
-0.146 
-0.146 
-0.146 
-0.146 
-0.146 
-0.146 
-0.146 
-0.146 
-0.146 
-0.146 
-0.146 
-0.146 
-0.146 
-0.146 
-0.146 
-0.146 
-0.146 
-0.146 
-0.146 
-0.146 
-0.146 
-0.146 
-0.146 
-0.146 
-0.146 
-0.146 
-0.146 
-0.146 
-0.146 
-0.146 
-0.146 
-0.146 
-0.146 
-0.146 
-0.146 
-0.146 
-0.146 
-0.146 
-0.146 
-0.146 
-0.146 
-0.146 
-0.146 
-0.146 
-0.146 
-0.146 
-0.146 
-0.146 
-0.146 
-0.146 
-0.146 
-0.146 
-0.146 
-0.146 
-0.146 
-0.146 
-0.146 
-0.146 
-0.146 
-0.146 
-0.146 
-0.146 
-0.146 
-0.146 
-0.146 
-0.146 
-0.146 
-0.146 
-0.146 
-0.146 
-0.146 
-0.146 
-0.146 
-0.146 
-0.146 
-0.146 
-0.146 
-0.146 
-0.146 
-0.146 
-0.146 
-0.146 
-0.146 
-0.146 
-0.146 
-0.146 
-0.146 
-0.146 
-0.146 
-0.146 
-0.146 
-0.1464 
-0.1464 
-0.1464 
-0.1464 
-0.1464 
-0.1464 
-0.1464 
-0.146 
-0.146 
-0.146 
-0.146 
-0.146 
-0.146 
-0.146 
-0.146 
-0.146 
-0.146 
-0.146 
-0.146 
-0.146 
-0.146 
-0.146 
-0.146 
-0.146 
-0.146 
-0.146 
-0.146 
-0.146 
-0.146 
-0.146 
-0.146 
-0.146 
-0.146 
-0.146 
-0.146 
-0.146 
-0.146 
-0.146 
-0.146 
-0.146 
-0.146 
-0.146 
-0.146 
-0.146 
-0.146 
-0.146 
-0.146 
-0.146 
-0.146 
-0.146 
-0.146 
-0.146 
-0.146 
-0.146 
-0.146 
-0.146 
-0.146 
-0.146 
-0.146 
-0.146 
-0.146 
-0.146 
-0.146 
-0.146 
-0.146 
-0.146 
-0.146 
-0.146 
-0.146 
-0.146 
-0.146 
-0.146 
-0.146 
-0.146 
-0.146 
-0.146 
-0.146 
-0.146 
-0.146 
-0.1464 
-0.1464 
-0.1464 
-0.1464 
-0.1464 
-0.1464 
-0.1464 
-0.1464 
-0.1464 
-0.1464 
-0.1464 
-0.1464 
-0.1464 
-0.1464 
-0.1464 
-0.1464 
-0.1464 
-0.1468 
-0.1468 
-0.1468 
-0.1468 
-0.1468 
-0.1468 
-0.1468 
-0.1468 
-0.1468 
-0.1468 
-0.1468 
-0.1468 
-0.1468 
-0.1468 
-0.1468 
-0.1468 
-0.1468 
-0.1468 
-0.1468 
-0.1468 
-0.1468 
-0.1468 
-0.1468 
-0.1468 
-0.1468 
-0.1468 
-0.1468 
-0.1468 
-0.1468 
-0.1468 
-0.1468 
-0.1468 
-0.1468 
-0.1468 
-0.1468 
-0.1468 
-0.1468 
-0.1468 
-0.1468 
-0.1468 
-0.1468 
-0.1468 
-0.1468 
-0.1468 
-0.1468 
-0.1468 
-0.1468 
-0.1468 
-0.1468 
-0.1468 
-0.1468 
-0.1468 
-0.1468 
-0.1468 
-0.1468 
-0.1468 
-0.1468 
-0.1468 
-0.1468 
-0.1468 
-0.1468 
-0.1468 
-0.1468 
-0.1468 
-0.1468 
-0.1468 
-0.1468 
-0.1468 
-0.1468 
-0.1468 
-0.1468 
-0.1468 
-0.1468 
-0.1468 
-0.1468 
-0.1468 
-0.1468 
-0.1468 
-0.1468 
-0.1468 
-0.1468 
-0.1468 
-0.1468 
-0.1468 
-0.1468 
-0.1468 
-0.1468 
-0.1468 
-0.1468 
-0.1468 
-0.1468 
-0.1468 
-0.1468 
-0.1468 
-0.1468 
-0.1468 
-0.1468 
-0.1468 
-0.1468 
-0.1468 
-0.1468 
-0.1468 
-0.1468 
-0.1468 
-0.1468 
-0.1468 
-0.1468 
-0.1468 
-0.1468 
-0.1468 
-0.1468 
-0.1468 
-0.1468 
-0.1468 
-0.1468 
-0.1468 
-0.1468 
-0.1468 
-0.1468 
-0.1468 
-0.1468 
-0.1468 
-0.1468 
-0.1468 
-0.1468 
-0.1468 
-0.1468 
-0.1468 
-0.1468 
-0.1468 
-0.1468 
-0.1468 
-0.1468 
-0.1468 
-0.1468 
-0.1468 
-0.1468 
-0.1468 
-0.1468 
-0.1468 
-0.1468 
-0.1468 
-0.1468 
-0.1468 
-0.1468 
-0.1468 
-0.1468 
-0.1468 
-0.1468 
-0.1468 
-0.1468 
-0.1468 
-0.1468 
-0.1468 
-0.1468 
-0.1468 
-0.1468 
-0.1468 
-0.1468 
-0.1468 
-0.1468 
-0.1468 
-0.1468 
-0.1468 
-0.1468 
-0.1468 
-0.1468 
-0.1468 
-0.1468 
-0.1468 
-0.1468 
-0.1468 
-0.1468 
-0.1468 
-0.1468 
-0.1468 
-0.1468 
-0.1468 
-0.1468 
-0.1468 
-0.1468 
-0.1468 
-0.1468 
-0.1468 
-0.1468 
-0.1468 
-0.1468 
-0.1468 
-0.1468 
-0.1468 
-0.1468 
-0.1468 
-0.1468 
-0.1468 
-0.1468 
-0.1468 
-0.1468 
-0.1468 
-0.1468 
-0.1468 
-0.1468 
-0.1468 
-0.1468 
-0.1468 
-0.1468 
-0.1468 
-0.1468 
-0.1468 
-0.1468 
-0.1468 
-0.1468 
-0.1468 
-0.1468 
-0.1468 
-0.1468 
-0.1468 
-0.1468 
-0.1468 
-0.1468 
-0.1468 
-0.1468 
-0.1468 
-0.1468 
-0.1468 
-0.1468 
-0.1468 
-0.1468 
-0.1468 
-0.1468 
-0.1468 
-0.1468 
-0.1468 
-0.1468 
-0.1468 
-0.1468 
-0.1468 
-0.1468 
-0.1468 
-0.1468 
-0.1468 
-0.1468 
-0.1468 
-0.1468 
-0.1468 
-0.1468 
-0.1468 
-0.1468 
-0.1468 
-0.1468 
-0.1468 
-0.1468 
-0.1468 
-0.1468 
-0.1468 
-0.1468 
-0.1468 
-0.1468 
-0.1468 
-0.1468 
-0.1468 
-0.1468 
-0.1468 
-0.1468 
-0.1468 
-0.1468 
-0.1468 
-0.1468 
-0.1468 
-0.1468 
-0.1468 
-0.1468 
-0.1472 
-0.1472 
-0.1472 
-0.1472 
-0.1468 
-0.1468 
-0.1468 
-0.1468 
-0.1468 
-0.1468 
-0.1468 
-0.1468 
-0.1468 
-0.1468 
-0.1468 
-0.1468 
-0.1468 
-0.1468 
-0.1468 
-0.1468 
-0.1464 
-0.1464 
-0.1464 
-0.1464 
-0.1464 
-0.1464 
-0.1464 
-0.1464 
-0.1464 
-0.1464 
-0.1464 
-0.1464 
-0.1464 
-0.1464 
-0.1464 
-0.1464 
-0.1464 
-0.1464 
-0.1464 
-0.1464 
-0.1464 
-0.1464 
-0.1464 
-0.1464 
-0.1464 
-0.1464 
-0.1464 
-0.1464 
-0.1464 
-0.146 
-0.146 
-0.146 
-0.146 
-0.146 
-0.146 
-0.146 
-0.146 
-0.146 
-0.146 
-0.146 
-0.146 
-0.146 
-0.146 
-0.146 
-0.146 
-0.146 
-0.146 
-0.146 
-0.146 
-0.146 
-0.146 
-0.146 
-0.146 
-0.146 
-0.146 
-0.146 
-0.146 
-0.146 
-0.146 
-0.146 
-0.146 
-0.146 
-0.146 
-0.146 
-0.146 
-0.146 
-0.146 
-0.146 
-0.146 
-0.146 
-0.146 
-0.146 
-0.146 
-0.146 
-0.146 
-0.146 
-0.146 
-0.146 
-0.146 
-0.146 
-0.146 
-0.146 
-0.146 
-0.146 
-0.146 
-0.146 
-0.146 
-0.146 
-0.146 
-0.146 
-0.146 
-0.146 
-0.146 
-0.146 
-0.146 
-0.146 
-0.146 
-0.146 
-0.146 
-0.146 
-0.146 
-0.146 
-0.146 
-0.146 
-0.146 
-0.146 
-0.146 
-0.146 
-0.1464 
-0.1464 
-0.1464 
-0.1464 
-0.1464 
-0.1464 
-0.146 
-0.146 
-0.146 
-0.146 
-0.146 
-0.146 
-0.146 
-0.146 
-0.146 
-0.146 
-0.146 
-0.146 
-0.146 
-0.146 
-0.146 
-0.146 
-0.146 
-0.146 
-0.146 
-0.146 
-0.146 
-0.146 
-0.146 
-0.146 
-0.146 
-0.146 
-0.146 
-0.146 
-0.146 
-0.146 
-0.146 
-0.146 
-0.146 
-0.146 
-0.146 
-0.146 
-0.146 
-0.146 
-0.1464 
-0.1464 
-0.1464 
-0.1464 
-0.1464 
-0.1464 
-0.1464 
-0.1464 
-0.1464 
-0.1464 
-0.1464 
-0.1464 
-0.1464 
-0.146 
-0.146 
-0.146 
-0.146 
-0.146 
-0.146 
-0.146 
-0.146 
-0.1464 
-0.1464 
-0.1464 
-0.1464 
-0.1464 
-0.1464 
-0.1464 
-0.1464 
-0.1464 
-0.1464 
-0.1464 
-0.1464 
-0.1464 
-0.1464 
-0.1464 
-0.1464 
-0.1464 
-0.1464 
-0.1464 
-0.1464 
-0.1464 
-0.1464 
-0.1464 
-0.1464 
-0.1464 
-0.1464 
-0.1464 
-0.1464 
-0.1464 
-0.1464 
-0.1464 
-0.1464 
-0.1464 
-0.1464 
-0.1464 
-0.1464 
-0.1464 
-0.1464 
-0.1464 
-0.1464 
-0.1464 
-0.1464 
-0.1464 
-0.1464 
-0.1464 
-0.1464 
-0.1464 
-0.1468 
-0.1468 
-0.1468 
-0.1468 
-0.1468 
-0.1468 
-0.1472 
-0.1472 
-0.1472 
-0.1472 
-0.1472 
-0.1472 
-0.1472 
-0.1472 
-0.1472 
-0.1472 
-0.1472 
-0.1472 
-0.1472 
-0.1472 
-0.1472 
-0.1472 
-0.1472 
-0.1472 
-0.1472 
-0.1472 
-0.1472 
-0.1472 
-0.1472 
-0.1472 
-0.1472 
-0.1472 
-0.1472 
-0.1472 
-0.1472 
-0.1472 
-0.1472 
-0.1472 
-0.1472 
-0.1472 
-0.1472 
-0.1472 
-0.1472 
-0.1472 
-0.1472 
-0.1472 
-0.1472 
-0.1472 
-0.1472 
-0.1472 
-0.1472 
-0.1472 
-0.1472 
-0.1472 
-0.1472 
-0.1472 
-0.1472 
-0.1472 
-0.1472 
-0.1472 
-0.1472 
-0.1472 
-0.1472 
-0.1472 
-0.1472 
-0.1472 
-0.1472 
-0.1472 
-0.1472 
-0.1472 
-0.1472 
-0.1472 
-0.1472 
-0.1472 
-0.1472 
-0.1472 
-0.1472 
-0.1472 
-0.1472 
-0.1472 
-0.1472 
-0.1472 
-0.1472 
-0.1472 
-0.1472 
-0.1472 
-0.1472 
-0.1472 
-0.1472 
-0.1472 
-0.1472 
-0.1472 
-0.1472 
-0.1472 
-0.1472 
-0.1472 
-0.1472 
-0.1472 
-0.1472 
-0.1472 
-0.1472 
-0.1472 
-0.1472 
-0.1472 
-0.1472 
-0.1472 
-0.1472 
-0.1472 
-0.1472 
-0.1472 
-0.1472 
-0.1472 
-0.1472 
-0.1472 
-0.1472 
-0.1472 
-0.1472 
-0.1472 
-0.1472 
-0.1472 
-0.1472 
-0.1472 
-0.1472 
-0.1472 
-0.1472 
-0.1472 
-0.1472 
-0.1472 
-0.1472 
-0.1472 
-0.1472 
-0.1472 
-0.1472 
-0.1472 
-0.1472 
-0.1472 
-0.1472 
-0.1472 
-0.1472 
-0.1472 
-0.1472 
-0.1472 
-0.1472 
-0.1472 
-0.1472 
-0.1472 
-0.1472 
-0.1472 
-0.1472 
-0.1472 
-0.1472 
-0.1472 
-0.1472 
-0.1472 
-0.1472 
-0.1472 
-0.1472 
-0.1472 
-0.1472 
-0.1472 
-0.1472 
-0.1472 
-0.1472 
-0.1472 
-0.1472 
-0.1472 
-0.1472 
-0.1472 
-0.1472 
-0.1472 
-0.1472 
-0.1472 
-0.1472 
-0.1472 
-0.1472 
-0.1472 
-0.1472 
-0.1472 
-0.1472 
-0.1472 
-0.1472 
-0.1472 
-0.1472 
-0.1472 
-0.1472 
-0.1472 
-0.1472 
-0.1472 
-0.1472 
-0.1472 
-0.1472 
-0.1472 
-0.1472 
-0.1472 
-0.1472 
-0.1472 
-0.1472 
-0.1472 
-0.1472 
-0.1472 
-0.1472 
-0.1472 
-0.1472 
-0.1472 
-0.1472 
-0.1472 
-0.1472 
-0.1472 
-0.1472 
-0.1472 
-0.1472 
-0.1472 
-0.1472 
-0.1472 
-0.1472 
-0.1472 
-0.1472 
-0.1472 
-0.1472 
-0.1472 
-0.1472 
-0.1472 
-0.1472 
-0.1472 
-0.1472 
-0.1472 
-0.1472 
-0.1472 
-0.1472 
-0.1472 
-0.1472 
-0.1472 
-0.1468 
-0.1468 
-0.1468 
-0.1468 
-0.1468 
-0.1468 
-0.1468 
-0.1468 
-0.1468 
-0.1464 
-0.1464 
-0.1464 
-0.1464 
-0.1464 
-0.1464 
-0.1464 
-0.1464 
-0.1464 
-0.1464 
-0.1464 
-0.1464 
-0.1464 
-0.1464 
-0.1464 
-0.1464 
-0.1464 
-0.1464 
-0.1464 
-0.1464 
-0.1464 
-0.1464 
-0.1464 
-0.1464 
-0.1464 
-0.1464 
-0.146 
-0.146 
-0.146 
-0.146 
-0.146 
-0.146 
-0.146 
-0.146 
-0.146 
-0.146 
-0.146 
-0.146 
-0.146 
-0.146 
-0.146 
-0.146 
-0.146 
-0.1456 
-0.1456 
-0.1456 
-0.1456 
-0.1456 
-0.1456 
-0.1456 
-0.1456 
-0.1456 
-0.1456 
-0.1456 
-0.1456 
-0.1456 
-0.1456 
-0.1456 
-0.1456 
-0.1456 
-0.1456 
-0.1456 
-0.1456 
-0.1456 
-0.1456 
-0.1456 
-0.1456 
-0.1456 
-0.1456 
-0.1456 
-0.1456 
-0.1456 
-0.1456 
-0.1456 
-0.1456 
-0.1456 
-0.1456 
-0.1456 
-0.1456 
-0.1456 
-0.1456 
-0.1456 
-0.1456 
-0.1456 
-0.1456 
-0.1456 
-0.1456 
-0.146 
-0.146 
-0.146 
-0.146 
-0.146 
-0.146 
-0.146 
-0.146 
-0.146 
-0.146 
-0.146 
-0.1464 
-0.1464 
-0.1464 
-0.1464 
-0.1464 
-0.1464 
-0.1464 
-0.1464 
-0.1464 
-0.1464 
-0.1464 
-0.1464 
-0.1464 
-0.1464 
-0.1464 
-0.1464 
-0.1464 
-0.1464 
-0.1464 
-0.1464 
-0.1464 
-0.1464 
-0.1464 
-0.1464 
-0.1464 
-0.1464 
-0.1464 
-0.1464 
-0.1464 
-0.1464 
-0.1464 
-0.1464 
-0.1464 
-0.1464 
-0.1464 
-0.1464 
-0.1464 
-0.1464 
-0.1464 
-0.1464 
-0.1464 
-0.1464 
-0.1464 
-0.1464 
-0.1464 
-0.1464 
-0.1464 
-0.1464 
-0.1464 
-0.1464 
-0.1468 
-0.1468 
-0.1468 
-0.1468 
-0.1468 
-0.1468 
-0.1468 
-0.1468 
-0.1468 
-0.1468 
-0.1468 
-0.1468 
-0.1468 
-0.1468 
-0.1468 
-0.1468 
-0.1468 
-0.1468 
-0.1468 
-0.1468 
-0.1468 
-0.1468 
-0.1468 
-0.1468 
-0.1468 
-0.1468 
-0.1468 
-0.1468 
-0.1468 
-0.1468 
-0.1468 
-0.1468 
-0.1468 
-0.1468 
-0.1468 
-0.1468 
-0.1468 
-0.1468 
-0.1468 
-0.1468 
-0.1468 
-0.1468 
-0.1468 
-0.1468 
-0.1468 
-0.1468 
-0.1468 
-0.1468 
-0.1468 
-0.1468 
-0.1468 
-0.1468 
-0.1468 
-0.1468 
-0.1468 
-0.1468 
-0.1468 
-0.1468 
-0.1468 
-0.1468 
-0.1468 
-0.1468 
-0.1468 
-0.1468 
-0.1468 
-0.1468 
-0.1468 
-0.1468 
-0.1468 
-0.1468 
-0.1468 
-0.1468 
-0.1468 
-0.1468 
-0.1468 
-0.1468 
-0.1468 
-0.1468 
-0.1468 
-0.1468 
-0.1468 
-0.1468 
-0.1468 
-0.1468 
-0.1468 
-0.1468 
-0.1468 
-0.1468 
-0.1468 
-0.1468 
-0.1468 
-0.1468 
-0.1468 
-0.1468 
-0.1468 
-0.1468 
-0.1468 
-0.1468 
-0.1468 
-0.1468 
-0.1468 
-0.1468 
-0.1468 
-0.1468 
-0.1468 
-0.1468 
-0.1468 
-0.1468 
-0.1468 
-0.1468 
-0.1472 
-0.1472 
-0.1472 
-0.1472 
-0.1472 
-0.1472 
-0.1472 
-0.1472 
-0.1472 
-0.1472 
-0.1472 
-0.1472 
-0.1472 
-0.1472 
-0.1472 
-0.1472 
-0.1472 
-0.1472 
-0.1472 
-0.1472 
-0.1472 
-0.1472 
-0.1472 
-0.1472 
-0.1472 
-0.1472 
-0.1472 
-0.1472 
-0.1472 
-0.1472 
-0.1472 
-0.1472 
-0.1472 
-0.1472 
-0.1472 
-0.1472 
-0.1472 
-0.1472 
-0.1472 
-0.1472 
-0.1472 
-0.1472 
-0.1472 
-0.1472 
-0.1472 
-0.1472 
-0.1472 
-0.1472 
-0.1472 
-0.1468 
-0.1468 
-0.1468 
-0.1468 
-0.1468 
-0.1468 
-0.1468 
-0.1468 
-0.1468 
-0.1468 
-0.1468 
-0.1468 
-0.1468 
-0.1468 
-0.1468 
-0.1468 
-0.1468 
-0.1468 
-0.1468 
-0.1468 
-0.1468 
-0.1468 
-0.1468 
-0.1468 
-0.1468 
-0.1468 
-0.1468 
-0.1468 
-0.1468 
-0.1468 
-0.1468 
-0.1468 
-0.1468 
-0.1468 
-0.1468 
-0.1468 
-0.1468 
-0.1468 
-0.1468 
-0.1468 
-0.1468 
-0.1468 
-0.1468 
-0.1468 
-0.1468 
-0.1468 
-0.1468 
-0.1468 
-0.1468 
-0.1468 
-0.1468 
-0.1468 
-0.1468 
-0.1468 
-0.1468 
-0.1468 
-0.1468 
-0.1468 
-0.1468 
-0.1468 
-0.1468 
-0.1468 
-0.1468 
-0.1468 
-0.1468 
-0.1468 
-0.1468 
-0.1468 
-0.1468 
-0.1468 
-0.1468 
-0.1468 
-0.1468 
-0.1468 
-0.1468 
-0.1468 
-0.1468 
-0.1468 
-0.1468 
-0.1468 
-0.1468 
-0.1468 
-0.1468 
-0.1468 
-0.1468 
-0.1468 
-0.1468 
-0.1468 
-0.1468 
-0.1468 
-0.1468 
-0.1468 
-0.1468 
-0.1468 
-0.1468 
-0.1468 
-0.1468 
-0.1468 
-0.1468 
-0.1468 
-0.1468 
-0.1468 
-0.1468 
-0.1468 
-0.1468 
-0.1468 
-0.1468 
-0.1468 
-0.1468 
-0.1468 
-0.1468 
-0.1468 
-0.1468 
-0.1468 
-0.1468 
-0.1468 
-0.1468 
-0.1468 
-0.1468 
-0.1468 
-0.1468 
-0.1468 
-0.1468 
-0.1468 
-0.1468 
-0.1468 
-0.1468 
-0.1468 
-0.1468 
-0.1468 
-0.1468 
-0.1468 
-0.1468 
-0.1468 
-0.1468 
-0.1468 
-0.1468 
-0.1468 
-0.1468 
-0.1468 
-0.1468 
-0.1468 
-0.1468 
-0.1468 
-0.1468 
-0.1468 
-0.1468 
-0.1468 
-0.1468 
-0.1468 
-0.1468 
-0.1468 
-0.1468 
-0.1468 
-0.1468 
-0.1468 
-0.1468 
-0.1468 
-0.1468 
-0.1468 
-0.1468 
-0.1464 
-0.1464 
-0.1464 
-0.1464 
-0.1464 
-0.1464 
-0.1464 
-0.1464 
-0.1464 
-0.1464 
-0.1464 
-0.1464 
-0.1464 
-0.1464 
-0.1464 
