0.01642685605951425 
0.01635879897792011 
0.016319362732655954 
0.016269685184415832 
0.01622998508933388 
0.01620578859543713 
0.01617614243260735 
0.01614133377388622 
0.016107328021742154 
0.016077763028481292 
0.01604812761664114 
0.01600282175117876 
0.01597279887809272 
0.015948115876177976 
0.015918223016404817 
0.01590278264958683 
0.015876934716751848 
0.015871747981870174 
0.01584116965378504 
0.015815738996328942 
0.015790895604746426 
0.015760469028553686 
0.01574967986976243 
0.015724093105804228 
0.015693537013688152 
0.015673468027210827 
0.015653356956257018 
0.015647760734367074 
0.015617055292211779 
0.015580985334695619 
0.015555116971594911 
0.015544827564177095 
0.015513555362972085 
0.015492534460184363 
0.015486768546084752 
0.015481393218958042 
0.015471468450021158 
0.015446183217869714 
0.015435431448456502 
0.015389294980602588 
0.01538497968799439 
0.01535878953563724 
0.015353048426941147 
0.015326787008371976 
0.015300083137029028 
0.0152737138902102 
0.015294650568090793 
0.015272406490137695 
0.015235461791491585 
0.015256450963444938 
0.015251439276343726 
0.015239987401569597 
0.015229485086502435 
0.015218470882450708 
0.015213467717782163 
0.015198423076095756 
0.015188363967195412 
0.01518238136788824 
0.01515762303265258 
0.015152557539900649 
0.01513223631853534 
0.015126751931594568 
0.015126751931594568 
0.015115764486125076 
0.015094986717450267 
0.015079276375211113 
0.015079276375211113 
0.015063154516899838 
0.01503084615049998 
0.01500911509716679 
0.014982656640262432 
0.01498777955535776 
0.01498777955535776 
0.014993750164651938 
0.014989009306822114 
0.014962489632410779 
0.014924824957097486 
0.014898912712006876 
0.014888169800213862 
0.014888169800213862 
0.014888505096214328 
0.014856230477479812 
0.014862378813635455 
0.014857135120877102 
0.014857135120877106 
0.014862654406262697 
0.014841108314408326 
0.014852143818317946 
0.014852385128321979 
0.014846629247071539 
0.014836098678561019 
0.014836098678561019 
0.014830824117357738 
0.014842039752001745 
0.014825957776818333 
0.014831048513169931 
0.014830824117357738 
0.014820031848818676 
0.014798423699840463 
0.014792646821985578 
0.014776004331347499 
0.014787105734388996 
0.014786828733707577 
0.014781826680082539 
0.014787105734388996 
0.0147707299751908 
0.01477570979682533 
0.014765171993580028 
0.014759607582859378 
0.014749049596499426 
0.014744021703727923 
0.014744490496453242 
0.01473895301573351 
0.01473363498937041 
0.014739170125892433 
0.0147285105832192 
0.014728310697428948 
0.014711899945282391 
0.014706567784496829 
0.01470102037274964 
0.014701420883710528 
0.014706767965804042 
0.014706767965804042 
0.014690341861236586 
0.01470159501550767 
0.014690707811402417 
0.014695884593994332 
0.014690533550555608 
0.014679638142679132 
0.014679638142679132 
0.014679969482257107 
0.014669066227950571 
0.014647235370540065 
0.014636447656449976 
0.014636307731118528 
0.014630913026875665 
0.014619973187389914 
0.014614427939539747 
0.014598200437040174 
0.014581687145183167 
0.014570833332380136 
0.014565282558192958 
0.014537853486674022 
0.014543295912550222 
0.014532290115463564 
0.014521390567022152 
0.014515931110335294 
0.014526949301212557 
0.014543647960535897 
0.014543647960535897 
0.01454917179773474 
0.014560112087480646 
0.014565678013741756 
0.014554715524530186 
0.014554724318928201 
0.014560217580791847 
0.014560217580791847 
0.014554724318928201 
0.014565704377063267 
0.014576684945487433 
0.014571184715046339 
0.014560164834231788 
0.014554689141304256 
0.014554715524530186 
0.014560217580791847 
0.014565713164826499 
0.014554689141304256 
0.01454920698869873 
0.014532721699667961 
0.014527213635105667 
0.014516195644865082 
0.014521699074144183 
0.014516142738344784 
0.014516178009379743 
0.014510650433388575 
0.014499646340514654 
0.014494134537805283 
0.014494134537805283 
0.014488616221019868 
0.014477560015416962 
0.014472039800940292 
0.01448309138271246 
0.014477560015416962 
0.014483073706917326 
0.014488607386495087 
0.014477560015416963 
0.014472039800940292 
0.014488616221019868 
0.014483091382712462 
0.014494134537805283 
0.014494134537805285 
0.014488607386495087 
0.014477533491586194 
0.014477560015416963 
0.014477560015416963 
0.014472039800940292 
0.014483091382712462 
0.014477568856683087 
0.0144665130560201 
0.014472039800940292 
0.014460979773168896 
0.014449911280004455 
0.014438834301978813 
0.014444376068214231 
0.014438834301978813 
0.014444376068214231 
0.014444376068214231 
0.014444376068214231 
0.0144443672066311 
0.014427748819549084 
0.014427748819549084 
0.014416654813097245 
0.014399991111108368 
0.014405534491993001 
0.014394441149277036 
0.01438887570312566 
0.01437219315205581 
0.014377760604489143 
0.01438887570312566 
0.01438887570312566 
0.014377724993892463 
0.014388849015817771 
0.014405534491993 
0.014394387795248533 
0.014394387795248533 
0.01440544563698048 
0.01441102688915679 
0.01441102688915679 
0.01441102688915679 
0.014416548269263347 
0.01440544563698048 
0.014399964444400549 
0.014399964444400549 
0.014405498950053759 
0.014399991111108368 
0.014399991111108368 
0.014394423364622844 
0.014383268057016806 
0.014383268057016806 
0.014372139715435555 
0.014377724993892463 
0.014366592358663206 
0.014366592358663206 
0.014377724993892463 
0.014372139715435555 
0.014366592358663206 
0.014361002750504575 
0.01435547783948692 
0.01435547783948692 
0.014361038402566856 
0.014349910661742809 
0.01435547783948692 
0.01435547783948692 
0.014361056228564803 
0.014372193152055813 
0.014366627996854377 
0.014372193152055813 
0.014372175339871136 
0.014361038402566856 
0.01435548675594109 
0.014366627996854377 
0.014366627996854377 
0.014377760604489143 
0.014372193152055813 
0.014383321452293277 
0.014394423364622844 
0.014394423364622844 
0.014394423364622844 
0.01438887570312566 
0.014377760604489143 
0.014377760604489143 
0.014372193152055813 
0.014372193152055813 
0.014366627996854377 
0.014372193152055813 
0.014372193152055813 
0.014377760604489143 
0.014383321452293277 
0.014388884598883957 
0.014394441149277036 
0.014394441149277036 
0.01440549895005376 
0.014405534491993001 
0.014405534491993001 
0.014411097945680613 
0.014416654813097243 
0.014416654813097243 
0.0144 
0.0144 
0.014405552262929736 
0.014394441149277036 
0.014394441149277036 
0.014394441149277036 
0.014399991111108368 
0.01438887570312566 
0.01438887570312566 
0.01438887570312566 
0.01438887570312566 
0.014399991111108368 
0.014399991111108368 
0.014394441149277036 
0.0144 
0.014411097945680613 
0.014416654813097245 
0.014416654813097245 
0.014427748819549084 
0.014427748819549084 
0.014422196226650088 
0.014422196226650088 
0.014416654813097245 
0.014416654813097245 
0.014416654813097245 
0.014411106827721456 
0.014411106827721456 
0.014411106827721456 
0.014399991111108368 
0.014394441149277036 
0.014399991111108368 
0.01439996444440055 
0.01439996444440055 
0.01439996444440055 
0.014405498950053759 
0.014411071299525237 
0.014411071299525237 
0.014411071299525237 
0.014411097945680613 
0.014416654813097245 
0.014411097945680613 
0.014411097945680613 
0.014405552262929732 
0.014405552262929732 
0.014405552262929732 
0.014416654813097245 
0.014422196226650086 
0.01442773107595231 
0.014438816572004787 
0.0144443672066311 
0.014433294842134974 
0.014433294842134974 
0.014433294842134974 
0.014433294842134974 
0.0144443672066311 
0.014449893563621845 
0.014449893563621845 
0.014444340621849098 
0.014438781111991412 
0.014438781111991412 
0.014444340621849098 
0.014444340621849098 
0.014449893563621845 
0.014438834301978813 
0.014438834301978813 
0.014438834301978813 
0.014444376068214231 
0.014444376068214231 
0.014449911280004455 
0.014449911280004455 
0.014444376068214231 
0.014449911280004455 
0.014444376068214231 
0.014438834301978813 
0.014444376068214231 
0.014438834301978813 
0.014438834301978813 
0.014438834301978813 
