0.3345970595698892 
0.3342733495126335 
0.3346908625909736 
0.335346226984931 
0.3353736028831426 
0.33614209433451475 
0.33602790700364954 
0.336097171077977 
0.3361599350938004 
0.3359653352615728 
0.33654600074897745 
0.33680822430476565 
0.33658556089059966 
0.33616621501805505 
0.3367615823937322 
0.33701947263762055 
0.33723227762970825 
0.3375350941289089 
0.3377574134379858 
0.3382722559293025 
0.33875306512273984 
0.3389386021940583 
0.3391827811786563 
0.33919955943247543 
0.3394662898714389 
0.3398776344626027 
0.340013782829905 
0.3404146841735278 
0.3406388253575426 
0.3410098325074694 
0.3414955187264771 
0.34186200590720184 
0.3427656578769037 
0.34280563933491875 
0.3427701591537306 
0.34262923602994716 
0.34322502018712137 
0.34413863957756535 
0.3443795751168976 
0.34594909911630517 
0.3466794639295946 
0.3479326138040622 
0.34768774776494227 
0.3484723318775636 
0.3489524186136115 
0.3486782753945886 
0.3482466399732956 
0.34897796549039223 
0.35031584050816206 
0.3500281520164332 
0.3502059623245286 
0.35056155791565835 
0.3515807472733602 
0.3517678073239707 
0.35169304727896 
0.3520366714869685 
0.3523045523173296 
0.35279321048846213 
0.3538248363649001 
0.354495210674875 
0.35485508753071165 
0.35469569393092204 
0.3550182222681101 
0.3557467055030268 
0.3562855787307904 
0.35686057887037825 
0.3569008419235816 
0.3570523292501317 
0.35793174380140663 
0.3584309246268785 
0.3594131295318797 
0.3594452681493455 
0.3594452681493455 
0.3592083056300231 
0.35982774750205254 
0.36060249091079283 
0.36113486933929073 
0.3616288651142812 
0.36187353768657965 
0.36200522469320723 
0.3618539182945264 
0.36289048177803185 
0.3632730593638653 
0.3632862260101562 
0.3636999883234267 
0.3634123211371399 
0.36394917348140043 
0.3642715601186685 
0.36419431261221336 
0.36445587054103856 
0.3649445672122779 
0.36463380135079587 
0.3640992843443433 
0.36353710459329897 
0.36399910191037055 
0.36405075959408184 
0.36377355341719214 
0.3639499711581299 
0.3647190215286488 
0.36487590617903165 
0.3659331220147867 
0.36572411074055033 
0.36559280893397034 
0.36560699449394174 
0.36560706909749036 
0.366327286570768 
0.36605170853116414 
0.3662764921699005 
0.366232382519313 
0.36676067432124415 
0.36700988892780706 
0.3672861862455148 
0.36692045407297763 
0.3670620068080931 
0.3669875883626761 
0.36751192178130093 
0.36757632887997826 
0.3680976757682495 
0.36817100296345046 
0.3684031562320446 
0.36856357212789237 
0.36862067059041737 
0.3682052974129528 
0.3688150108105739 
0.36878956022087445 
0.36922788445438043 
0.36898422466214115 
0.36910852990573073 
0.3694769226472255 
0.36966370388148023 
0.3697416825310043 
0.3699555446026135 
0.3704282016460272 
0.3707818626571706 
0.37072883755841657 
0.370880103275113 
0.37087071893311063 
0.370940796510504 
0.37148974476536495 
0.37190122014733434 
0.37218334781125234 
0.37205201858886994 
0.3730300735766656 
0.3727760021403829 
0.3734352551573808 
0.37410412923911507 
0.3742665760293074 
0.3736261266241973 
0.3727168061095147 
0.3727168061095147 
0.3724489401871833 
0.37183060704413606 
0.37208193191918715 
0.37236113791787695 
0.37206386725868135 
0.37175643156274907 
0.3717257437253459 
0.371701610610941 
0.3711188132371278 
0.37101713268554404 
0.37135433557465003 
0.3718054514334915 
0.3718108687773562 
0.3717901808793967 
0.3717495483307477 
0.3718552969464503 
0.372370730363939 
0.37261752910401985 
0.37321345904302694 
0.3731667396255344 
0.3735239938272028 
0.37348208785157516 
0.37378784486842315 
0.3737256428268465 
0.37393013518859336 
0.3740566008969008 
0.37423911129523824 
0.3744046030320872 
0.3742729156064787 
0.3749309269370923 
0.3750562630988254 
0.37471702581457556 
0.37503754274902185 
0.3745703866844828 
0.37447653040121776 
0.37488443888460615 
0.37508873453000274 
0.37464521106682835 
0.3747862488763418 
0.37467786111427065 
0.37457830643171675 
0.3747187315582994 
0.375088130292219 
0.3756871424232326 
0.3756871424232326 
0.3761457286638424 
0.3759318525977312 
0.375972490426294 
0.37637007923003657 
0.3761347027728123 
0.37648418770614334 
0.37703771789739965 
0.3772558929644007 
0.37674404403102535 
0.3768113765049846 
0.37646972575292476 
0.3766422838504859 
0.3766422838504859 
0.37651233654215277 
0.37725709791375084 
0.37725709791375084 
0.3772978678086417 
0.37786169560924165 
0.37753528109846357 
0.3780019262591881 
0.37825029808228944 
0.3788005157929845 
0.3786056952821114 
0.37814986627199854 
0.37814986627199854 
0.3783833536414085 
0.3780002734980565 
0.3775580115338707 
0.37785092668776826 
0.3774552417420857 
0.37723102024748456 
0.3774828277216248 
0.3774828277216248 
0.3774828277216248 
0.3772745757745593 
0.3776462104641006 
0.37798377851901166 
0.37798377851901166 
0.37787117227740247 
0.3783202207877554 
0.37816791883744444 
0.378344290733817 
0.3786458463919166 
0.3786458463919166 
0.37873041101266136 
0.3783808685260355 
0.37848123645400233 
0.37848123645400233 
0.3783031593334684 
0.37843537444896913 
0.3784393185829351 
0.3786169192757297 
0.37879627716442094 
0.37879627716442094 
0.37880720187700095 
0.379213483568614 
0.37910366039186827 
0.37910366039186827 
0.3789289317313606 
0.3786515454073547 
0.37877772509874824 
0.3786586321810103 
0.37848470008797636 
0.37916560757764656 
0.3791749026356245 
0.3793368858007661 
0.3793368858007661 
0.3791259209728432 
0.3792756789831497 
0.37916804745054006 
0.37911649181948476 
0.37911649181948476 
0.37911649181948476 
0.3792487746103579 
0.3794944292884534 
0.3797088518329424 
0.3799670234643191 
0.3799670234643191 
0.38018857715719956 
0.38008437933332095 
0.38024210217359417 
0.38027265056645376 
0.38017171178161746 
0.3801430314124232 
0.38020604998699353 
0.3804988306725429 
0.3804193969412378 
0.3802889922286231 
0.3802889922286231 
0.38000218334872604 
0.37991068042697673 
0.37991068042697673 
0.3803653981149433 
0.3803653981149433 
0.38033959711501925 
0.38054522264317997 
0.38054522264317997 
0.3808901828293426 
0.38057018704063805 
0.3810650725249488 
0.38132047094053667 
0.38132047094053667 
0.38132047094053667 
0.3809507353342907 
0.3809507353342907 
0.3811432047847842 
0.38088040779633203 
0.3804912477339626 
0.3803730700780711 
0.38029510490570007 
0.3797676782461914 
0.3797676782461914 
0.37997607733534333 
0.37997607733534333 
0.38003544046695925 
0.38003544046695925 
0.38003544046695925 
0.38024975356434393 
0.38024975356434393 
0.38024975356434393 
0.3808741805472035 
0.38107574079213147 
0.3810087358593795 
0.38100240280140135 
0.38100240280140135 
0.38100240280140135 
0.3810800629741846 
0.3808901194090049 
0.3808901194090049 
0.3808901194090049 
0.38088069514790257 
0.3804367622965076 
0.3805212720968286 
0.3805212720968286 
0.38063366993215936 
0.38063366993215936 
0.38063366993215936 
0.3805805965577998 
0.3802735570752506 
0.38040002111515164 
0.3800279617846475 
0.3798070994138516 
0.3799530167993462 
0.3799530167993462 
0.3799530167993462 
0.3799530167993462 
0.3795103884867724 
0.37939109695044665 
0.37939109695044665 
0.37971191690732625 
0.37984736492407917 
0.37984736492407917 
0.3797693379063979 
0.3799020867535327 
0.37980038701911856 
0.3801031172910666 
0.3801031172910666 
0.3801031172910666 
0.3799330408913154 
0.3799330408913154 
0.37999195676188285 
0.37999195676188285 
0.380186742187615 
0.3802880053967802 
0.3805563047134172 
0.3807141681335283 
0.38066887923734105 
0.38063428821022377 
0.38063428821022377 
0.38063428821022377 
